
SUMMARISING RUN PARAMETERS
==========================
Input filename: Kiley_A_DZM0422_Aerobic_C_2.fastq.gz
Trimming mode: paired-end
Trim Galore version: 0.6.10
Cutadapt version: 4.4
Python version: could not detect
Number of cores used for trimming: 4
Quality Phred score cutoff: 20
Quality encoding type selected: ASCII+33
Using Illumina adapter for trimming (count: 306717). Second best hit was Nextera (count: 1)
Adapter sequence: 'AGATCGGAAGAGC' (Illumina TruSeq, Sanger iPCR; auto-detected)
Maximum trimming error rate: 0.1 (default)
Minimum required adapter overlap (stringency): 1 bp
Minimum required sequence length for both reads before a sequence pair gets removed: 20 bp
Running FastQC on the data once trimming has completed
Output file will be GZIP compressed


This is cutadapt 4.4 with Python 3.7.16
Command line parameters: -j 4 -e 0.1 -q 20 -O 1 -a AGATCGGAAGAGC Kiley_A_DZM0422_Aerobic_C_2.fastq.gz
Processing single-end reads on 4 cores ...
Finished in 303.356 s (8.664 µs/read; 6.93 M reads/minute).

=== Summary ===

Total reads processed:              35,013,714
Reads with adapters:                19,764,031 (56.4%)
Reads written (passing filters):    35,013,714 (100.0%)

Total basepairs processed: 5,252,057,100 bp
Quality-trimmed:               5,717,491 bp (0.1%)
Total written (filtered):  4,778,784,596 bp (91.0%)

=== Adapter 1 ===

Sequence: AGATCGGAAGAGC; Type: regular 3'; Length: 13; Trimmed: 19764031 times

Minimum overlap: 1
No. of allowed errors:
1-9 bp: 0; 10-13 bp: 1

Bases preceding removed adapters:
  A: 21.3%
  C: 35.9%
  G: 31.4%
  T: 11.4%
  none/other: 0.0%

Overview of removed sequences
length	count	expect	max.err	error counts
1	5241904	8753428.5	0	5241904
2	1250355	2188357.1	0	1250355
3	548651	547089.3	0	548651
4	300122	136772.3	0	300122
5	230666	34193.1	0	230666
6	210829	8548.3	0	210829
7	204388	2137.1	0	204388
8	220427	534.3	0	220427
9	188792	133.6	0	186456 2336
10	207209	33.4	1	202188 5021
11	215008	8.3	1	209040 5968
12	214680	2.1	1	209160 5520
13	207896	0.5	1	202648 5248
14	215857	0.5	1	209644 6213
15	209708	0.5	1	204116 5592
16	217556	0.5	1	212012 5544
17	238932	0.5	1	232854 6078
18	186342	0.5	1	181960 4382
19	238781	0.5	1	232842 5939
20	197856	0.5	1	193411 4445
21	202013	0.5	1	197171 4842
22	210756	0.5	1	206212 4544
23	213183	0.5	1	208676 4507
24	229716	0.5	1	224247 5469
25	232902	0.5	1	227873 5029
26	187413	0.5	1	183135 4278
27	199499	0.5	1	194650 4849
28	203497	0.5	1	199663 3834
29	207137	0.5	1	202406 4731
30	209315	0.5	1	204914 4401
31	206487	0.5	1	202084 4403
32	203303	0.5	1	199288 4015
33	204660	0.5	1	200540 4120
34	207524	0.5	1	202793 4731
35	190845	0.5	1	187195 3650
36	190373	0.5	1	186194 4179
37	200431	0.5	1	196241 4190
38	187728	0.5	1	184105 3623
39	189914	0.5	1	186086 3828
40	183842	0.5	1	180274 3568
41	179262	0.5	1	176045 3217
42	180845	0.5	1	177607 3238
43	176730	0.5	1	173481 3249
44	173413	0.5	1	170373 3040
45	191439	0.5	1	188041 3398
46	153805	0.5	1	150942 2863
47	165608	0.5	1	162926 2682
48	180774	0.5	1	177665 3109
49	160488	0.5	1	157878 2610
50	153241	0.5	1	150777 2464
51	184115	0.5	1	181017 3098
52	125470	0.5	1	123319 2151
53	123784	0.5	1	121730 2054
54	128196	0.5	1	126246 1950
55	125849	0.5	1	123942 1907
56	133657	0.5	1	131441 2216
57	108250	0.5	1	106522 1728
58	130057	0.5	1	128076 1981
59	117254	0.5	1	115330 1924
60	110562	0.5	1	108745 1817
61	129933	0.5	1	127895 2038
62	135507	0.5	1	133369 2138
63	229825	0.5	1	227205 2620
64	130830	0.5	1	129075 1755
65	38226	0.5	1	37254 972
66	52218	0.5	1	51446 772
67	72755	0.5	1	71759 996
68	66491	0.5	1	65502 989
69	90537	0.5	1	89313 1224
70	84290	0.5	1	83126 1164
71	82537	0.5	1	81406 1131
72	68329	0.5	1	67413 916
73	69988	0.5	1	68994 994
74	55043	0.5	1	54322 721
75	50827	0.5	1	50142 685
76	49631	0.5	1	48974 657
77	48810	0.5	1	48163 647
78	48050	0.5	1	47430 620
79	48078	0.5	1	47440 638
80	39660	0.5	1	39112 548
81	26799	0.5	1	26433 366
82	22939	0.5	1	22619 320
83	20747	0.5	1	20495 252
84	18953	0.5	1	18704 249
85	18121	0.5	1	17895 226
86	18504	0.5	1	18242 262
87	16352	0.5	1	16146 206
88	20750	0.5	1	20518 232
89	14158	0.5	1	13995 163
90	13158	0.5	1	12984 174
91	10730	0.5	1	10593 137
92	9378	0.5	1	9263 115
93	8799	0.5	1	8660 139
94	8284	0.5	1	8174 110
95	10400	0.5	1	10266 134
96	9422	0.5	1	9320 102
97	15811	0.5	1	15615 196
98	9168	0.5	1	9057 111
99	15001	0.5	1	14828 173
100	14927	0.5	1	14756 171
101	5328	0.5	1	5268 60
102	4195	0.5	1	4156 39
103	3442	0.5	1	3402 40
104	4209	0.5	1	4167 42
105	3980	0.5	1	3924 56
106	4493	0.5	1	4421 72
107	3543	0.5	1	3503 40
108	2626	0.5	1	2578 48
109	2289	0.5	1	2260 29
110	1872	0.5	1	1853 19
111	1901	0.5	1	1874 27
112	1391	0.5	1	1358 33
113	1603	0.5	1	1574 29
114	1464	0.5	1	1438 26
115	1330	0.5	1	1307 23
116	1222	0.5	1	1203 19
117	994	0.5	1	974 20
118	1048	0.5	1	1027 21
119	653	0.5	1	645 8
120	480	0.5	1	472 8
121	413	0.5	1	401 12
122	262	0.5	1	256 6
123	148	0.5	1	145 3
124	135	0.5	1	131 4
125	96	0.5	1	92 4
126	134	0.5	1	127 7
127	135	0.5	1	129 6
128	175	0.5	1	173 2
129	156	0.5	1	150 6
130	180	0.5	1	175 5
131	270	0.5	1	265 5
132	971	0.5	1	947 24
133	572	0.5	1	564 8
134	297	0.5	1	289 8
135	245	0.5	1	239 6
136	304	0.5	1	287 17
137	337	0.5	1	331 6
138	331	0.5	1	327 4
139	310	0.5	1	309 1
140	399	0.5	1	397 2
141	514	0.5	1	506 8
142	303	0.5	1	298 5
143	382	0.5	1	372 10
144	481	0.5	1	472 9
145	451	0.5	1	446 5
146	729	0.5	1	720 9
147	1026	0.5	1	996 30
148	334	0.5	1	323 11
149	103	0.5	1	96 7
150	2513	0.5	1	2248 265

RUN STATISTICS FOR INPUT FILE: Kiley_A_DZM0422_Aerobic_C_2.fastq.gz
=============================================
35013714 sequences processed in total

Total number of sequences analysed for the sequence pair length validation: 35013714

Number of sequence pairs removed because at least one read was shorter than the length cutoff (20 bp): 48695 (0.14%)
