
SUMMARISING RUN PARAMETERS
==========================
Input filename: Kiley_A_WT_Aerobic_C_2.fastq.gz
Trimming mode: paired-end
Trim Galore version: 0.6.10
Cutadapt version: 4.4
Python version: could not detect
Number of cores used for trimming: 4
Quality Phred score cutoff: 20
Quality encoding type selected: ASCII+33
Using Illumina adapter for trimming (count: 314942). Second best hit was smallRNA (count: 0)
Adapter sequence: 'AGATCGGAAGAGC' (Illumina TruSeq, Sanger iPCR; auto-detected)
Maximum trimming error rate: 0.1 (default)
Minimum required adapter overlap (stringency): 1 bp
Minimum required sequence length for both reads before a sequence pair gets removed: 20 bp
Running FastQC on the data once trimming has completed
Output file will be GZIP compressed


This is cutadapt 4.4 with Python 3.7.16
Command line parameters: -j 4 -e 0.1 -q 20 -O 1 -a AGATCGGAAGAGC Kiley_A_WT_Aerobic_C_2.fastq.gz
Processing single-end reads on 4 cores ...
Finished in 278.928 s (8.601 µs/read; 6.98 M reads/minute).

=== Summary ===

Total reads processed:              32,429,765
Reads with adapters:                18,537,310 (57.2%)
Reads written (passing filters):    32,429,765 (100.0%)

Total basepairs processed: 4,864,464,750 bp
Quality-trimmed:               5,698,761 bp (0.1%)
Total written (filtered):  4,410,400,575 bp (90.7%)

=== Adapter 1 ===

Sequence: AGATCGGAAGAGC; Type: regular 3'; Length: 13; Trimmed: 18537310 times

Minimum overlap: 1
No. of allowed errors:
1-9 bp: 0; 10-13 bp: 1

Bases preceding removed adapters:
  A: 20.8%
  C: 36.5%
  G: 31.4%
  T: 11.3%
  none/other: 0.0%

Overview of removed sequences
length	count	expect	max.err	error counts
1	4784783	8107441.2	0	4784783
2	1131393	2026860.3	0	1131393
3	502674	506715.1	0	502674
4	277937	126678.8	0	277937
5	214280	31669.7	0	214280
6	197971	7917.4	0	197971
7	190897	1979.4	0	190897
8	205360	494.8	0	205360
9	175410	123.7	0	173876 1534
10	193845	30.9	1	189153 4692
11	199337	7.7	1	193573 5764
12	201967	1.9	1	196643 5324
13	195604	0.5	1	190543 5061
14	202490	0.5	1	196593 5897
15	195685	0.5	1	190568 5117
16	201480	0.5	1	196194 5286
17	223651	0.5	1	217948 5703
18	173533	0.5	1	169233 4300
19	222987	0.5	1	217468 5519
20	184422	0.5	1	180127 4295
21	188838	0.5	1	184346 4492
22	196722	0.5	1	192528 4194
23	198323	0.5	1	194002 4321
24	215147	0.5	1	209954 5193
25	218668	0.5	1	213913 4755
26	173832	0.5	1	169774 4058
27	185817	0.5	1	181253 4564
28	191631	0.5	1	187946 3685
29	194625	0.5	1	190159 4466
30	199449	0.5	1	195282 4167
31	194624	0.5	1	190362 4262
32	194178	0.5	1	190149 4029
33	195323	0.5	1	191183 4140
34	199222	0.5	1	194408 4814
35	180813	0.5	1	177225 3588
36	181906	0.5	1	177904 4002
37	190430	0.5	1	186118 4312
38	178215	0.5	1	174760 3455
39	183057	0.5	1	179248 3809
40	176929	0.5	1	173492 3437
41	172200	0.5	1	169158 3042
42	173875	0.5	1	170686 3189
43	168600	0.5	1	165306 3294
44	167771	0.5	1	164681 3090
45	183332	0.5	1	180030 3302
46	150420	0.5	1	147546 2874
47	161057	0.5	1	158480 2577
48	175123	0.5	1	172195 2928
49	153233	0.5	1	150698 2535
50	148318	0.5	1	145815 2503
51	180554	0.5	1	177587 2967
52	121492	0.5	1	119414 2078
53	120249	0.5	1	118219 2030
54	123717	0.5	1	121706 2011
55	122634	0.5	1	120756 1878
56	131107	0.5	1	128860 2247
57	107581	0.5	1	105814 1767
58	133655	0.5	1	131447 2208
59	116382	0.5	1	114538 1844
60	112328	0.5	1	110450 1878
61	131281	0.5	1	129160 2121
62	136112	0.5	1	133873 2239
63	231652	0.5	1	229161 2491
64	130422	0.5	1	128667 1755
65	38790	0.5	1	37847 943
66	52170	0.5	1	51371 799
67	77337	0.5	1	76243 1094
68	65524	0.5	1	64543 981
69	95345	0.5	1	94001 1344
70	84679	0.5	1	83459 1220
71	82431	0.5	1	81297 1134
72	68188	0.5	1	67320 868
73	67595	0.5	1	66725 870
74	52865	0.5	1	52132 733
75	48669	0.5	1	47983 686
76	47787	0.5	1	47160 627
77	46501	0.5	1	45909 592
78	44680	0.5	1	44162 518
79	44898	0.5	1	44292 606
80	36552	0.5	1	36087 465
81	24153	0.5	1	23831 322
82	21050	0.5	1	20785 265
83	19306	0.5	1	19079 227
84	17657	0.5	1	17436 221
85	16546	0.5	1	16321 225
86	16822	0.5	1	16589 233
87	14750	0.5	1	14569 181
88	18650	0.5	1	18438 212
89	12543	0.5	1	12370 173
90	11479	0.5	1	11325 154
91	9420	0.5	1	9290 130
92	8005	0.5	1	7922 83
93	7453	0.5	1	7365 88
94	7027	0.5	1	6933 94
95	8819	0.5	1	8719 100
96	7543	0.5	1	7440 103
97	12676	0.5	1	12555 121
98	7830	0.5	1	7723 107
99	13050	0.5	1	12916 134
100	12419	0.5	1	12288 131
101	4694	0.5	1	4640 54
102	3440	0.5	1	3399 41
103	2915	0.5	1	2878 37
104	3273	0.5	1	3248 25
105	2991	0.5	1	2948 43
106	3389	0.5	1	3345 44
107	2675	0.5	1	2639 36
108	2180	0.5	1	2154 26
109	1888	0.5	1	1869 19
110	1498	0.5	1	1485 13
111	1632	0.5	1	1609 23
112	1129	0.5	1	1106 23
113	1371	0.5	1	1360 11
114	1191	0.5	1	1176 15
115	1053	0.5	1	1039 14
116	899	0.5	1	892 7
117	870	0.5	1	864 6
118	840	0.5	1	826 14
119	504	0.5	1	489 15
120	334	0.5	1	329 5
121	362	0.5	1	358 4
122	189	0.5	1	186 3
123	123	0.5	1	116 7
124	109	0.5	1	104 5
125	81	0.5	1	79 2
126	104	0.5	1	99 5
127	102	0.5	1	102
128	117	0.5	1	114 3
129	152	0.5	1	148 4
130	137	0.5	1	135 2
131	221	0.5	1	219 2
132	846	0.5	1	828 18
133	531	0.5	1	517 14
134	242	0.5	1	235 7
135	194	0.5	1	185 9
136	231	0.5	1	230 1
137	235	0.5	1	233 2
138	269	0.5	1	266 3
139	283	0.5	1	281 2
140	346	0.5	1	340 6
141	480	0.5	1	465 15
142	233	0.5	1	226 7
143	309	0.5	1	292 17
144	391	0.5	1	386 5
145	455	0.5	1	447 8
146	615	0.5	1	604 11
147	823	0.5	1	808 15
148	266	0.5	1	258 8
149	69	0.5	1	62 7
150	2270	0.5	1	2013 257

RUN STATISTICS FOR INPUT FILE: Kiley_A_WT_Aerobic_C_2.fastq.gz
=============================================
32429765 sequences processed in total

Total number of sequences analysed for the sequence pair length validation: 32429765

Number of sequence pairs removed because at least one read was shorter than the length cutoff (20 bp): 39208 (0.12%)
