
SUMMARISING RUN PARAMETERS
==========================
Input filename: Kiley_A_WT_Anaerobic_A_1.fastq.gz
Trimming mode: paired-end
Trim Galore version: 0.6.10
Cutadapt version: 4.4
Python version: could not detect
Number of cores used for trimming: 4
Quality Phred score cutoff: 20
Quality encoding type selected: ASCII+33
Using Illumina adapter for trimming (count: 370454). Second best hit was smallRNA (count: 1)
Adapter sequence: 'AGATCGGAAGAGC' (Illumina TruSeq, Sanger iPCR; auto-detected)
Maximum trimming error rate: 0.1 (default)
Minimum required adapter overlap (stringency): 1 bp
Minimum required sequence length for both reads before a sequence pair gets removed: 20 bp
Running FastQC on the data once trimming has completed
Output file will be GZIP compressed


This is cutadapt 4.4 with Python 3.7.16
Command line parameters: -j 4 -e 0.1 -q 20 -O 1 -a AGATCGGAAGAGC Kiley_A_WT_Anaerobic_A_1.fastq.gz
Processing single-end reads on 4 cores ...
Finished in 241.385 s (7.974 µs/read; 7.52 M reads/minute).

=== Summary ===

Total reads processed:              30,272,223
Reads with adapters:                19,015,924 (62.8%)
Reads written (passing filters):    30,272,223 (100.0%)

Total basepairs processed: 4,540,833,450 bp
Quality-trimmed:              14,357,326 bp (0.3%)
Total written (filtered):  4,021,209,103 bp (88.6%)

=== Adapter 1 ===

Sequence: AGATCGGAAGAGC; Type: regular 3'; Length: 13; Trimmed: 19015924 times

Minimum overlap: 1
No. of allowed errors:
1-9 bp: 0; 10-13 bp: 1

Bases preceding removed adapters:
  A: 20.0%
  C: 31.9%
  G: 33.0%
  T: 15.0%
  none/other: 0.2%

Overview of removed sequences
length	count	expect	max.err	error counts
1	4236715	7568055.8	0	4236715
2	1149853	1892013.9	0	1149853
3	470180	473003.5	0	470180
4	247847	118250.9	0	247847
5	205905	29562.7	0	205905
6	184670	7390.7	0	184670
7	179250	1847.7	0	179250
8	188495	461.9	0	188495
9	184172	115.5	0	183757 415
10	183423	28.9	1	180507 2916
11	197103	7.2	1	191775 5328
12	191007	1.8	1	187599 3408
13	191652	0.5	1	188104 3548
14	194645	0.5	1	189929 4716
15	196029	0.5	1	192283 3746
16	205476	0.5	1	199634 5842
17	206627	0.5	1	201368 5259
18	193695	0.5	1	190387 3308
19	191262	0.5	1	187459 3803
20	202094	0.5	1	198046 4048
21	199216	0.5	1	195093 4123
22	197797	0.5	1	194515 3282
23	205577	0.5	1	201254 4323
24	214131	0.5	1	208179 5952
25	198915	0.5	1	195010 3905
26	201438	0.5	1	197816 3622
27	200867	0.5	1	196998 3869
28	195124	0.5	1	191614 3510
29	210707	0.5	1	204946 5761
30	203628	0.5	1	200389 3239
31	204267	0.5	1	200363 3904
32	204141	0.5	1	200622 3519
33	205417	0.5	1	200742 4675
34	200625	0.5	1	197179 3446
35	209884	0.5	1	204188 5696
36	192131	0.5	1	189186 2945
37	198053	0.5	1	194080 3973
38	203558	0.5	1	200390 3168
39	196692	0.5	1	192012 4680
40	196618	0.5	1	192914 3704
41	203047	0.5	1	199251 3796
42	200120	0.5	1	195874 4246
43	212742	0.5	1	203412 9330
44	196862	0.5	1	191879 4983
45	334312	0.5	1	328735 5577
46	73630	0.5	1	71118 2512
47	197999	0.5	1	193208 4791
48	608661	0.5	1	601354 7307
49	202202	0.5	1	198325 3877
50	65723	0.5	1	62711 3012
51	326517	0.5	1	321812 4705
52	147063	0.5	1	144583 2480
53	65361	0.5	1	63672 1689
54	230068	0.5	1	226571 3497
55	343004	0.5	1	339962 3042
56	134797	0.5	1	132761 2036
57	140461	0.5	1	138801 1660
58	73044	0.5	1	71501 1543
59	205639	0.5	1	203407 2232
60	35594	0.5	1	34756 838
61	41761	0.5	1	40717 1044
62	156608	0.5	1	155103 1505
63	64325	0.5	1	63491 834
64	28995	0.5	1	28351 644
65	86573	0.5	1	84952 1621
66	200385	0.5	1	198655 1730
67	19822	0.5	1	18952 870
68	71574	0.5	1	70344 1230
69	96652	0.5	1	94959 1693
70	102666	0.5	1	101026 1640
71	4145	0.5	1	3682 463
72	3316	0.5	1	3089 227
73	23274	0.5	1	22825 449
74	46433	0.5	1	45817 616
75	59513	0.5	1	58605 908
76	63301	0.5	1	62362 939
77	61086	0.5	1	60167 919
78	54975	0.5	1	54189 786
79	60812	0.5	1	59943 869
80	49196	0.5	1	48498 698
81	33202	0.5	1	32679 523
82	31712	0.5	1	31202 510
83	27458	0.5	1	27018 440
84	25627	0.5	1	25265 362
85	24043	0.5	1	23682 361
86	21925	0.5	1	21561 364
87	18193	0.5	1	17925 268
88	22261	0.5	1	21907 354
89	18275	0.5	1	17932 343
90	16964	0.5	1	16577 387
91	15297	0.5	1	15049 248
92	13300	0.5	1	13050 250
93	11649	0.5	1	11478 171
94	11401	0.5	1	11217 184
95	12835	0.5	1	12611 224
96	10330	0.5	1	10181 149
97	16862	0.5	1	16614 248
98	11390	0.5	1	11218 172
99	17860	0.5	1	17613 247
100	16481	0.5	1	16277 204
101	6885	0.5	1	6778 107
102	5755	0.5	1	5667 88
103	4844	0.5	1	4781 63
104	5316	0.5	1	5226 90
105	4972	0.5	1	4889 83
106	5085	0.5	1	5008 77
107	4363	0.5	1	4296 67
108	3552	0.5	1	3501 51
109	2926	0.5	1	2879 47
110	2556	0.5	1	2527 29
111	2726	0.5	1	2692 34
112	1924	0.5	1	1904 20
113	2264	0.5	1	2233 31
114	1847	0.5	1	1818 29
115	1939	0.5	1	1911 28
116	1723	0.5	1	1648 75
117	1578	0.5	1	1555 23
118	1559	0.5	1	1501 58
119	995	0.5	1	949 46
120	630	0.5	1	617 13
121	714	0.5	1	700 14
122	460	0.5	1	393 67
123	253	0.5	1	226 27
124	210	0.5	1	188 22
125	141	0.5	1	122 19
126	151	0.5	1	130 21
127	188	0.5	1	170 18
128	208	0.5	1	173 35
129	213	0.5	1	169 44
130	173	0.5	1	164 9
131	322	0.5	1	304 18
132	1078	0.5	1	1034 44
133	670	0.5	1	627 43
134	416	0.5	1	392 24
135	360	0.5	1	347 13
136	476	0.5	1	433 43
137	526	0.5	1	444 82
138	524	0.5	1	431 93
139	442	0.5	1	400 42
140	604	0.5	1	549 55
141	932	0.5	1	679 253
142	407	0.5	1	370 37
143	544	0.5	1	503 41
144	628	0.5	1	595 33
145	686	0.5	1	640 46
146	1228	0.5	1	1001 227
147	1423	0.5	1	1326 97
148	457	0.5	1	401 56
149	308	0.5	1	87 221
150	29534	0.5	1	2340 27194

RUN STATISTICS FOR INPUT FILE: Kiley_A_WT_Anaerobic_A_1.fastq.gz
=============================================
30272223 sequences processed in total

