
SUMMARISING RUN PARAMETERS
==========================
Input filename: Kiley_A_WT_Anaerobic_A_2.fastq.gz
Trimming mode: paired-end
Trim Galore version: 0.6.10
Cutadapt version: 4.4
Python version: could not detect
Number of cores used for trimming: 4
Quality Phred score cutoff: 20
Quality encoding type selected: ASCII+33
Using Illumina adapter for trimming (count: 370454). Second best hit was smallRNA (count: 1)
Adapter sequence: 'AGATCGGAAGAGC' (Illumina TruSeq, Sanger iPCR; auto-detected)
Maximum trimming error rate: 0.1 (default)
Minimum required adapter overlap (stringency): 1 bp
Minimum required sequence length for both reads before a sequence pair gets removed: 20 bp
Running FastQC on the data once trimming has completed
Output file will be GZIP compressed


This is cutadapt 4.4 with Python 3.7.16
Command line parameters: -j 4 -e 0.1 -q 20 -O 1 -a AGATCGGAAGAGC Kiley_A_WT_Anaerobic_A_2.fastq.gz
Processing single-end reads on 4 cores ...
Finished in 249.267 s (8.234 µs/read; 7.29 M reads/minute).

=== Summary ===

Total reads processed:              30,272,223
Reads with adapters:                18,699,940 (61.8%)
Reads written (passing filters):    30,272,223 (100.0%)

Total basepairs processed: 4,540,833,450 bp
Quality-trimmed:               6,540,000 bp (0.1%)
Total written (filtered):  4,023,919,289 bp (88.6%)

=== Adapter 1 ===

Sequence: AGATCGGAAGAGC; Type: regular 3'; Length: 13; Trimmed: 18699940 times

Minimum overlap: 1
No. of allowed errors:
1-9 bp: 0; 10-13 bp: 1

Bases preceding removed adapters:
  A: 20.2%
  C: 36.5%
  G: 32.3%
  T: 11.0%
  none/other: 0.0%

Overview of removed sequences
length	count	expect	max.err	error counts
1	4087653	7568055.8	0	4087653
2	964497	1892013.9	0	964497
3	463829	473003.5	0	463829
4	255298	118250.9	0	255298
5	204367	29562.7	0	204367
6	190210	7390.7	0	190210
7	184599	1847.7	0	184599
8	198995	461.9	0	198995
9	173255	115.5	0	172110 1145
10	187829	28.9	1	183603 4226
11	194874	7.2	1	189381 5493
12	196605	1.8	1	191393 5212
13	191770	0.5	1	186726 5044
14	199726	0.5	1	193688 6038
15	193577	0.5	1	188481 5096
16	203480	0.5	1	198286 5194
17	223304	0.5	1	217240 6064
18	173235	0.5	1	168970 4265
19	225068	0.5	1	219259 5809
20	185833	0.5	1	181179 4654
21	190834	0.5	1	186121 4713
22	200469	0.5	1	195967 4502
23	203951	0.5	1	199214 4737
24	222799	0.5	1	216984 5815
25	223103	0.5	1	218095 5008
26	180546	0.5	1	175766 4780
27	195084	0.5	1	189467 5617
28	197790	0.5	1	193864 3926
29	204628	0.5	1	199754 4874
30	207053	0.5	1	202665 4388
31	206402	0.5	1	201574 4828
32	205040	0.5	1	200697 4343
33	205764	0.5	1	200926 4838
34	215332	0.5	1	209548 5784
35	192460	0.5	1	188680 3780
36	196677	0.5	1	191890 4787
37	206464	0.5	1	201543 4921
38	194789	0.5	1	190971 3818
39	201060	0.5	1	196869 4191
40	196017	0.5	1	192004 4013
41	192784	0.5	1	189062 3722
42	198097	0.5	1	194045 4052
43	193892	0.5	1	189930 3962
44	193040	0.5	1	189090 3950
45	214119	0.5	1	209553 4566
46	174710	0.5	1	171092 3618
47	185973	0.5	1	182836 3137
48	204909	0.5	1	201154 3755
49	182056	0.5	1	178909 3147
50	176856	0.5	1	173693 3163
51	219783	0.5	1	215558 4225
52	147503	0.5	1	144867 2636
53	146557	0.5	1	143855 2702
54	151718	0.5	1	149099 2619
55	151543	0.5	1	149221 2322
56	162335	0.5	1	159243 3092
57	132364	0.5	1	130111 2253
58	158588	0.5	1	155937 2651
59	145322	0.5	1	142866 2456
60	138990	0.5	1	136472 2518
61	165425	0.5	1	162557 2868
62	170943	0.5	1	167777 3166
63	276027	0.5	1	272586 3441
64	155343	0.5	1	152864 2479
65	47838	0.5	1	46619 1219
66	64673	0.5	1	63594 1079
67	84471	0.5	1	83157 1314
68	76433	0.5	1	75237 1196
69	99165	0.5	1	97738 1427
70	91595	0.5	1	90174 1421
71	91488	0.5	1	90119 1369
72	76536	0.5	1	75363 1173
73	76151	0.5	1	74952 1199
74	60662	0.5	1	59727 935
75	56717	0.5	1	55851 866
76	54756	0.5	1	53868 888
77	54756	0.5	1	53947 809
78	53170	0.5	1	52427 743
79	53886	0.5	1	53101 785
80	45301	0.5	1	44665 636
81	31038	0.5	1	30584 454
82	26844	0.5	1	26451 393
83	24956	0.5	1	24602 354
84	23138	0.5	1	22789 349
85	21548	0.5	1	21244 304
86	21620	0.5	1	21315 305
87	19749	0.5	1	19450 299
88	23413	0.5	1	23092 321
89	17043	0.5	1	16814 229
90	14755	0.5	1	14558 197
91	13093	0.5	1	12935 158
92	11319	0.5	1	11172 147
93	10875	0.5	1	10752 123
94	10711	0.5	1	10581 130
95	12267	0.5	1	12109 158
96	10267	0.5	1	10129 138
97	15002	0.5	1	14815 187
98	10782	0.5	1	10625 157
99	17272	0.5	1	17077 195
100	15962	0.5	1	15789 173
101	6950	0.5	1	6851 99
102	5477	0.5	1	5400 77
103	4714	0.5	1	4666 48
104	5277	0.5	1	5216 61
105	4793	0.5	1	4730 63
106	5054	0.5	1	4993 61
107	4137	0.5	1	4082 55
108	3507	0.5	1	3468 39
109	2848	0.5	1	2813 35
110	2398	0.5	1	2368 30
111	2533	0.5	1	2506 27
112	1880	0.5	1	1855 25
113	2354	0.5	1	2313 41
114	1874	0.5	1	1851 23
115	1912	0.5	1	1892 20
116	1708	0.5	1	1696 12
117	1441	0.5	1	1418 23
118	1374	0.5	1	1361 13
119	885	0.5	1	875 10
120	610	0.5	1	603 7
121	681	0.5	1	674 7
122	375	0.5	1	369 6
123	233	0.5	1	226 7
124	186	0.5	1	179 7
125	128	0.5	1	126 2
126	133	0.5	1	126 7
127	180	0.5	1	170 10
128	183	0.5	1	176 7
129	179	0.5	1	174 5
130	171	0.5	1	162 9
131	316	0.5	1	311 5
132	1040	0.5	1	1018 22
133	640	0.5	1	625 15
134	396	0.5	1	388 8
135	364	0.5	1	361 3
136	429	0.5	1	421 8
137	455	0.5	1	444 11
138	436	0.5	1	429 7
139	407	0.5	1	401 6
140	545	0.5	1	538 7
141	691	0.5	1	682 9
142	385	0.5	1	379 6
143	520	0.5	1	511 9
144	597	0.5	1	590 7
145	647	0.5	1	635 12
146	1024	0.5	1	1008 16
147	1343	0.5	1	1321 22
148	405	0.5	1	394 11
149	100	0.5	1	96 4
150	2630	0.5	1	2372 258

RUN STATISTICS FOR INPUT FILE: Kiley_A_WT_Anaerobic_A_2.fastq.gz
=============================================
30272223 sequences processed in total

Total number of sequences analysed for the sequence pair length validation: 30272223

Number of sequence pairs removed because at least one read was shorter than the length cutoff (20 bp): 46600 (0.15%)
