
SUMMARISING RUN PARAMETERS
==========================
Input filename: Kiley_A_DZM0422_Anaerobic_C_2.fastq.gz
Trimming mode: paired-end
Trim Galore version: 0.6.10
Cutadapt version: 4.4
Python version: could not detect
Number of cores used for trimming: 4
Quality Phred score cutoff: 20
Quality encoding type selected: ASCII+33
Using Illumina adapter for trimming (count: 314373). Second best hit was Nextera (count: 0)
Adapter sequence: 'AGATCGGAAGAGC' (Illumina TruSeq, Sanger iPCR; auto-detected)
Maximum trimming error rate: 0.1 (default)
Minimum required adapter overlap (stringency): 1 bp
Minimum required sequence length for both reads before a sequence pair gets removed: 20 bp
Running FastQC on the data once trimming has completed
Output file will be GZIP compressed


This is cutadapt 4.4 with Python 3.7.16
Command line parameters: -j 4 -e 0.1 -q 20 -O 1 -a AGATCGGAAGAGC Kiley_A_DZM0422_Anaerobic_C_2.fastq.gz
Processing single-end reads on 4 cores ...
Finished in 254.359 s (8.441 µs/read; 7.11 M reads/minute).

=== Summary ===

Total reads processed:              30,134,885
Reads with adapters:                17,217,789 (57.1%)
Reads written (passing filters):    30,134,885 (100.0%)

Total basepairs processed: 4,520,232,750 bp
Quality-trimmed:               5,303,579 bp (0.1%)
Total written (filtered):  4,095,236,079 bp (90.6%)

=== Adapter 1 ===

Sequence: AGATCGGAAGAGC; Type: regular 3'; Length: 13; Trimmed: 17217789 times

Minimum overlap: 1
No. of allowed errors:
1-9 bp: 0; 10-13 bp: 1

Bases preceding removed adapters:
  A: 21.1%
  C: 35.9%
  G: 31.8%
  T: 11.2%
  none/other: 0.0%

Overview of removed sequences
length	count	expect	max.err	error counts
1	4459835	7533721.2	0	4459835
2	1052658	1883430.3	0	1052658
3	473443	470857.6	0	473443
4	254461	117714.4	0	254461
5	195321	29428.6	0	195321
6	180024	7357.1	0	180024
7	175006	1839.3	0	175006
8	188178	459.8	0	188178
9	160104	115.0	0	158646 1458
10	176091	28.7	1	171916 4175
11	181577	7.2	1	176625 4952
12	182906	1.8	1	178340 4566
13	177675	0.4	1	173199 4476
14	183715	0.4	1	178512 5203
15	179493	0.4	1	174855 4638
16	185967	0.4	1	181244 4723
17	205916	0.4	1	200557 5359
18	159211	0.4	1	155455 3756
19	204578	0.4	1	199445 5133
20	167781	0.4	1	164002 3779
21	172605	0.4	1	168636 3969
22	180800	0.4	1	177070 3730
23	182789	0.4	1	178732 4057
24	195261	0.4	1	190576 4685
25	200752	0.4	1	196483 4269
26	158792	0.4	1	155097 3695
27	171466	0.4	1	167192 4274
28	173967	0.4	1	170674 3293
29	177544	0.4	1	173642 3902
30	181190	0.4	1	177412 3778
31	178907	0.4	1	175008 3899
32	177160	0.4	1	173609 3551
33	176662	0.4	1	172977 3685
34	180623	0.4	1	176379 4244
35	165904	0.4	1	162690 3214
36	166602	0.4	1	162906 3696
37	173101	0.4	1	169382 3719
38	166491	0.4	1	163372 3119
39	168175	0.4	1	164879 3296
40	162861	0.4	1	159721 3140
41	158592	0.4	1	155753 2839
42	159483	0.4	1	156501 2982
43	155984	0.4	1	152980 3004
44	157076	0.4	1	154225 2851
45	175465	0.4	1	172295 3170
46	138043	0.4	1	135325 2718
47	152388	0.4	1	149934 2454
48	166065	0.4	1	163226 2839
49	145251	0.4	1	142833 2418
50	140133	0.4	1	137757 2376
51	169002	0.4	1	166138 2864
52	114593	0.4	1	112696 1897
53	112361	0.4	1	110505 1856
54	117344	0.4	1	115480 1864
55	115158	0.4	1	113367 1791
56	124225	0.4	1	121985 2240
57	101609	0.4	1	99925 1684
58	129820	0.4	1	127787 2033
59	112186	0.4	1	110381 1805
60	108377	0.4	1	106656 1721
61	122749	0.4	1	120765 1984
62	127929	0.4	1	125820 2109
63	217715	0.4	1	215297 2418
64	131511	0.4	1	129804 1707
65	38875	0.4	1	37919 956
66	51443	0.4	1	50647 796
67	75867	0.4	1	74833 1034
68	64585	0.4	1	63613 972
69	92458	0.4	1	91200 1258
70	80022	0.4	1	78915 1107
71	77389	0.4	1	76356 1033
72	62687	0.4	1	61744 943
73	61588	0.4	1	60733 855
74	49854	0.4	1	49182 672
75	45122	0.4	1	44532 590
76	44028	0.4	1	43421 607
77	42949	0.4	1	42370 579
78	42265	0.4	1	41680 585
79	39321	0.4	1	38784 537
80	31656	0.4	1	31265 391
81	22087	0.4	1	21800 287
82	18369	0.4	1	18086 283
83	17088	0.4	1	16865 223
84	16152	0.4	1	15919 233
85	15846	0.4	1	15607 239
86	15675	0.4	1	15467 208
87	14319	0.4	1	14154 165
88	18498	0.4	1	18254 244
89	12410	0.4	1	12250 160
90	11391	0.4	1	11235 156
91	9111	0.4	1	8982 129
92	7871	0.4	1	7772 99
93	7375	0.4	1	7286 89
94	6971	0.4	1	6875 96
95	8695	0.4	1	8581 114
96	7204	0.4	1	7121 83
97	13409	0.4	1	13265 144
98	8053	0.4	1	7952 101
99	14149	0.4	1	13994 155
100	12900	0.4	1	12768 132
101	5080	0.4	1	5012 68
102	4054	0.4	1	4014 40
103	3157	0.4	1	3114 43
104	3687	0.4	1	3636 51
105	3077	0.4	1	3025 52
106	3356	0.4	1	3320 36
107	2725	0.4	1	2698 27
108	2322	0.4	1	2289 33
109	1815	0.4	1	1789 26
110	1542	0.4	1	1525 17
111	1733	0.4	1	1707 26
112	1291	0.4	1	1267 24
113	1508	0.4	1	1489 19
114	1225	0.4	1	1208 17
115	1159	0.4	1	1141 18
116	1006	0.4	1	995 11
117	915	0.4	1	904 11
118	865	0.4	1	850 15
119	468	0.4	1	460 8
120	328	0.4	1	323 5
121	389	0.4	1	383 6
122	189	0.4	1	185 4
123	137	0.4	1	135 2
124	87	0.4	1	84 3
125	93	0.4	1	91 2
126	93	0.4	1	92 1
127	98	0.4	1	96 2
128	104	0.4	1	98 6
129	121	0.4	1	115 6
130	115	0.4	1	112 3
131	195	0.4	1	192 3
132	571	0.4	1	563 8
133	350	0.4	1	348 2
134	234	0.4	1	230 4
135	210	0.4	1	203 7
136	259	0.4	1	256 3
137	256	0.4	1	250 6
138	263	0.4	1	260 3
139	270	0.4	1	264 6
140	361	0.4	1	356 5
141	449	0.4	1	442 7
142	263	0.4	1	260 3
143	333	0.4	1	326 7
144	479	0.4	1	471 8
145	419	0.4	1	411 8
146	723	0.4	1	711 12
147	913	0.4	1	889 24
148	291	0.4	1	283 8
149	69	0.4	1	63 6
150	1809	0.4	1	1646 163

RUN STATISTICS FOR INPUT FILE: Kiley_A_DZM0422_Anaerobic_C_2.fastq.gz
=============================================
30134885 sequences processed in total

Total number of sequences analysed for the sequence pair length validation: 30134885

Number of sequence pairs removed because at least one read was shorter than the length cutoff (20 bp): 34281 (0.11%)
