
SUMMARISING RUN PARAMETERS
==========================
Input filename: Kiley_A_DZM0422_Anaerobic_A_2.fastq.gz
Trimming mode: paired-end
Trim Galore version: 0.6.10
Cutadapt version: 4.4
Python version: could not detect
Number of cores used for trimming: 4
Quality Phred score cutoff: 20
Quality encoding type selected: ASCII+33
Using Illumina adapter for trimming (count: 301610). Second best hit was Nextera (count: 1)
Adapter sequence: 'AGATCGGAAGAGC' (Illumina TruSeq, Sanger iPCR; auto-detected)
Maximum trimming error rate: 0.1 (default)
Minimum required adapter overlap (stringency): 1 bp
Minimum required sequence length for both reads before a sequence pair gets removed: 20 bp
Running FastQC on the data once trimming has completed
Output file will be GZIP compressed


This is cutadapt 4.4 with Python 3.7.16
Command line parameters: -j 4 -e 0.1 -q 20 -O 1 -a AGATCGGAAGAGC Kiley_A_DZM0422_Anaerobic_A_2.fastq.gz
Processing single-end reads on 4 cores ...
Finished in 328.558 s (8.807 µs/read; 6.81 M reads/minute).

=== Summary ===

Total reads processed:              37,305,687
Reads with adapters:                21,050,496 (56.4%)
Reads written (passing filters):    37,305,687 (100.0%)

Total basepairs processed: 5,595,853,050 bp
Quality-trimmed:               7,418,477 bp (0.1%)
Total written (filtered):  5,095,337,134 bp (91.1%)

=== Adapter 1 ===

Sequence: AGATCGGAAGAGC; Type: regular 3'; Length: 13; Trimmed: 21050496 times

Minimum overlap: 1
No. of allowed errors:
1-9 bp: 0; 10-13 bp: 1

Bases preceding removed adapters:
  A: 21.6%
  C: 35.7%
  G: 31.4%
  T: 11.2%
  none/other: 0.0%

Overview of removed sequences
length	count	expect	max.err	error counts
1	5664391	9326421.8	0	5664391
2	1328056	2331605.4	0	1328056
3	605362	582901.4	0	605362
4	319506	145725.3	0	319506
5	246176	36431.3	0	246176
6	225459	9107.8	0	225459
7	217447	2277.0	0	217447
8	235150	569.2	0	235150
9	198709	142.3	0	196738 1971
10	218799	35.6	1	212685 6114
11	225286	8.9	1	218023 7263
12	227513	2.2	1	220528 6985
13	219913	0.6	1	213149 6764
14	228314	0.6	1	220603 7711
15	220335	0.6	1	213443 6892
16	230279	0.6	1	223320 6959
17	256873	0.6	1	248934 7939
18	192737	0.6	1	187228 5509
19	256452	0.6	1	248999 7453
20	204759	0.6	1	199139 5620
21	210644	0.6	1	204797 5847
22	221172	0.6	1	215509 5663
23	223270	0.6	1	217614 5656
24	244863	0.6	1	237574 7289
25	245175	0.6	1	238999 6176
26	193011	0.6	1	187701 5310
27	208074	0.6	1	201868 6206
28	212100	0.6	1	207411 4689
29	216092	0.6	1	210350 5742
30	220209	0.6	1	214914 5295
31	216544	0.6	1	210942 5602
32	214563	0.6	1	209395 5168
33	215767	0.6	1	210424 5343
34	221475	0.6	1	215175 6300
35	200497	0.6	1	195956 4541
36	202463	0.6	1	197299 5164
37	208861	0.6	1	203442 5419
38	198096	0.6	1	193624 4472
39	202761	0.6	1	197939 4822
40	196130	0.6	1	191831 4299
41	190151	0.6	1	186068 4083
42	194461	0.6	1	190187 4274
43	185866	0.6	1	181738 4128
44	187686	0.6	1	183629 4057
45	209957	0.6	1	205422 4535
46	161222	0.6	1	157604 3618
47	178501	0.6	1	175111 3390
48	194512	0.6	1	190593 3919
49	171832	0.6	1	168634 3198
50	164340	0.6	1	161167 3173
51	201934	0.6	1	197817 4117
52	133901	0.6	1	131366 2535
53	131978	0.6	1	129453 2525
54	136973	0.6	1	134497 2476
55	134911	0.6	1	132643 2268
56	145008	0.6	1	142059 2949
57	117823	0.6	1	115764 2059
58	143102	0.6	1	140752 2350
59	126922	0.6	1	124630 2292
60	120551	0.6	1	118245 2306
61	142072	0.6	1	139477 2595
62	144808	0.6	1	142064 2744
63	239845	0.6	1	236727 3118
64	142599	0.6	1	140497 2102
65	42661	0.6	1	41546 1115
66	55531	0.6	1	54507 1024
67	79773	0.6	1	78480 1293
68	69218	0.6	1	68077 1141
69	96805	0.6	1	95276 1529
70	88272	0.6	1	86925 1347
71	86088	0.6	1	84783 1305
72	71127	0.6	1	70060 1067
73	71509	0.6	1	70324 1185
74	56138	0.6	1	55255 883
75	51529	0.6	1	50676 853
76	51033	0.6	1	50271 762
77	49982	0.6	1	49301 681
78	48130	0.6	1	47432 698
79	47709	0.6	1	47025 684
80	39138	0.6	1	38546 592
81	26490	0.6	1	26109 381
82	22799	0.6	1	22470 329
83	20637	0.6	1	20332 305
84	19087	0.6	1	18787 300
85	18156	0.6	1	17860 296
86	18102	0.6	1	17839 263
87	16558	0.6	1	16340 218
88	19970	0.6	1	19725 245
89	13909	0.6	1	13685 224
90	12419	0.6	1	12212 207
91	10397	0.6	1	10226 171
92	8702	0.6	1	8578 124
93	8092	0.6	1	7965 127
94	7740	0.6	1	7645 95
95	9301	0.6	1	9156 145
96	8251	0.6	1	8127 124
97	14313	0.6	1	14142 171
98	9403	0.6	1	9267 136
99	15154	0.6	1	14928 226
100	13225	0.6	1	13079 146
101	5155	0.6	1	5091 64
102	4160	0.6	1	4107 53
103	3651	0.6	1	3596 55
104	3815	0.6	1	3771 44
105	3176	0.6	1	3139 37
106	3733	0.6	1	3681 52
107	3153	0.6	1	3104 49
108	2445	0.6	1	2406 39
109	2159	0.6	1	2136 23
110	1737	0.6	1	1718 19
111	1823	0.6	1	1787 36
112	1376	0.6	1	1358 18
113	1720	0.6	1	1704 16
114	1538	0.6	1	1515 23
115	1351	0.6	1	1333 18
116	1231	0.6	1	1219 12
117	975	0.6	1	966 9
118	1044	0.6	1	1029 15
119	634	0.6	1	620 14
120	463	0.6	1	455 8
121	400	0.6	1	392 8
122	233	0.6	1	227 6
123	173	0.6	1	169 4
124	135	0.6	1	130 5
125	86	0.6	1	83 3
126	124	0.6	1	119 5
127	124	0.6	1	122 2
128	163	0.6	1	155 8
129	187	0.6	1	181 6
130	177	0.6	1	169 8
131	316	0.6	1	311 5
132	953	0.6	1	933 20
133	617	0.6	1	609 8
134	300	0.6	1	295 5
135	254	0.6	1	246 8
136	354	0.6	1	342 12
137	334	0.6	1	327 7
138	446	0.6	1	441 5
139	390	0.6	1	385 5
140	487	0.6	1	478 9
141	654	0.6	1	642 12
142	394	0.6	1	392 2
143	453	0.6	1	440 13
144	553	0.6	1	545 8
145	556	0.6	1	546 10
146	956	0.6	1	935 21
147	1168	0.6	1	1147 21
148	341	0.6	1	332 9
149	90	0.6	1	83 7
150	2153	0.6	1	1925 228

RUN STATISTICS FOR INPUT FILE: Kiley_A_DZM0422_Anaerobic_A_2.fastq.gz
=============================================
37305687 sequences processed in total

Total number of sequences analysed for the sequence pair length validation: 37305687

Number of sequence pairs removed because at least one read was shorter than the length cutoff (20 bp): 53167 (0.14%)
