
SUMMARISING RUN PARAMETERS
==========================
Input filename: Kiley_A_DZM0422_Anaerobic_C_1.fastq.gz
Trimming mode: paired-end
Trim Galore version: 0.6.10
Cutadapt version: 4.4
Python version: could not detect
Number of cores used for trimming: 4
Quality Phred score cutoff: 20
Quality encoding type selected: ASCII+33
Using Illumina adapter for trimming (count: 314373). Second best hit was Nextera (count: 0)
Adapter sequence: 'AGATCGGAAGAGC' (Illumina TruSeq, Sanger iPCR; auto-detected)
Maximum trimming error rate: 0.1 (default)
Minimum required adapter overlap (stringency): 1 bp
Minimum required sequence length for both reads before a sequence pair gets removed: 20 bp
Running FastQC on the data once trimming has completed
Output file will be GZIP compressed


This is cutadapt 4.4 with Python 3.7.16
Command line parameters: -j 4 -e 0.1 -q 20 -O 1 -a AGATCGGAAGAGC Kiley_A_DZM0422_Anaerobic_C_1.fastq.gz
Processing single-end reads on 4 cores ...
Finished in 244.387 s (8.110 µs/read; 7.40 M reads/minute).

=== Summary ===

Total reads processed:              30,134,885
Reads with adapters:                17,684,375 (58.7%)
Reads written (passing filters):    30,134,885 (100.0%)

Total basepairs processed: 4,520,232,750 bp
Quality-trimmed:               8,068,337 bp (0.2%)
Total written (filtered):  4,092,974,749 bp (90.5%)

=== Adapter 1 ===

Sequence: AGATCGGAAGAGC; Type: regular 3'; Length: 13; Trimmed: 17684375 times

Minimum overlap: 1
No. of allowed errors:
1-9 bp: 0; 10-13 bp: 1

Bases preceding removed adapters:
  A: 20.9%
  C: 32.8%
  G: 31.0%
  T: 15.3%
  none/other: 0.1%

Overview of removed sequences
length	count	expect	max.err	error counts
1	4710351	7533721.2	0	4710351
2	1252028	1883430.3	0	1252028
3	499235	470857.6	0	499235
4	243612	117714.4	0	243612
5	196765	29428.6	0	196765
6	174191	7357.1	0	174191
7	169508	1839.3	0	169508
8	177436	459.8	0	177436
9	173219	115.0	0	172711 508
10	172715	28.7	1	169896 2819
11	183354	7.2	1	178946 4408
12	179126	1.8	1	176018 3108
13	178984	0.4	1	175889 3095
14	178638	0.4	1	174771 3867
15	183371	0.4	1	179901 3470
16	186178	0.4	1	181809 4369
17	190726	0.4	1	186317 4409
18	181277	0.4	1	178089 3188
19	172683	0.4	1	169751 2932
20	183675	0.4	1	180082 3593
21	179477	0.4	1	176026 3451
22	180108	0.4	1	177101 3007
23	184459	0.4	1	181016 3443
24	189037	0.4	1	184549 4488
25	177590	0.4	1	174305 3285
26	178617	0.4	1	175525 3092
27	178110	0.4	1	174999 3111
28	172839	0.4	1	169832 3007
29	182128	0.4	1	177897 4231
30	178362	0.4	1	175540 2822
31	177290	0.4	1	174294 2996
32	176550	0.4	1	173717 2833
33	177144	0.4	1	173643 3501
34	170534	0.4	1	167694 2840
35	176294	0.4	1	173024 3270
36	175152	0.4	1	171075 4077
37	157184	0.4	1	155128 2056
38	172798	0.4	1	169171 3627
39	166506	0.4	1	163819 2687
40	163097	0.4	1	159697 3400
41	163737	0.4	1	160450 3287
42	165543	0.4	1	162345 3198
43	170293	0.4	1	165430 4863
44	151944	0.4	1	148737 3207
45	274303	0.4	1	270246 4057
46	48100	0.4	1	46374 1726
47	156310	0.4	1	153090 3220
48	319259	0.4	1	315131 4128
49	165496	0.4	1	162895 2601
50	68051	0.4	1	65757 2294
51	217508	0.4	1	214398 3110
52	122406	0.4	1	120631 1775
53	71300	0.4	1	69902 1398
54	155448	0.4	1	152878 2570
55	242148	0.4	1	239874 2274
56	114188	0.4	1	112508 1680
57	136535	0.4	1	135094 1441
58	87366	0.4	1	85836 1530
59	161478	0.4	1	159809 1669
60	44669	0.4	1	43816 853
61	40555	0.4	1	39667 888
62	134504	0.4	1	133320 1184
63	72913	0.4	1	72076 837
64	36561	0.4	1	35851 710
65	72731	0.4	1	71339 1392
66	207638	0.4	1	206189 1449
67	34136	0.4	1	33194 942
68	76559	0.4	1	75406 1153
69	95244	0.4	1	93766 1478
70	84527	0.4	1	83380 1147
71	2645	0.4	1	2326 319
72	3351	0.4	1	3138 213
73	26234	0.4	1	25793 441
74	42329	0.4	1	41812 517
75	48125	0.4	1	47452 673
76	50538	0.4	1	49850 688
77	47417	0.4	1	46725 692
78	43387	0.4	1	42841 546
79	44847	0.4	1	44302 545
80	34674	0.4	1	34253 421
81	23974	0.4	1	23674 300
82	21985	0.4	1	21667 318
83	18951	0.4	1	18687 264
84	17791	0.4	1	17566 225
85	17443	0.4	1	17188 255
86	15825	0.4	1	15608 217
87	12918	0.4	1	12733 185
88	17563	0.4	1	17307 256
89	13325	0.4	1	13083 242
90	13328	0.4	1	12969 359
91	10819	0.4	1	10640 179
92	9432	0.4	1	9280 152
93	7995	0.4	1	7836 159
94	7555	0.4	1	7433 122
95	9336	0.4	1	9201 135
96	7240	0.4	1	7142 98
97	14877	0.4	1	14670 207
98	8299	0.4	1	8190 109
99	14072	0.4	1	13884 188
100	13315	0.4	1	13159 156
101	4934	0.4	1	4870 64
102	3909	0.4	1	3840 69
103	3142	0.4	1	3095 47
104	3669	0.4	1	3620 49
105	3321	0.4	1	3277 44
106	3478	0.4	1	3427 51
107	2912	0.4	1	2885 27
108	2344	0.4	1	2304 40
109	1919	0.4	1	1883 36
110	1666	0.4	1	1623 43
111	1817	0.4	1	1769 48
112	1325	0.4	1	1309 16
113	1491	0.4	1	1467 24
114	1209	0.4	1	1190 19
115	1187	0.4	1	1165 22
116	994	0.4	1	963 31
117	1017	0.4	1	988 29
118	982	0.4	1	924 58
119	545	0.4	1	498 47
120	356	0.4	1	335 21
121	409	0.4	1	399 10
122	323	0.4	1	181 142
123	178	0.4	1	139 39
124	124	0.4	1	89 35
125	116	0.4	1	84 32
126	104	0.4	1	87 17
127	102	0.4	1	90 12
128	116	0.4	1	95 21
129	153	0.4	1	117 36
130	131	0.4	1	114 17
131	205	0.4	1	189 16
132	601	0.4	1	571 30
133	391	0.4	1	343 48
134	252	0.4	1	232 20
135	207	0.4	1	201 6
136	305	0.4	1	251 54
137	328	0.4	1	251 77
138	348	0.4	1	262 86
139	304	0.4	1	267 37
140	411	0.4	1	347 64
141	707	0.4	1	445 262
142	271	0.4	1	257 14
143	369	0.4	1	321 48
144	504	0.4	1	472 32
145	457	0.4	1	406 51
146	883	0.4	1	718 165
147	966	0.4	1	893 73
148	316	0.4	1	286 30
149	198	0.4	1	60 138
150	20991	0.4	1	1608 19383

RUN STATISTICS FOR INPUT FILE: Kiley_A_DZM0422_Anaerobic_C_1.fastq.gz
=============================================
30134885 sequences processed in total

