
SUMMARISING RUN PARAMETERS
==========================
Input filename: Kiley_A_DZM0422_Aerobic_A_2.fastq.gz
Trimming mode: paired-end
Trim Galore version: 0.6.10
Cutadapt version: 4.4
Python version: could not detect
Number of cores used for trimming: 4
Quality Phred score cutoff: 20
Quality encoding type selected: ASCII+33
Using Illumina adapter for trimming (count: 333476). Second best hit was Nextera (count: 0)
Adapter sequence: 'AGATCGGAAGAGC' (Illumina TruSeq, Sanger iPCR; auto-detected)
Maximum trimming error rate: 0.1 (default)
Minimum required adapter overlap (stringency): 1 bp
Minimum required sequence length for both reads before a sequence pair gets removed: 20 bp
Running FastQC on the data once trimming has completed
Output file will be GZIP compressed


This is cutadapt 4.4 with Python 3.7.16
Command line parameters: -j 4 -e 0.1 -q 20 -O 1 -a AGATCGGAAGAGC Kiley_A_DZM0422_Aerobic_A_2.fastq.gz
Processing single-end reads on 4 cores ...
Finished in 309.195 s (8.530 µs/read; 7.03 M reads/minute).

=== Summary ===

Total reads processed:              36,247,731
Reads with adapters:                21,176,068 (58.4%)
Reads written (passing filters):    36,247,731 (100.0%)

Total basepairs processed: 5,437,159,650 bp
Quality-trimmed:               6,302,147 bp (0.1%)
Total written (filtered):  4,899,443,136 bp (90.1%)

=== Adapter 1 ===

Sequence: AGATCGGAAGAGC; Type: regular 3'; Length: 13; Trimmed: 21176068 times

Minimum overlap: 1
No. of allowed errors:
1-9 bp: 0; 10-13 bp: 1

Bases preceding removed adapters:
  A: 20.7%
  C: 36.0%
  G: 31.8%
  T: 11.4%
  none/other: 0.0%

Overview of removed sequences
length	count	expect	max.err	error counts
1	5179046	9061932.8	0	5179046
2	1246946	2265483.2	0	1246946
3	557808	566370.8	0	557808
4	308228	141592.7	0	308228
5	240129	35398.2	0	240129
6	221626	8849.5	0	221626
7	215787	2212.4	0	215787
8	231266	553.1	0	231266
9	200292	138.3	0	198270 2022
10	219349	34.6	1	214282 5067
11	226447	8.6	1	220440 6007
12	227679	2.2	1	221961 5718
13	221552	0.5	1	215852 5700
14	229034	0.5	1	222580 6454
15	224434	0.5	1	218709 5725
16	231950	0.5	1	226124 5826
17	254284	0.5	1	247908 6376
18	198789	0.5	1	194004 4785
19	258335	0.5	1	252012 6323
20	212409	0.5	1	207589 4820
21	217755	0.5	1	212559 5196
22	227535	0.5	1	222855 4680
23	231129	0.5	1	226342 4787
24	250419	0.5	1	244450 5969
25	252254	0.5	1	246994 5260
26	202417	0.5	1	197792 4625
27	216341	0.5	1	211165 5176
28	221411	0.5	1	217214 4197
29	226964	0.5	1	222083 4881
30	230808	0.5	1	226105 4703
31	228344	0.5	1	223515 4829
32	226416	0.5	1	221682 4734
33	226411	0.5	1	221632 4779
34	232282	0.5	1	226921 5361
35	213318	0.5	1	209179 4139
36	214587	0.5	1	210010 4577
37	223501	0.5	1	218642 4859
38	211424	0.5	1	207385 4039
39	216477	0.5	1	212137 4340
40	209376	0.5	1	205276 4100
41	203033	0.5	1	199434 3599
42	207630	0.5	1	203733 3897
43	202473	0.5	1	198615 3858
44	200668	0.5	1	197036 3632
45	215158	0.5	1	211284 3874
46	187574	0.5	1	184014 3560
47	193419	0.5	1	190170 3249
48	210198	0.5	1	206555 3643
49	187539	0.5	1	184579 2960
50	181189	0.5	1	178143 3046
51	216961	0.5	1	213300 3661
52	151319	0.5	1	148849 2470
53	147917	0.5	1	145495 2422
54	152846	0.5	1	150388 2458
55	151983	0.5	1	149681 2302
56	160250	0.5	1	157630 2620
57	130543	0.5	1	128481 2062
58	155528	0.5	1	153145 2383
59	140651	0.5	1	138457 2194
60	132999	0.5	1	130894 2105
61	156775	0.5	1	154329 2446
62	162856	0.5	1	160157 2699
63	271925	0.5	1	268929 2996
64	150776	0.5	1	148725 2051
65	45110	0.5	1	44001 1109
66	62099	0.5	1	61169 930
67	83938	0.5	1	82738 1200
68	77672	0.5	1	76504 1168
69	102043	0.5	1	100626 1417
70	95980	0.5	1	94656 1324
71	95243	0.5	1	93952 1291
72	79654	0.5	1	78545 1109
73	80812	0.5	1	79651 1161
74	63837	0.5	1	62910 927
75	58865	0.5	1	57995 870
76	58311	0.5	1	57492 819
77	56646	0.5	1	55891 755
78	55992	0.5	1	55276 716
79	56277	0.5	1	55462 815
80	46761	0.5	1	46194 567
81	30851	0.5	1	30430 421
82	26942	0.5	1	26571 371
83	24244	0.5	1	23917 327
84	22905	0.5	1	22598 307
85	21310	0.5	1	21018 292
86	21521	0.5	1	21266 255
87	19115	0.5	1	18891 224
88	22509	0.5	1	22228 281
89	15710	0.5	1	15478 232
90	14426	0.5	1	14224 202
91	12146	0.5	1	11962 184
92	10294	0.5	1	10139 155
93	9995	0.5	1	9871 124
94	9247	0.5	1	9152 95
95	11441	0.5	1	11301 140
96	9650	0.5	1	9525 125
97	14778	0.5	1	14594 184
98	9885	0.5	1	9770 115
99	14915	0.5	1	14750 165
100	15209	0.5	1	15014 195
101	6354	0.5	1	6279 75
102	4513	0.5	1	4462 51
103	4029	0.5	1	3979 50
104	4411	0.5	1	4361 50
105	4100	0.5	1	4043 57
106	4493	0.5	1	4432 61
107	3713	0.5	1	3667 46
108	2823	0.5	1	2796 27
109	2386	0.5	1	2348 38
110	1856	0.5	1	1827 29
111	2048	0.5	1	2018 30
112	1447	0.5	1	1418 29
113	1801	0.5	1	1775 26
114	1488	0.5	1	1466 22
115	1324	0.5	1	1309 15
116	1245	0.5	1	1217 28
117	1132	0.5	1	1116 16
118	1039	0.5	1	1025 14
119	723	0.5	1	716 7
120	415	0.5	1	404 11
121	461	0.5	1	453 8
122	215	0.5	1	215
123	186	0.5	1	182 4
124	134	0.5	1	129 5
125	106	0.5	1	100 6
126	104	0.5	1	100 4
127	144	0.5	1	136 8
128	142	0.5	1	140 2
129	150	0.5	1	147 3
130	151	0.5	1	146 5
131	243	0.5	1	238 5
132	794	0.5	1	780 14
133	471	0.5	1	459 12
134	248	0.5	1	241 7
135	246	0.5	1	240 6
136	273	0.5	1	262 11
137	269	0.5	1	263 6
138	289	0.5	1	287 2
139	284	0.5	1	279 5
140	370	0.5	1	362 8
141	499	0.5	1	490 9
142	254	0.5	1	251 3
143	350	0.5	1	333 17
144	430	0.5	1	422 8
145	403	0.5	1	397 6
146	711	0.5	1	697 14
147	867	0.5	1	854 13
148	275	0.5	1	265 10
149	88	0.5	1	85 3
150	2469	0.5	1	2250 219

RUN STATISTICS FOR INPUT FILE: Kiley_A_DZM0422_Aerobic_A_2.fastq.gz
=============================================
36247731 sequences processed in total

Total number of sequences analysed for the sequence pair length validation: 36247731

Number of sequence pairs removed because at least one read was shorter than the length cutoff (20 bp): 37928 (0.10%)
