
SUMMARISING RUN PARAMETERS
==========================
Input filename: Kiley_A_DZM0422_Aerobic_B_1.fastq.gz
Trimming mode: paired-end
Trim Galore version: 0.6.10
Cutadapt version: 4.4
Python version: could not detect
Number of cores used for trimming: 4
Quality Phred score cutoff: 20
Quality encoding type selected: ASCII+33
Using Illumina adapter for trimming (count: 318989). Second best hit was Nextera (count: 0)
Adapter sequence: 'AGATCGGAAGAGC' (Illumina TruSeq, Sanger iPCR; auto-detected)
Maximum trimming error rate: 0.1 (default)
Minimum required adapter overlap (stringency): 1 bp
Minimum required sequence length for both reads before a sequence pair gets removed: 20 bp
Running FastQC on the data once trimming has completed
Output file will be GZIP compressed


This is cutadapt 4.4 with Python 3.7.16
Command line parameters: -j 4 -e 0.1 -q 20 -O 1 -a AGATCGGAAGAGC Kiley_A_DZM0422_Aerobic_B_1.fastq.gz
Processing single-end reads on 4 cores ...
Finished in 283.167 s (8.234 µs/read; 7.29 M reads/minute).

=== Summary ===

Total reads processed:              34,391,133
Reads with adapters:                20,302,869 (59.0%)
Reads written (passing filters):    34,391,133 (100.0%)

Total basepairs processed: 5,158,669,950 bp
Quality-trimmed:               4,502,869 bp (0.1%)
Total written (filtered):  4,672,222,242 bp (90.6%)

=== Adapter 1 ===

Sequence: AGATCGGAAGAGC; Type: regular 3'; Length: 13; Trimmed: 20302869 times

Minimum overlap: 1
No. of allowed errors:
1-9 bp: 0; 10-13 bp: 1

Bases preceding removed adapters:
  A: 20.6%
  C: 31.9%
  G: 31.7%
  T: 15.7%
  none/other: 0.1%

Overview of removed sequences
length	count	expect	max.err	error counts
1	5295678	8597783.2	0	5295678
2	1397524	2149445.8	0	1397524
3	560983	537361.5	0	560983
4	283741	134340.4	0	283741
5	234481	33585.1	0	234481
6	207888	8396.3	0	207888
7	200347	2099.1	0	200347
8	208133	524.8	0	208133
9	205339	131.2	0	204797 542
10	204098	32.8	1	200997 3101
11	217704	8.2	1	212998 4706
12	212394	2.0	1	209119 3275
13	209870	0.5	1	206543 3327
14	212364	0.5	1	208093 4271
15	215391	0.5	1	211956 3435
16	219587	0.5	1	214795 4792
17	223313	0.5	1	218497 4816
18	210500	0.5	1	207253 3247
19	207650	0.5	1	204508 3142
20	217378	0.5	1	213524 3854
21	212506	0.5	1	208901 3605
22	210086	0.5	1	207010 3076
23	217095	0.5	1	213410 3685
24	224658	0.5	1	220095 4563
25	212110	0.5	1	208584 3526
26	214276	0.5	1	211147 3129
27	211886	0.5	1	208456 3430
28	205776	0.5	1	202794 2982
29	217087	0.5	1	212694 4393
30	212951	0.5	1	210000 2951
31	210140	0.5	1	207010 3130
32	208120	0.5	1	205234 2886
33	212237	0.5	1	208342 3895
34	209555	0.5	1	205809 3746
35	204154	0.5	1	201516 2638
36	196105	0.5	1	193390 2715
37	201002	0.5	1	197523 3479
38	202064	0.5	1	199189 2875
39	197478	0.5	1	194235 3243
40	194872	0.5	1	191763 3109
41	197191	0.5	1	193727 3464
42	200242	0.5	1	197747 2495
43	180630	0.5	1	176753 3877
44	185976	0.5	1	182699 3277
45	309156	0.5	1	305574 3582
46	61168	0.5	1	59365 1803
47	176418	0.5	1	173782 2636
48	232597	0.5	1	229553 3044
49	187376	0.5	1	184911 2465
50	124665	0.5	1	122261 2404
51	203282	0.5	1	200260 3022
52	142763	0.5	1	140996 1767
53	118946	0.5	1	117358 1588
54	153882	0.5	1	151584 2298
55	173358	0.5	1	171322 2036
56	130826	0.5	1	128992 1834
57	155619	0.5	1	153790 1829
58	134465	0.5	1	132640 1825
59	159119	0.5	1	157275 1844
60	85430	0.5	1	84291 1139
61	69864	0.5	1	68814 1050
62	134137	0.5	1	132826 1311
63	106326	0.5	1	105282 1044
64	69449	0.5	1	68504 945
65	88591	0.5	1	87138 1453
66	224380	0.5	1	222818 1562
67	82567	0.5	1	81122 1445
68	132027	0.5	1	130504 1523
69	140204	0.5	1	138340 1864
70	125715	0.5	1	124241 1474
71	3283	0.5	1	2976 307
72	4594	0.5	1	4342 252
73	31023	0.5	1	30578 445
74	47953	0.5	1	47430 523
75	53043	0.5	1	52313 730
76	53385	0.5	1	52677 708
77	49625	0.5	1	48955 670
78	44804	0.5	1	44262 542
79	46039	0.5	1	45487 552
80	36202	0.5	1	35808 394
81	24706	0.5	1	24410 296
82	23394	0.5	1	23080 314
83	19677	0.5	1	19426 251
84	18010	0.5	1	17777 233
85	16807	0.5	1	16584 223
86	15191	0.5	1	14966 225
87	12277	0.5	1	12127 150
88	16286	0.5	1	16053 233
89	12658	0.5	1	12439 219
90	12489	0.5	1	12155 334
91	9827	0.5	1	9653 174
92	8714	0.5	1	8563 151
93	7119	0.5	1	7002 117
94	6513	0.5	1	6412 101
95	7969	0.5	1	7832 137
96	5861	0.5	1	5782 79
97	12335	0.5	1	12192 143
98	6833	0.5	1	6721 112
99	12350	0.5	1	12199 151
100	10687	0.5	1	10536 151
101	3957	0.5	1	3911 46
102	3091	0.5	1	3047 44
103	2383	0.5	1	2336 47
104	2830	0.5	1	2779 51
105	2710	0.5	1	2675 35
106	2670	0.5	1	2635 35
107	2219	0.5	1	2187 32
108	1682	0.5	1	1665 17
109	1415	0.5	1	1399 16
110	1244	0.5	1	1210 34
111	1339	0.5	1	1305 34
112	921	0.5	1	893 28
113	1075	0.5	1	1060 15
114	836	0.5	1	820 16
115	882	0.5	1	855 27
116	779	0.5	1	743 36
117	715	0.5	1	692 23
118	817	0.5	1	742 75
119	517	0.5	1	385 132
120	299	0.5	1	283 16
121	375	0.5	1	346 29
122	343	0.5	1	199 144
123	186	0.5	1	110 76
124	182	0.5	1	115 67
125	133	0.5	1	107 26
126	114	0.5	1	94 20
127	121	0.5	1	100 21
128	155	0.5	1	111 44
129	199	0.5	1	139 60
130	154	0.5	1	139 15
131	197	0.5	1	177 20
132	707	0.5	1	668 39
133	467	0.5	1	426 41
134	269	0.5	1	237 32
135	228	0.5	1	204 24
136	319	0.5	1	237 82
137	309	0.5	1	221 88
138	407	0.5	1	274 133
139	316	0.5	1	254 62
140	361	0.5	1	299 62
141	634	0.5	1	408 226
142	269	0.5	1	234 35
143	344	0.5	1	306 38
144	408	0.5	1	378 30
145	490	0.5	1	425 65
146	844	0.5	1	669 175
147	902	0.5	1	813 89
148	309	0.5	1	255 54
149	230	0.5	1	66 164
150	25972	0.5	1	1830 24142

RUN STATISTICS FOR INPUT FILE: Kiley_A_DZM0422_Aerobic_B_1.fastq.gz
=============================================
34391133 sequences processed in total

