
SUMMARISING RUN PARAMETERS
==========================
Input filename: Kiley_A_DZM0422_Aerobic_B_2.fastq.gz
Trimming mode: paired-end
Trim Galore version: 0.6.10
Cutadapt version: 4.4
Python version: could not detect
Number of cores used for trimming: 4
Quality Phred score cutoff: 20
Quality encoding type selected: ASCII+33
Using Illumina adapter for trimming (count: 318989). Second best hit was Nextera (count: 0)
Adapter sequence: 'AGATCGGAAGAGC' (Illumina TruSeq, Sanger iPCR; auto-detected)
Maximum trimming error rate: 0.1 (default)
Minimum required adapter overlap (stringency): 1 bp
Minimum required sequence length for both reads before a sequence pair gets removed: 20 bp
Running FastQC on the data once trimming has completed
Output file will be GZIP compressed


This is cutadapt 4.4 with Python 3.7.16
Command line parameters: -j 4 -e 0.1 -q 20 -O 1 -a AGATCGGAAGAGC Kiley_A_DZM0422_Aerobic_B_2.fastq.gz
Processing single-end reads on 4 cores ...
Finished in 296.813 s (8.631 µs/read; 6.95 M reads/minute).

=== Summary ===

Total reads processed:              34,391,133
Reads with adapters:                19,801,327 (57.6%)
Reads written (passing filters):    34,391,133 (100.0%)

Total basepairs processed: 5,158,669,950 bp
Quality-trimmed:               5,509,950 bp (0.1%)
Total written (filtered):  4,675,819,966 bp (90.6%)

=== Adapter 1 ===

Sequence: AGATCGGAAGAGC; Type: regular 3'; Length: 13; Trimmed: 19801327 times

Minimum overlap: 1
No. of allowed errors:
1-9 bp: 0; 10-13 bp: 1

Bases preceding removed adapters:
  A: 20.4%
  C: 36.3%
  G: 31.9%
  T: 11.4%
  none/other: 0.0%

Overview of removed sequences
length	count	expect	max.err	error counts
1	5030003	8597783.2	0	5030003
2	1205142	2149445.8	0	1205142
3	536953	537361.5	0	536953
4	297339	134340.4	0	297339
5	230250	33585.1	0	230250
6	211656	8396.3	0	211656
7	204174	2099.1	0	204174
8	220672	524.8	0	220672
9	189612	131.2	0	187686 1926
10	207811	32.8	1	202890 4921
11	214978	8.2	1	208902 6076
12	217077	2.0	1	211486 5591
13	208977	0.5	1	203579 5398
14	216064	0.5	1	209894 6170
15	211518	0.5	1	205893 5625
16	217959	0.5	1	212395 5564
17	239347	0.5	1	233174 6173
18	187156	0.5	1	182621 4535
19	242991	0.5	1	236913 6078
20	198411	0.5	1	193707 4704
21	203247	0.5	1	198256 4991
22	211203	0.5	1	206707 4496
23	214258	0.5	1	209688 4570
24	233728	0.5	1	228088 5640
25	236702	0.5	1	231592 5110
26	189676	0.5	1	185217 4459
27	202225	0.5	1	197318 4907
28	206985	0.5	1	202842 4143
29	211925	0.5	1	207131 4794
30	215749	0.5	1	211127 4622
31	210904	0.5	1	206241 4663
32	208250	0.5	1	203997 4253
33	210188	0.5	1	205822 4366
34	216073	0.5	1	211005 5068
35	195262	0.5	1	191446 3816
36	198708	0.5	1	194285 4423
37	207493	0.5	1	202816 4677
38	196464	0.5	1	192540 3924
39	200029	0.5	1	195993 4036
40	192338	0.5	1	188631 3707
41	188056	0.5	1	184598 3458
42	190380	0.5	1	186862 3518
43	185076	0.5	1	181596 3480
44	184654	0.5	1	181246 3408
45	201244	0.5	1	197549 3695
46	167198	0.5	1	163988 3210
47	177717	0.5	1	174770 2947
48	192073	0.5	1	188609 3464
49	169572	0.5	1	166821 2751
50	164328	0.5	1	161673 2655
51	200880	0.5	1	197580 3300
52	136922	0.5	1	134564 2358
53	133403	0.5	1	131149 2254
54	137697	0.5	1	135429 2268
55	135641	0.5	1	133487 2154
56	145781	0.5	1	143233 2548
57	118539	0.5	1	116572 1967
58	144762	0.5	1	142561 2201
59	127585	0.5	1	125523 2062
60	122019	0.5	1	120009 2010
61	145816	0.5	1	143485 2331
62	148428	0.5	1	145996 2432
63	246851	0.5	1	244124 2727
64	138584	0.5	1	136654 1930
65	41522	0.5	1	40496 1026
66	56098	0.5	1	55286 812
67	80759	0.5	1	79652 1107
68	68500	0.5	1	67488 1012
69	98984	0.5	1	97551 1433
70	89090	0.5	1	87857 1233
71	86595	0.5	1	85452 1143
72	68518	0.5	1	67595 923
73	68216	0.5	1	67193 1023
74	52852	0.5	1	52151 701
75	47628	0.5	1	46939 689
76	45308	0.5	1	44671 637
77	43958	0.5	1	43388 570
78	42988	0.5	1	42450 538
79	40674	0.5	1	40132 542
80	33465	0.5	1	32987 478
81	23109	0.5	1	22846 263
82	19927	0.5	1	19621 306
83	18050	0.5	1	17802 248
84	16266	0.5	1	16023 243
85	15460	0.5	1	15240 220
86	15074	0.5	1	14872 202
87	13550	0.5	1	13384 166
88	17042	0.5	1	16832 210
89	11812	0.5	1	11670 142
90	10682	0.5	1	10531 151
91	8334	0.5	1	8195 139
92	7413	0.5	1	7324 89
93	6706	0.5	1	6602 104
94	6106	0.5	1	6025 81
95	7559	0.5	1	7466 93
96	6054	0.5	1	5979 75
97	10541	0.5	1	10421 120
98	6309	0.5	1	6239 70
99	11599	0.5	1	11471 128
100	10394	0.5	1	10275 119
101	3948	0.5	1	3892 56
102	3158	0.5	1	3124 34
103	2443	0.5	1	2422 21
104	2573	0.5	1	2541 32
105	2452	0.5	1	2423 29
106	2606	0.5	1	2558 48
107	2142	0.5	1	2106 36
108	1679	0.5	1	1661 18
109	1389	0.5	1	1367 22
110	1136	0.5	1	1122 14
111	1245	0.5	1	1222 23
112	889	0.5	1	872 17
113	1077	0.5	1	1058 19
114	826	0.5	1	816 10
115	873	0.5	1	865 8
116	780	0.5	1	772 8
117	649	0.5	1	634 15
118	657	0.5	1	644 13
119	362	0.5	1	352 10
120	283	0.5	1	275 8
121	339	0.5	1	335 4
122	204	0.5	1	200 4
123	109	0.5	1	103 6
124	120	0.5	1	115 5
125	107	0.5	1	100 7
126	104	0.5	1	97 7
127	104	0.5	1	102 2
128	116	0.5	1	112 4
129	137	0.5	1	134 3
130	149	0.5	1	145 4
131	190	0.5	1	183 7
132	686	0.5	1	652 34
133	426	0.5	1	419 7
134	239	0.5	1	237 2
135	224	0.5	1	215 9
136	250	0.5	1	239 11
137	257	0.5	1	225 32
138	274	0.5	1	269 5
139	257	0.5	1	256 1
140	303	0.5	1	296 7
141	416	0.5	1	409 7
142	233	0.5	1	229 4
143	313	0.5	1	300 13
144	385	0.5	1	379 6
145	432	0.5	1	419 13
146	675	0.5	1	666 9
147	832	0.5	1	806 26
148	259	0.5	1	250 9
149	79	0.5	1	72 7
150	2096	0.5	1	1847 249

RUN STATISTICS FOR INPUT FILE: Kiley_A_DZM0422_Aerobic_B_2.fastq.gz
=============================================
34391133 sequences processed in total

Total number of sequences analysed for the sequence pair length validation: 34391133

Number of sequence pairs removed because at least one read was shorter than the length cutoff (20 bp): 39364 (0.11%)
