
SUMMARISING RUN PARAMETERS
==========================
Input filename: Kiley_A_WT_Aerobic_A_2.fastq.gz
Trimming mode: paired-end
Trim Galore version: 0.6.10
Cutadapt version: 4.4
Python version: could not detect
Number of cores used for trimming: 4
Quality Phred score cutoff: 20
Quality encoding type selected: ASCII+33
Using Illumina adapter for trimming (count: 324350). Second best hit was Nextera (count: 2)
Adapter sequence: 'AGATCGGAAGAGC' (Illumina TruSeq, Sanger iPCR; auto-detected)
Maximum trimming error rate: 0.1 (default)
Minimum required adapter overlap (stringency): 1 bp
Minimum required sequence length for both reads before a sequence pair gets removed: 20 bp
Running FastQC on the data once trimming has completed
Output file will be GZIP compressed


This is cutadapt 4.4 with Python 3.7.16
Command line parameters: -j 4 -e 0.1 -q 20 -O 1 -a AGATCGGAAGAGC Kiley_A_WT_Aerobic_A_2.fastq.gz
Processing single-end reads on 4 cores ...
Finished in 281.214 s (8.588 µs/read; 6.99 M reads/minute).

=== Summary ===

Total reads processed:              32,745,805
Reads with adapters:                18,914,956 (57.8%)
Reads written (passing filters):    32,745,805 (100.0%)

Total basepairs processed: 4,911,870,750 bp
Quality-trimmed:               6,103,641 bp (0.1%)
Total written (filtered):  4,439,206,710 bp (90.4%)

=== Adapter 1 ===

Sequence: AGATCGGAAGAGC; Type: regular 3'; Length: 13; Trimmed: 18914956 times

Minimum overlap: 1
No. of allowed errors:
1-9 bp: 0; 10-13 bp: 1

Bases preceding removed adapters:
  A: 20.9%
  C: 36.0%
  G: 31.6%
  T: 11.4%
  none/other: 0.0%

Overview of removed sequences
length	count	expect	max.err	error counts
1	4789024	8186451.2	0	4789024
2	1133780	2046612.8	0	1133780
3	502298	511653.2	0	502298
4	275386	127913.3	0	275386
5	211844	31978.3	0	211844
6	194515	7994.6	0	194515
7	189017	1998.6	0	189017
8	203753	499.7	0	203753
9	175020	124.9	0	173493 1527
10	191843	31.2	1	186940 4903
11	198835	7.8	1	193071 5764
12	199513	2.0	1	194103 5410
13	194449	0.5	1	189268 5181
14	202070	0.5	1	196160 5910
15	195419	0.5	1	190077 5342
16	202600	0.5	1	197100 5500
17	222630	0.5	1	216696 5934
18	174147	0.5	1	169779 4368
19	225858	0.5	1	220030 5828
20	185372	0.5	1	180879 4493
21	191557	0.5	1	186780 4777
22	199264	0.5	1	194863 4401
23	200980	0.5	1	196515 4465
24	219640	0.5	1	214002 5638
25	223573	0.5	1	218582 4991
26	177672	0.5	1	173444 4228
27	190146	0.5	1	185081 5065
28	194200	0.5	1	190438 3762
29	199249	0.5	1	194475 4774
30	202581	0.5	1	198228 4353
31	200210	0.5	1	195668 4542
32	197499	0.5	1	193348 4151
33	200040	0.5	1	195687 4353
34	203219	0.5	1	198271 4948
35	186294	0.5	1	182676 3618
36	188160	0.5	1	183799 4361
37	198774	0.5	1	194107 4667
38	187333	0.5	1	183565 3768
39	191207	0.5	1	187137 4070
40	183975	0.5	1	180153 3822
41	180067	0.5	1	176640 3427
42	182759	0.5	1	179287 3472
43	181557	0.5	1	177928 3629
44	178614	0.5	1	175180 3434
45	199497	0.5	1	195667 3830
46	159953	0.5	1	156770 3183
47	173112	0.5	1	170199 2913
48	189850	0.5	1	186334 3516
49	167816	0.5	1	165022 2794
50	160273	0.5	1	157478 2795
51	195924	0.5	1	192372 3552
52	133748	0.5	1	131429 2319
53	130452	0.5	1	128184 2268
54	134831	0.5	1	132472 2359
55	133588	0.5	1	131456 2132
56	143534	0.5	1	140938 2596
57	116597	0.5	1	114636 1961
58	144554	0.5	1	142306 2248
59	129159	0.5	1	126979 2180
60	121712	0.5	1	119601 2111
61	143200	0.5	1	140781 2419
62	146552	0.5	1	144064 2488
63	241372	0.5	1	238564 2808
64	136350	0.5	1	134388 1962
65	41699	0.5	1	40623 1076
66	57087	0.5	1	56170 917
67	78236	0.5	1	77100 1136
68	70326	0.5	1	69175 1151
69	94171	0.5	1	92835 1336
70	84761	0.5	1	83521 1240
71	84013	0.5	1	82845 1168
72	69128	0.5	1	68081 1047
73	69227	0.5	1	68170 1057
74	54373	0.5	1	53573 800
75	49199	0.5	1	48427 772
76	47166	0.5	1	46495 671
77	46086	0.5	1	45444 642
78	45141	0.5	1	44558 583
79	44483	0.5	1	43878 605
80	36291	0.5	1	35775 516
81	24817	0.5	1	24489 328
82	21750	0.5	1	21424 326
83	19483	0.5	1	19192 291
84	18100	0.5	1	17880 220
85	17200	0.5	1	16971 229
86	16913	0.5	1	16682 231
87	14986	0.5	1	14766 220
88	19023	0.5	1	18767 256
89	12887	0.5	1	12701 186
90	11671	0.5	1	11483 188
91	9659	0.5	1	9498 161
92	8323	0.5	1	8218 105
93	7842	0.5	1	7732 110
94	7216	0.5	1	7119 97
95	8730	0.5	1	8625 105
96	7159	0.5	1	7080 79
97	12165	0.5	1	12005 160
98	7381	0.5	1	7273 108
99	12363	0.5	1	12207 156
100	12139	0.5	1	12000 139
101	4645	0.5	1	4600 45
102	3675	0.5	1	3624 51
103	2953	0.5	1	2922 31
104	3085	0.5	1	3050 35
105	2892	0.5	1	2859 33
106	3050	0.5	1	3011 39
107	2495	0.5	1	2466 29
108	2058	0.5	1	2037 21
109	1632	0.5	1	1618 14
110	1341	0.5	1	1317 24
111	1413	0.5	1	1387 26
112	1024	0.5	1	1003 21
113	1172	0.5	1	1155 17
114	936	0.5	1	924 12
115	873	0.5	1	859 14
116	808	0.5	1	792 16
117	663	0.5	1	651 12
118	630	0.5	1	623 7
119	443	0.5	1	434 9
120	291	0.5	1	288 3
121	313	0.5	1	310 3
122	154	0.5	1	149 5
123	125	0.5	1	119 6
124	109	0.5	1	107 2
125	94	0.5	1	90 4
126	84	0.5	1	78 6
127	97	0.5	1	96 1
128	98	0.5	1	95 3
129	141	0.5	1	140 1
130	116	0.5	1	115 1
131	192	0.5	1	187 5
132	730	0.5	1	699 31
133	407	0.5	1	400 7
134	234	0.5	1	231 3
135	232	0.5	1	221 11
136	216	0.5	1	205 11
137	237	0.5	1	228 9
138	290	0.5	1	287 3
139	230	0.5	1	222 8
140	269	0.5	1	261 8
141	404	0.5	1	389 15
142	212	0.5	1	209 3
143	272	0.5	1	262 10
144	371	0.5	1	361 10
145	370	0.5	1	362 8
146	598	0.5	1	583 15
147	746	0.5	1	727 19
148	243	0.5	1	232 11
149	65	0.5	1	62 3
150	2017	0.5	1	1757 260

RUN STATISTICS FOR INPUT FILE: Kiley_A_WT_Aerobic_A_2.fastq.gz
=============================================
32745805 sequences processed in total

Total number of sequences analysed for the sequence pair length validation: 32745805

Number of sequence pairs removed because at least one read was shorter than the length cutoff (20 bp): 38679 (0.12%)
