
SUMMARISING RUN PARAMETERS
==========================
Input filename: SRX14563848_1.fastq.gz
Trimming mode: paired-end
Trim Galore version: 0.6.10
Cutadapt version: 4.4
Python version: could not detect
Number of cores used for trimming: 4
Quality Phred score cutoff: 20
Quality encoding type selected: ASCII+33
Using Illumina adapter for trimming (count: 167674). Second best hit was Nextera (count: 0)
Adapter sequence: 'AGATCGGAAGAGC' (Illumina TruSeq, Sanger iPCR; auto-detected)
Maximum trimming error rate: 0.1 (default)
Minimum required adapter overlap (stringency): 1 bp
Minimum required sequence length for both reads before a sequence pair gets removed: 20 bp
Running FastQC on the data once trimming has completed
Output file will be GZIP compressed


This is cutadapt 4.4 with Python 3.7.16
Command line parameters: -j 4 -e 0.1 -q 20 -O 1 -a AGATCGGAAGAGC SRX14563848_1.fastq.gz
Processing single-end reads on 4 cores ...
Finished in 228.522 s (9.319 µs/read; 6.44 M reads/minute).

=== Summary ===

Total reads processed:              24,522,616
Reads with adapters:                12,674,408 (51.7%)
Reads written (passing filters):    24,522,616 (100.0%)

Total basepairs processed: 3,702,915,016 bp
Quality-trimmed:              24,579,019 bp (0.7%)
Total written (filtered):  3,481,938,597 bp (94.0%)

=== Adapter 1 ===

Sequence: AGATCGGAAGAGC; Type: regular 3'; Length: 13; Trimmed: 12674408 times

Minimum overlap: 1
No. of allowed errors:
1-9 bp: 0; 10-13 bp: 1

Bases preceding removed adapters:
  A: 22.3%
  C: 31.8%
  G: 26.1%
  T: 16.5%
  none/other: 3.3%

Overview of removed sequences
length	count	expect	max.err	error counts
1	4479863	6130654.0	0	4479863
2	1232843	1532663.5	0	1232843
3	484103	383165.9	0	484103
4	265658	95791.5	0	265658
5	210607	23947.9	0	210607
6	200797	5987.0	0	200797
7	200587	1496.7	0	200587
8	185212	374.2	0	185212
9	195237	93.5	0	194874 363
10	196106	23.4	1	192164 3942
11	180896	5.8	1	176798 4098
12	180910	1.5	1	176786 4124
13	176991	0.4	1	172476 4515
14	170217	0.4	1	166283 3934
15	173449	0.4	1	169148 4301
16	162957	0.4	1	159143 3814
17	159789	0.4	1	155812 3977
18	161084	0.4	1	156895 4189
19	143861	0.4	1	140569 3292
20	145132	0.4	1	141738 3394
21	141122	0.4	1	137804 3318
22	139978	0.4	1	136663 3315
23	135693	0.4	1	132589 3104
24	127663	0.4	1	124694 2969
25	130768	0.4	1	127571 3197
26	116576	0.4	1	113869 2707
27	115352	0.4	1	112673 2679
28	114721	0.4	1	112030 2691
29	96546	0.4	1	94336 2210
30	103237	0.4	1	100916 2321
31	84782	0.4	1	82832 1950
32	89735	0.4	1	87833 1902
33	81630	0.4	1	79896 1734
34	87958	0.4	1	86067 1891
35	76670	0.4	1	75021 1649
36	77957	0.4	1	76311 1646
37	74064	0.4	1	72461 1603
38	73144	0.4	1	71575 1569
39	65088	0.4	1	63705 1383
40	60704	0.4	1	59432 1272
41	57910	0.4	1	56547 1363
42	55022	0.4	1	53809 1213
43	55140	0.4	1	53966 1174
44	47509	0.4	1	46512 997
45	68722	0.4	1	67561 1161
46	26577	0.4	1	25738 839
47	39977	0.4	1	39283 694
48	38570	0.4	1	37799 771
49	34001	0.4	1	33329 672
50	33245	0.4	1	32624 621
51	29827	0.4	1	29268 559
52	28967	0.4	1	28405 562
53	28034	0.4	1	27482 552
54	28162	0.4	1	27568 594
55	27243	0.4	1	26730 513
56	21995	0.4	1	21573 422
57	21977	0.4	1	21565 412
58	20797	0.4	1	20402 395
59	18570	0.4	1	18228 342
60	16008	0.4	1	15665 343
61	15905	0.4	1	15577 328
62	14349	0.4	1	13986 363
63	15841	0.4	1	15532 309
64	13651	0.4	1	13368 283
65	13051	0.4	1	12675 376
66	12728	0.4	1	12377 351
67	11217	0.4	1	10831 386
68	11410	0.4	1	10919 491
69	11182	0.4	1	10331 851
70	12099	0.4	1	9266 2833
71	174627	0.4	1	9797 164830
72	98607	0.4	1	55138 43469
73	27250	0.4	1	16165 11085
74	13853	0.4	1	5773 8080
75	7332	0.4	1	3549 3783
76	5925	0.4	1	2715 3210
77	4671	0.4	1	2338 2333
78	3876	0.4	1	2154 1722
79	3602	0.4	1	1883 1719
80	3289	0.4	1	1854 1435
81	3203	0.4	1	1794 1409
82	2917	0.4	1	1689 1228
83	2704	0.4	1	1634 1070
84	2366	0.4	1	1421 945
85	2116	0.4	1	1277 839
86	2036	0.4	1	1231 805
87	1898	0.4	1	1203 695
88	1778	0.4	1	1146 632
89	1739	0.4	1	1085 654
90	1566	0.4	1	1038 528
91	1457	0.4	1	895 562
92	1359	0.4	1	867 492
93	1344	0.4	1	835 509
94	1172	0.4	1	740 432
95	1150	0.4	1	687 463
96	1093	0.4	1	655 438
97	1148	0.4	1	706 442
98	990	0.4	1	601 389
99	967	0.4	1	573 394
100	886	0.4	1	506 380
101	778	0.4	1	449 329
102	780	0.4	1	439 341
103	718	0.4	1	402 316
104	655	0.4	1	352 303
105	622	0.4	1	325 297
106	557	0.4	1	308 249
107	576	0.4	1	310 266
108	453	0.4	1	232 221
109	517	0.4	1	231 286
110	501	0.4	1	245 256
111	441	0.4	1	198 243
112	410	0.4	1	157 253
113	382	0.4	1	148 234
114	327	0.4	1	110 217
115	285	0.4	1	82 203
116	332	0.4	1	80 252
117	276	0.4	1	69 207
118	295	0.4	1	59 236
119	259	0.4	1	46 213
120	414	0.4	1	54 360
121	289	0.4	1	35 254
122	225	0.4	1	19 206
123	249	0.4	1	14 235
124	209	0.4	1	11 198
125	206	0.4	1	4 202
126	223	0.4	1	8 215
127	258	0.4	1	3 255
128	249	0.4	1	4 245
129	219	0.4	1	2 217
130	242	0.4	1	5 237
131	237	0.4	1	0 237
132	267	0.4	1	7 260
133	289	0.4	1	4 285
134	284	0.4	1	2 282
135	321	0.4	1	1 320
136	352	0.4	1	1 351
137	411	0.4	1	2 409
138	425	0.4	1	1 424
139	446	0.4	1	1 445
140	529	0.4	1	1 528
141	605	0.4	1	2 603
142	726	0.4	1	1 725
143	879	0.4	1	3 876
144	1052	0.4	1	3 1049
145	1270	0.4	1	1 1269
146	1763	0.4	1	4 1759
147	2373	0.4	1	3 2370
148	3683	0.4	1	4 3679
149	5048	0.4	1	1 5047
150	16514	0.4	1	1 16513
151	118693	0.4	1	10 118683

RUN STATISTICS FOR INPUT FILE: SRX14563848_1.fastq.gz
=============================================
24522616 sequences processed in total

