
SUMMARISING RUN PARAMETERS
==========================
Input filename: SRX19817113_2.fastq.gz
Trimming mode: paired-end
Trim Galore version: 0.6.10
Cutadapt version: 4.4
Python version: could not detect
Number of cores used for trimming: 4
Quality Phred score cutoff: 20
Quality encoding type selected: ASCII+33
Using Illumina adapter for trimming (count: 80391). Second best hit was Nextera (count: 0)
Adapter sequence: 'AGATCGGAAGAGC' (Illumina TruSeq, Sanger iPCR; auto-detected)
Maximum trimming error rate: 0.1 (default)
Minimum required adapter overlap (stringency): 1 bp
Minimum required sequence length for both reads before a sequence pair gets removed: 20 bp
Running FastQC on the data once trimming has completed
Output file will be GZIP compressed


This is cutadapt 4.4 with Python 3.7.16
Command line parameters: -j 4 -e 0.1 -q 20 -O 1 -a AGATCGGAAGAGC SRX19817113_2.fastq.gz
Processing single-end reads on 4 cores ...
Finished in 97.036 s (9.628 µs/read; 6.23 M reads/minute).

=== Summary ===

Total reads processed:              10,078,022
Reads with adapters:                 3,751,119 (37.2%)
Reads written (passing filters):    10,078,022 (100.0%)

Total basepairs processed: 1,511,703,300 bp
Quality-trimmed:               2,422,459 bp (0.2%)
Total written (filtered):  1,441,971,696 bp (95.4%)

=== Adapter 1 ===

Sequence: AGATCGGAAGAGC; Type: regular 3'; Length: 13; Trimmed: 3751119 times

Minimum overlap: 1
No. of allowed errors:
1-9 bp: 0; 10-13 bp: 1

Bases preceding removed adapters:
  A: 43.9%
  C: 22.0%
  G: 18.4%
  T: 15.7%
  none/other: 0.0%

Overview of removed sequences
length	count	expect	max.err	error counts
1	2054272	2519505.5	0	2054272
2	449727	629876.4	0	449727
3	153195	157469.1	0	153195
4	58347	39367.3	0	58347
5	29504	9841.8	0	29504
6	20061	2460.5	0	20061
7	19746	615.1	0	19746
8	20026	153.8	0	20026
9	15922	38.4	0	15642 280
10	17637	9.6	1	16706 931
11	17919	2.4	1	16926 993
12	18775	0.6	1	17758 1017
13	17252	0.2	1	16503 749
14	18067	0.2	1	17178 889
15	16774	0.2	1	16094 680
16	17067	0.2	1	16310 757
17	16886	0.2	1	16200 686
18	12661	0.2	1	12189 472
19	16703	0.2	1	15998 705
20	12948	0.2	1	12449 499
21	13391	0.2	1	12856 535
22	13770	0.2	1	13224 546
23	14419	0.2	1	13862 557
24	15244	0.2	1	14588 656
25	16542	0.2	1	15957 585
26	11652	0.2	1	11196 456
27	13107	0.2	1	12636 471
28	12259	0.2	1	11879 380
29	11640	0.2	1	11230 410
30	12207	0.2	1	11830 377
31	10762	0.2	1	10403 359
32	10438	0.2	1	10112 326
33	11317	0.2	1	10932 385
34	10569	0.2	1	10217 352
35	10955	0.2	1	10646 309
36	9419	0.2	1	9147 272
37	10054	0.2	1	9781 273
38	9745	0.2	1	9446 299
39	10559	0.2	1	10234 325
40	8908	0.2	1	8659 249
41	8664	0.2	1	8406 258
42	9404	0.2	1	9120 284
43	10031	0.2	1	9751 280
44	9665	0.2	1	9396 269
45	9170	0.2	1	8889 281
46	9313	0.2	1	9033 280
47	7480	0.2	1	7286 194
48	7972	0.2	1	7722 250
49	8299	0.2	1	8066 233
50	7084	0.2	1	6900 184
51	7595	0.2	1	7366 229
52	6185	0.2	1	5997 188
53	5936	0.2	1	5777 159
54	6591	0.2	1	6393 198
55	5779	0.2	1	5668 111
56	5869	0.2	1	5696 173
57	6240	0.2	1	6062 178
58	5530	0.2	1	5369 161
59	5539	0.2	1	5382 157
60	6218	0.2	1	6019 199
61	5346	0.2	1	5234 112
62	4601	0.2	1	4483 118
63	6547	0.2	1	6375 172
64	3767	0.2	1	3678 89
65	3493	0.2	1	3397 96
66	3900	0.2	1	3800 100
67	3785	0.2	1	3669 116
68	3953	0.2	1	3834 119
69	3265	0.2	1	3188 77
70	3859	0.2	1	3773 86
71	3839	0.2	1	3750 89
72	3140	0.2	1	3064 76
73	4504	0.2	1	4401 103
74	3612	0.2	1	3526 86
75	4186	0.2	1	4112 74
76	2564	0.2	1	2507 57
77	1449	0.2	1	1401 48
78	1429	0.2	1	1389 40
79	1348	0.2	1	1301 47
80	1422	0.2	1	1378 44
81	1287	0.2	1	1247 40
82	1174	0.2	1	1133 41
83	1228	0.2	1	1197 31
84	1099	0.2	1	1044 55
85	1041	0.2	1	993 48
86	1057	0.2	1	1019 38
87	1014	0.2	1	976 38
88	838	0.2	1	794 44
89	827	0.2	1	789 38
90	809	0.2	1	773 36
91	671	0.2	1	639 32
92	570	0.2	1	540 30
93	566	0.2	1	539 27
94	425	0.2	1	405 20
95	398	0.2	1	371 27
96	362	0.2	1	343 19
97	319	0.2	1	292 27
98	282	0.2	1	258 24
99	256	0.2	1	237 19
100	231	0.2	1	215 16
101	188	0.2	1	163 25
102	182	0.2	1	155 27
103	173	0.2	1	158 15
104	139	0.2	1	125 14
105	161	0.2	1	143 18
106	163	0.2	1	148 15
107	159	0.2	1	140 19
108	123	0.2	1	106 17
109	87	0.2	1	77 10
110	72	0.2	1	58 14
111	58	0.2	1	51 7
112	57	0.2	1	44 13
113	57	0.2	1	41 16
114	47	0.2	1	36 11
115	50	0.2	1	41 9
116	44	0.2	1	37 7
117	37	0.2	1	30 7
118	37	0.2	1	30 7
119	31	0.2	1	24 7
120	24	0.2	1	18 6
121	21	0.2	1	9 12
122	15	0.2	1	12 3
123	19	0.2	1	15 4
124	26	0.2	1	18 8
125	22	0.2	1	10 12
126	44	0.2	1	31 13
127	39	0.2	1	30 9
128	59	0.2	1	50 9
129	41	0.2	1	30 11
130	67	0.2	1	65 2
131	128	0.2	1	112 16
132	863	0.2	1	825 38
133	89692	0.2	1	88685 1007
134	1264	0.2	1	1248 16
135	205	0.2	1	202 3
136	81	0.2	1	78 3
137	66	0.2	1	58 8
138	81	0.2	1	76 5
139	89	0.2	1	87 2
140	54	0.2	1	51 3
141	181	0.2	1	176 5
142	69	0.2	1	65 4
143	12	0.2	1	10 2
144	42	0.2	1	32 10
145	83	0.2	1	50 33
146	63	0.2	1	50 13
147	99	0.2	1	98 1
148	920	0.2	1	893 27
149	180900	0.2	1	178485 2415
150	512	0.2	1	508 4

RUN STATISTICS FOR INPUT FILE: SRX19817113_2.fastq.gz
=============================================
10078022 sequences processed in total

Total number of sequences analysed for the sequence pair length validation: 10078022

Number of sequence pairs removed because at least one read was shorter than the length cutoff (20 bp): 281669 (2.79%)
