
SUMMARISING RUN PARAMETERS
==========================
Input filename: SRX14563847_1.fastq.gz
Trimming mode: paired-end
Trim Galore version: 0.6.10
Cutadapt version: 4.4
Python version: could not detect
Number of cores used for trimming: 4
Quality Phred score cutoff: 20
Quality encoding type selected: ASCII+33
Using Illumina adapter for trimming (count: 88688). Second best hit was Nextera (count: 0)
Adapter sequence: 'AGATCGGAAGAGC' (Illumina TruSeq, Sanger iPCR; auto-detected)
Maximum trimming error rate: 0.1 (default)
Minimum required adapter overlap (stringency): 1 bp
Minimum required sequence length for both reads before a sequence pair gets removed: 20 bp
Running FastQC on the data once trimming has completed
Output file will be GZIP compressed


This is cutadapt 4.4 with Python 3.7.16
Command line parameters: -j 4 -e 0.1 -q 20 -O 1 -a AGATCGGAAGAGC SRX14563847_1.fastq.gz
Processing single-end reads on 4 cores ...
Finished in 208.756 s (9.189 µs/read; 6.53 M reads/minute).

=== Summary ===

Total reads processed:              22,717,430
Reads with adapters:                10,602,697 (46.7%)
Reads written (passing filters):    22,717,430 (100.0%)

Total basepairs processed: 3,430,331,930 bp
Quality-trimmed:              65,855,565 bp (1.9%)
Total written (filtered):  3,159,894,164 bp (92.1%)

=== Adapter 1 ===

Sequence: AGATCGGAAGAGC; Type: regular 3'; Length: 13; Trimmed: 10602697 times

Minimum overlap: 1
No. of allowed errors:
1-9 bp: 0; 10-13 bp: 1

Bases preceding removed adapters:
  A: 23.2%
  C: 29.1%
  G: 21.2%
  T: 14.8%
  none/other: 11.7%

Overview of removed sequences
length	count	expect	max.err	error counts
1	4522140	5679357.5	0	4522140
2	1199534	1419839.4	0	1199534
3	404322	354959.8	0	404322
4	198329	88740.0	0	198329
5	138546	22185.0	0	138546
6	125923	5546.2	0	125923
7	123277	1386.6	0	123277
8	113258	346.6	0	113258
9	119677	86.7	0	119472 205
10	116067	21.7	1	113605 2462
11	106039	5.4	1	103572 2467
12	107331	1.4	1	104827 2504
13	101277	0.3	1	98737 2540
14	98651	0.3	1	96391 2260
15	95471	0.3	1	93176 2295
16	89939	0.3	1	87818 2121
17	88258	0.3	1	86130 2128
18	89509	0.3	1	87279 2230
19	76599	0.3	1	74898 1701
20	77346	0.3	1	75572 1774
21	75421	0.3	1	73617 1804
22	71723	0.3	1	70145 1578
23	69623	0.3	1	68052 1571
24	66136	0.3	1	64585 1551
25	68237	0.3	1	66700 1537
26	61208	0.3	1	59908 1300
27	58575	0.3	1	57217 1358
28	56844	0.3	1	55439 1405
29	49357	0.3	1	48282 1075
30	50180	0.3	1	49012 1168
31	42704	0.3	1	41742 962
32	44025	0.3	1	43167 858
33	38763	0.3	1	37973 790
34	41151	0.3	1	40249 902
35	35242	0.3	1	34564 678
36	34160	0.3	1	33399 761
37	33821	0.3	1	33076 745
38	30750	0.3	1	30135 615
39	30767	0.3	1	30114 653
40	26617	0.3	1	26066 551
41	24712	0.3	1	24204 508
42	24635	0.3	1	24032 603
43	25825	0.3	1	25251 574
44	19728	0.3	1	19275 453
45	29470	0.3	1	29013 457
46	10552	0.3	1	10276 276
47	15968	0.3	1	15680 288
48	15636	0.3	1	15281 355
49	13668	0.3	1	13373 295
50	13994	0.3	1	13690 304
51	11988	0.3	1	11735 253
52	11560	0.3	1	11334 226
53	10898	0.3	1	10665 233
54	10784	0.3	1	10499 285
55	10833	0.3	1	10579 254
56	8279	0.3	1	8077 202
57	8630	0.3	1	8425 205
58	7797	0.3	1	7622 175
59	7191	0.3	1	7029 162
60	6563	0.3	1	6440 123
61	5999	0.3	1	5848 151
62	5863	0.3	1	5611 252
63	6213	0.3	1	5988 225
64	5201	0.3	1	5022 179
65	5098	0.3	1	4659 439
66	5066	0.3	1	4656 410
67	4625	0.3	1	4124 501
68	4781	0.3	1	3887 894
69	5405	0.3	1	3556 1849
70	9746	0.3	1	3340 6406
71	481935	0.3	1	3652 478283
72	149767	0.3	1	18867 130900
73	39412	0.3	1	5902 33510
74	27129	0.3	1	2123 25006
75	13222	0.3	1	1354 11868
76	10663	0.3	1	940 9723
77	7566	0.3	1	834 6732
78	5811	0.3	1	773 5038
79	5363	0.3	1	703 4660
80	4724	0.3	1	651 4073
81	4384	0.3	1	635 3749
82	3960	0.3	1	602 3358
83	3505	0.3	1	529 2976
84	3216	0.3	1	492 2724
85	2903	0.3	1	510 2393
86	2686	0.3	1	441 2245
87	2373	0.3	1	426 1947
88	2207	0.3	1	379 1828
89	2118	0.3	1	367 1751
90	1967	0.3	1	330 1637
91	1853	0.3	1	286 1567
92	1871	0.3	1	317 1554
93	1629	0.3	1	282 1347
94	1570	0.3	1	244 1326
95	1487	0.3	1	184 1303
96	1499	0.3	1	236 1263
97	1438	0.3	1	260 1178
98	1320	0.3	1	219 1101
99	1371	0.3	1	212 1159
100	1217	0.3	1	212 1005
101	1151	0.3	1	152 999
102	1203	0.3	1	160 1043
103	1004	0.3	1	132 872
104	1016	0.3	1	136 880
105	973	0.3	1	113 860
106	890	0.3	1	81 809
107	808	0.3	1	98 710
108	796	0.3	1	105 691
109	755	0.3	1	88 667
110	798	0.3	1	105 693
111	702	0.3	1	70 632
112	720	0.3	1	65 655
113	644	0.3	1	65 579
114	703	0.3	1	60 643
115	666	0.3	1	33 633
116	682	0.3	1	23 659
117	616	0.3	1	25 591
118	680	0.3	1	23 657
119	673	0.3	1	27 646
120	757	0.3	1	22 735
121	640	0.3	1	14 626
122	672	0.3	1	15 657
123	623	0.3	1	8 615
124	596	0.3	1	5 591
125	622	0.3	1	6 616
126	637	0.3	1	1 636
127	621	0.3	1	1 620
128	718	0.3	1	6 712
129	677	0.3	1	3 674
130	723	0.3	1	0 723
131	747	0.3	1	2 745
132	781	0.3	1	4 777
133	856	0.3	1	1 855
134	922	0.3	1	0 922
135	1011	0.3	1	0 1011
136	1025	0.3	1	0 1025
137	1213	0.3	1	0 1213
138	1281	0.3	1	0 1281
139	1406	0.3	1	1 1405
140	1591	0.3	1	1 1590
141	1864	0.3	1	2 1862
142	2211	0.3	1	1 2210
143	2475	0.3	1	2 2473
144	3055	0.3	1	3 3052
145	3927	0.3	1	0 3927
146	5314	0.3	1	2 5312
147	7224	0.3	1	2 7222
148	10624	0.3	1	3 10621
149	14770	0.3	1	0 14770
150	48636	0.3	1	3 48633
151	355327	0.3	1	15 355312

RUN STATISTICS FOR INPUT FILE: SRX14563847_1.fastq.gz
=============================================
22717430 sequences processed in total

