
SUMMARISING RUN PARAMETERS
==========================
Input filename: SRX19817114_2.fastq.gz
Trimming mode: paired-end
Trim Galore version: 0.6.10
Cutadapt version: 4.4
Python version: could not detect
Number of cores used for trimming: 4
Quality Phred score cutoff: 20
Quality encoding type selected: ASCII+33
Using Illumina adapter for trimming (count: 82078). Second best hit was Nextera (count: 1)
Adapter sequence: 'AGATCGGAAGAGC' (Illumina TruSeq, Sanger iPCR; auto-detected)
Maximum trimming error rate: 0.1 (default)
Minimum required adapter overlap (stringency): 1 bp
Minimum required sequence length for both reads before a sequence pair gets removed: 20 bp
Running FastQC on the data once trimming has completed
Output file will be GZIP compressed


This is cutadapt 4.4 with Python 3.7.16
Command line parameters: -j 4 -e 0.1 -q 20 -O 1 -a AGATCGGAAGAGC SRX19817114_2.fastq.gz
Processing single-end reads on 4 cores ...
Finished in 104.741 s (9.775 µs/read; 6.14 M reads/minute).

=== Summary ===

Total reads processed:              10,715,450
Reads with adapters:                 4,006,629 (37.4%)
Reads written (passing filters):    10,715,450 (100.0%)

Total basepairs processed: 1,607,317,500 bp
Quality-trimmed:               2,660,491 bp (0.2%)
Total written (filtered):  1,532,620,539 bp (95.4%)

=== Adapter 1 ===

Sequence: AGATCGGAAGAGC; Type: regular 3'; Length: 13; Trimmed: 4006629 times

Minimum overlap: 1
No. of allowed errors:
1-9 bp: 0; 10-13 bp: 1

Bases preceding removed adapters:
  A: 46.1%
  C: 21.4%
  G: 17.6%
  T: 14.8%
  none/other: 0.0%

Overview of removed sequences
length	count	expect	max.err	error counts
1	2195798	2678862.5	0	2195798
2	480056	669715.6	0	480056
3	164376	167428.9	0	164376
4	61678	41857.2	0	61678
5	31486	10464.3	0	31486
6	21167	2616.1	0	21167
7	20662	654.0	0	20662
8	21636	163.5	0	21636
9	16959	40.9	0	16641 318
10	19172	10.2	1	18016 1156
11	19886	2.6	1	18791 1095
12	20716	0.6	1	19463 1253
13	18863	0.2	1	17908 955
14	20157	0.2	1	19142 1015
15	18588	0.2	1	17749 839
16	18700	0.2	1	17854 846
17	17957	0.2	1	17095 862
18	12977	0.2	1	12515 462
19	17711	0.2	1	16937 774
20	13770	0.2	1	13212 558
21	13666	0.2	1	12992 674
22	14912	0.2	1	14319 593
23	14956	0.2	1	14348 608
24	16376	0.2	1	15634 742
25	16976	0.2	1	16302 674
26	11966	0.2	1	11450 516
27	13910	0.2	1	13359 551
28	13229	0.2	1	12777 452
29	12268	0.2	1	11803 465
30	13001	0.2	1	12522 479
31	11080	0.2	1	10657 423
32	11701	0.2	1	11246 455
33	10904	0.2	1	10515 389
34	10740	0.2	1	10346 394
35	10978	0.2	1	10558 420
36	11528	0.2	1	11104 424
37	10786	0.2	1	10451 335
38	10249	0.2	1	9975 274
39	10226	0.2	1	9905 321
40	9841	0.2	1	9510 331
41	9890	0.2	1	9506 384
42	10336	0.2	1	10010 326
43	11035	0.2	1	10663 372
44	10428	0.2	1	10086 342
45	9741	0.2	1	9426 315
46	9810	0.2	1	9474 336
47	7610	0.2	1	7371 239
48	8396	0.2	1	8103 293
49	8803	0.2	1	8507 296
50	7196	0.2	1	6996 200
51	8062	0.2	1	7801 261
52	6801	0.2	1	6611 190
53	6428	0.2	1	6235 193
54	7204	0.2	1	6952 252
55	6232	0.2	1	6073 159
56	6243	0.2	1	6059 184
57	6357	0.2	1	6143 214
58	5682	0.2	1	5481 201
59	5869	0.2	1	5679 190
60	6654	0.2	1	6429 225
61	5631	0.2	1	5488 143
62	4716	0.2	1	4577 139
63	7037	0.2	1	6804 233
64	4297	0.2	1	4173 124
65	3871	0.2	1	3740 131
66	4211	0.2	1	4077 134
67	3763	0.2	1	3657 106
68	4140	0.2	1	3995 145
69	3339	0.2	1	3235 104
70	3849	0.2	1	3738 111
71	3972	0.2	1	3849 123
72	3178	0.2	1	3073 105
73	4772	0.2	1	4627 145
74	4115	0.2	1	4002 113
75	4280	0.2	1	4176 104
76	2593	0.2	1	2532 61
77	1575	0.2	1	1501 74
78	1542	0.2	1	1493 49
79	1487	0.2	1	1435 52
80	1505	0.2	1	1429 76
81	1304	0.2	1	1254 50
82	1148	0.2	1	1093 55
83	1269	0.2	1	1216 53
84	1179	0.2	1	1114 65
85	1205	0.2	1	1147 58
86	1164	0.2	1	1119 45
87	1184	0.2	1	1134 50
88	985	0.2	1	952 33
89	840	0.2	1	800 40
90	871	0.2	1	828 43
91	748	0.2	1	711 37
92	652	0.2	1	608 44
93	593	0.2	1	560 33
94	458	0.2	1	428 30
95	511	0.2	1	477 34
96	440	0.2	1	408 32
97	416	0.2	1	397 19
98	352	0.2	1	326 26
99	332	0.2	1	308 24
100	324	0.2	1	296 28
101	231	0.2	1	207 24
102	240	0.2	1	210 30
103	217	0.2	1	190 27
104	185	0.2	1	159 26
105	208	0.2	1	186 22
106	202	0.2	1	184 18
107	211	0.2	1	195 16
108	142	0.2	1	129 13
109	114	0.2	1	91 23
110	101	0.2	1	85 16
111	73	0.2	1	56 17
112	67	0.2	1	54 13
113	84	0.2	1	66 18
114	70	0.2	1	60 10
115	62	0.2	1	46 16
116	61	0.2	1	48 13
117	72	0.2	1	57 15
118	53	0.2	1	40 13
119	36	0.2	1	27 9
120	40	0.2	1	32 8
121	36	0.2	1	29 7
122	51	0.2	1	41 10
123	35	0.2	1	23 12
124	36	0.2	1	29 7
125	32	0.2	1	26 6
126	49	0.2	1	40 9
127	68	0.2	1	58 10
128	58	0.2	1	47 11
129	58	0.2	1	51 7
130	114	0.2	1	103 11
131	130	0.2	1	115 15
132	918	0.2	1	881 37
133	78456	0.2	1	77550 906
134	1200	0.2	1	1188 12
135	228	0.2	1	219 9
136	123	0.2	1	111 12
137	72	0.2	1	71 1
138	91	0.2	1	83 8
139	89	0.2	1	83 6
140	84	0.2	1	80 4
141	204	0.2	1	196 8
142	72	0.2	1	65 7
143	25	0.2	1	19 6
144	62	0.2	1	40 22
145	96	0.2	1	71 25
146	101	0.2	1	91 10
147	127	0.2	1	115 12
148	1228	0.2	1	1161 67
149	209466	0.2	1	206409 3057
150	618	0.2	1	608 10

RUN STATISTICS FOR INPUT FILE: SRX19817114_2.fastq.gz
=============================================
10715450 sequences processed in total

Total number of sequences analysed for the sequence pair length validation: 10715450

Number of sequence pairs removed because at least one read was shorter than the length cutoff (20 bp): 299991 (2.80%)
