
SUMMARISING RUN PARAMETERS
==========================
Input filename: SRX14563849_1.fastq.gz
Trimming mode: paired-end
Trim Galore version: 0.6.10
Cutadapt version: 4.4
Python version: could not detect
Number of cores used for trimming: 4
Quality Phred score cutoff: 20
Quality encoding type selected: ASCII+33
Using Illumina adapter for trimming (count: 106257). Second best hit was smallRNA (count: 0)
Adapter sequence: 'AGATCGGAAGAGC' (Illumina TruSeq, Sanger iPCR; auto-detected)
Maximum trimming error rate: 0.1 (default)
Minimum required adapter overlap (stringency): 1 bp
Minimum required sequence length for both reads before a sequence pair gets removed: 20 bp
Running FastQC on the data once trimming has completed
Output file will be GZIP compressed


This is cutadapt 4.4 with Python 3.7.16
Command line parameters: -j 4 -e 0.1 -q 20 -O 1 -a AGATCGGAAGAGC SRX14563849_1.fastq.gz
Processing single-end reads on 4 cores ...
Finished in 224.989 s (9.399 µs/read; 6.38 M reads/minute).

=== Summary ===

Total reads processed:              23,937,958
Reads with adapters:                11,270,986 (47.1%)
Reads written (passing filters):    23,937,958 (100.0%)

Total basepairs processed: 3,614,631,658 bp
Quality-trimmed:              31,606,153 bp (0.9%)
Total written (filtered):  3,428,507,175 bp (94.9%)

=== Adapter 1 ===

Sequence: AGATCGGAAGAGC; Type: regular 3'; Length: 13; Trimmed: 11270986 times

Minimum overlap: 1
No. of allowed errors:
1-9 bp: 0; 10-13 bp: 1

Bases preceding removed adapters:
  A: 23.4%
  C: 32.2%
  G: 23.0%
  T: 16.3%
  none/other: 5.1%

Overview of removed sequences
length	count	expect	max.err	error counts
1	4844698	5984489.5	0	4844698
2	1324411	1496122.4	0	1324411
3	457522	374030.6	0	457522
4	237501	93507.6	0	237501
5	168366	23376.9	0	168366
6	155930	5844.2	0	155930
7	153388	1461.1	0	153388
8	140657	365.3	0	140657
9	149125	91.3	0	148813 312
10	146837	22.8	1	143587 3250
11	133334	5.7	1	129868 3466
12	134299	1.4	1	130753 3546
13	129168	0.4	1	125456 3712
14	125921	0.4	1	122586 3335
15	121953	0.4	1	118521 3432
16	115531	0.4	1	112429 3102
17	112490	0.4	1	109242 3248
18	115294	0.4	1	112020 3274
19	99819	0.4	1	97175 2644
20	98373	0.4	1	95682 2691
21	95533	0.4	1	93080 2453
22	93077	0.4	1	90475 2602
23	88755	0.4	1	86529 2226
24	85577	0.4	1	83421 2156
25	87816	0.4	1	85382 2434
26	77050	0.4	1	75066 1984
27	74596	0.4	1	72731 1865
28	74356	0.4	1	72307 2049
29	63777	0.4	1	62103 1674
30	63682	0.4	1	62015 1667
31	57031	0.4	1	55602 1429
32	56891	0.4	1	55453 1438
33	50269	0.4	1	49015 1254
34	54329	0.4	1	52948 1381
35	44314	0.4	1	43190 1124
36	44785	0.4	1	43635 1150
37	52130	0.4	1	50884 1246
38	30814	0.4	1	29951 863
39	38279	0.4	1	37379 900
40	37468	0.4	1	36514 954
41	30621	0.4	1	29829 792
42	30883	0.4	1	30111 772
43	31756	0.4	1	31009 747
44	25318	0.4	1	24681 637
45	34351	0.4	1	33661 690
46	14791	0.4	1	14338 453
47	19864	0.4	1	19480 384
48	19955	0.4	1	19502 453
49	17328	0.4	1	16892 436
50	16780	0.4	1	16415 365
51	14901	0.4	1	14566 335
52	14415	0.4	1	14106 309
53	13866	0.4	1	13572 294
54	13330	0.4	1	13009 321
55	13225	0.4	1	12918 307
56	10153	0.4	1	9886 267
57	10549	0.4	1	10336 213
58	9634	0.4	1	9393 241
59	8953	0.4	1	8743 210
60	7779	0.4	1	7586 193
61	7514	0.4	1	7335 179
62	6843	0.4	1	6624 219
63	7213	0.4	1	7020 193
64	6040	0.4	1	5862 178
65	5794	0.4	1	5479 315
66	5904	0.4	1	5654 250
67	4944	0.4	1	4635 309
68	5160	0.4	1	4620 540
69	5234	0.4	1	4174 1060
70	7705	0.4	1	3998 3707
71	225727	0.4	1	3974 221753
72	80200	0.4	1	20632 59568
73	20703	0.4	1	6193 14510
74	12969	0.4	1	2143 10826
75	6171	0.4	1	1308 4863
76	5168	0.4	1	1014 4154
77	3728	0.4	1	862 2866
78	2955	0.4	1	799 2156
79	2781	0.4	1	741 2040
80	2542	0.4	1	769 1773
81	2371	0.4	1	688 1683
82	2167	0.4	1	675 1492
83	1971	0.4	1	605 1366
84	1731	0.4	1	530 1201
85	1529	0.4	1	477 1052
86	1400	0.4	1	422 978
87	1305	0.4	1	416 889
88	1210	0.4	1	391 819
89	1122	0.4	1	365 757
90	1117	0.4	1	346 771
91	1009	0.4	1	305 704
92	976	0.4	1	305 671
93	901	0.4	1	303 598
94	873	0.4	1	233 640
95	829	0.4	1	212 617
96	825	0.4	1	209 616
97	738	0.4	1	211 527
98	724	0.4	1	193 531
99	739	0.4	1	185 554
100	651	0.4	1	179 472
101	611	0.4	1	160 451
102	578	0.4	1	146 432
103	561	0.4	1	140 421
104	511	0.4	1	135 376
105	513	0.4	1	124 389
106	475	0.4	1	83 392
107	432	0.4	1	102 330
108	435	0.4	1	97 338
109	417	0.4	1	90 327
110	376	0.4	1	74 302
111	392	0.4	1	66 326
112	387	0.4	1	53 334
113	328	0.4	1	52 276
114	351	0.4	1	43 308
115	314	0.4	1	17 297
116	348	0.4	1	33 315
117	305	0.4	1	22 283
118	317	0.4	1	20 297
119	317	0.4	1	12 305
120	498	0.4	1	20 478
121	310	0.4	1	15 295
122	270	0.4	1	10 260
123	296	0.4	1	7 289
124	282	0.4	1	1 281
125	290	0.4	1	3 287
126	284	0.4	1	5 279
127	320	0.4	1	1 319
128	325	0.4	1	3 322
129	348	0.4	1	1 347
130	349	0.4	1	1 348
131	370	0.4	1	2 368
132	341	0.4	1	4 337
133	383	0.4	1	0 383
134	428	0.4	1	0 428
135	449	0.4	1	1 448
136	477	0.4	1	0 477
137	552	0.4	1	1 551
138	609	0.4	1	4 605
139	661	0.4	1	1 660
140	776	0.4	1	1 775
141	856	0.4	1	0 856
142	1135	0.4	1	2 1133
143	1253	0.4	1	1 1252
144	1452	0.4	1	2 1450
145	1882	0.4	1	3 1879
146	2399	0.4	1	2 2397
147	3264	0.4	1	4 3260
148	4922	0.4	1	0 4922
149	6975	0.4	1	0 6975
150	22598	0.4	1	2 22596
151	164583	0.4	1	16 164567

RUN STATISTICS FOR INPUT FILE: SRX14563849_1.fastq.gz
=============================================
23937958 sequences processed in total

