
SUMMARISING RUN PARAMETERS
==========================
Input filename: SRX19817112_2.fastq.gz
Trimming mode: paired-end
Trim Galore version: 0.6.10
Cutadapt version: 4.4
Python version: could not detect
Number of cores used for trimming: 4
Quality Phred score cutoff: 20
Quality encoding type selected: ASCII+33
Using Illumina adapter for trimming (count: 67109). Second best hit was smallRNA (count: 0)
Adapter sequence: 'AGATCGGAAGAGC' (Illumina TruSeq, Sanger iPCR; auto-detected)
Maximum trimming error rate: 0.1 (default)
Minimum required adapter overlap (stringency): 1 bp
Minimum required sequence length for both reads before a sequence pair gets removed: 20 bp
Running FastQC on the data once trimming has completed
Output file will be GZIP compressed


This is cutadapt 4.4 with Python 3.7.16
Command line parameters: -j 4 -e 0.1 -q 20 -O 1 -a AGATCGGAAGAGC SRX19817112_2.fastq.gz
Processing single-end reads on 4 cores ...
Finished in 109.213 s (9.794 µs/read; 6.13 M reads/minute).

=== Summary ===

Total reads processed:              11,150,484
Reads with adapters:                 4,043,471 (36.3%)
Reads written (passing filters):    11,150,484 (100.0%)

Total basepairs processed: 1,672,572,600 bp
Quality-trimmed:               2,694,834 bp (0.2%)
Total written (filtered):  1,609,413,577 bp (96.2%)

=== Adapter 1 ===

Sequence: AGATCGGAAGAGC; Type: regular 3'; Length: 13; Trimmed: 4043471 times

Minimum overlap: 1
No. of allowed errors:
1-9 bp: 0; 10-13 bp: 1

Bases preceding removed adapters:
  A: 43.1%
  C: 22.5%
  G: 18.6%
  T: 15.8%
  none/other: 0.0%

Overview of removed sequences
length	count	expect	max.err	error counts
1	2314492	2787621.0	0	2314492
2	501043	696905.2	0	501043
3	171181	174226.3	0	171181
4	64165	43556.6	0	64165
5	31772	10889.1	0	31772
6	20859	2722.3	0	20859
7	20480	680.6	0	20480
8	21493	170.1	0	21493
9	16086	42.5	0	15778 308
10	18061	10.6	1	16928 1133
11	18859	2.7	1	17736 1123
12	19462	0.7	1	18267 1195
13	17783	0.2	1	16815 968
14	18632	0.2	1	17595 1037
15	17425	0.2	1	16567 858
16	17680	0.2	1	16713 967
17	17295	0.2	1	16415 880
18	12851	0.2	1	12275 576
19	17557	0.2	1	16711 846
20	13447	0.2	1	12850 597
21	13489	0.2	1	12865 624
22	14186	0.2	1	13596 590
23	14575	0.2	1	13960 615
24	15622	0.2	1	14813 809
25	16434	0.2	1	15763 671
26	11725	0.2	1	11185 540
27	13437	0.2	1	12863 574
28	12627	0.2	1	12137 490
29	12085	0.2	1	11564 521
30	13544	0.2	1	12987 557
31	10077	0.2	1	9690 387
32	12088	0.2	1	11594 494
33	10641	0.2	1	10241 400
34	10117	0.2	1	9690 427
35	10624	0.2	1	10235 389
36	9529	0.2	1	9161 368
37	10173	0.2	1	9746 427
38	9662	0.2	1	9312 350
39	9564	0.2	1	9263 301
40	9217	0.2	1	8873 344
41	9196	0.2	1	8846 350
42	9288	0.2	1	8914 374
43	10049	0.2	1	9703 346
44	9553	0.2	1	9221 332
45	9013	0.2	1	8688 325
46	9144	0.2	1	8826 318
47	7284	0.2	1	7013 271
48	7823	0.2	1	7530 293
49	8434	0.2	1	8132 302
50	6582	0.2	1	6403 179
51	7314	0.2	1	7054 260
52	6047	0.2	1	5849 198
53	5732	0.2	1	5551 181
54	6191	0.2	1	5977 214
55	5670	0.2	1	5488 182
56	5600	0.2	1	5433 167
57	5808	0.2	1	5585 223
58	5245	0.2	1	5026 219
59	5199	0.2	1	5049 150
60	5907	0.2	1	5691 216
61	5122	0.2	1	4984 138
62	4243	0.2	1	4112 131
63	6155	0.2	1	5952 203
64	3626	0.2	1	3516 110
65	3174	0.2	1	3073 101
66	3692	0.2	1	3556 136
67	3306	0.2	1	3194 112
68	3664	0.2	1	3544 120
69	2965	0.2	1	2877 88
70	3590	0.2	1	3489 101
71	3444	0.2	1	3340 104
72	2993	0.2	1	2885 108
73	4099	0.2	1	3963 136
74	3396	0.2	1	3283 113
75	3694	0.2	1	3601 93
76	2181	0.2	1	2116 65
77	1245	0.2	1	1185 60
78	1280	0.2	1	1226 54
79	1261	0.2	1	1207 54
80	1287	0.2	1	1223 64
81	1192	0.2	1	1137 55
82	959	0.2	1	910 49
83	1001	0.2	1	945 56
84	954	0.2	1	898 56
85	932	0.2	1	881 51
86	863	0.2	1	818 45
87	854	0.2	1	801 53
88	723	0.2	1	667 56
89	702	0.2	1	658 44
90	729	0.2	1	697 32
91	625	0.2	1	582 43
92	473	0.2	1	435 38
93	476	0.2	1	443 33
94	370	0.2	1	344 26
95	355	0.2	1	326 29
96	307	0.2	1	270 37
97	303	0.2	1	267 36
98	258	0.2	1	227 31
99	247	0.2	1	216 31
100	222	0.2	1	199 23
101	180	0.2	1	157 23
102	166	0.2	1	137 29
103	124	0.2	1	107 17
104	132	0.2	1	120 12
105	134	0.2	1	104 30
106	162	0.2	1	142 20
107	145	0.2	1	125 20
108	110	0.2	1	91 19
109	92	0.2	1	76 16
110	89	0.2	1	65 24
111	71	0.2	1	61 10
112	62	0.2	1	48 14
113	72	0.2	1	58 14
114	65	0.2	1	48 17
115	66	0.2	1	48 18
116	72	0.2	1	56 16
117	37	0.2	1	29 8
118	43	0.2	1	29 14
119	27	0.2	1	22 5
120	27	0.2	1	20 7
121	33	0.2	1	27 6
122	31	0.2	1	23 8
123	30	0.2	1	20 10
124	36	0.2	1	33 3
125	31	0.2	1	25 6
126	45	0.2	1	36 9
127	61	0.2	1	50 11
128	55	0.2	1	41 14
129	55	0.2	1	53 2
130	70	0.2	1	59 11
131	102	0.2	1	90 12
132	882	0.2	1	834 48
133	78952	0.2	1	77965 987
134	1267	0.2	1	1242 25
135	198	0.2	1	188 10
136	104	0.2	1	96 8
137	68	0.2	1	65 3
138	97	0.2	1	88 9
139	69	0.2	1	66 3
140	56	0.2	1	52 4
141	157	0.2	1	153 4
142	79	0.2	1	75 4
143	24	0.2	1	19 5
144	42	0.2	1	33 9
145	107	0.2	1	72 35
146	80	0.2	1	70 10
147	98	0.2	1	89 9
148	978	0.2	1	935 43
149	145252	0.2	1	142592 2660
150	456	0.2	1	444 12

RUN STATISTICS FOR INPUT FILE: SRX19817112_2.fastq.gz
=============================================
11150484 sequences processed in total

Total number of sequences analysed for the sequence pair length validation: 11150484

Number of sequence pairs removed because at least one read was shorter than the length cutoff (20 bp): 235334 (2.11%)
