
SUMMARISING RUN PARAMETERS
==========================
Input filename: SRX19817115_1.fastq.gz
Trimming mode: paired-end
Trim Galore version: 0.6.10
Cutadapt version: 4.4
Python version: could not detect
Number of cores used for trimming: 4
Quality Phred score cutoff: 20
Quality encoding type selected: ASCII+33
Using Illumina adapter for trimming (count: 65181). Second best hit was Nextera (count: 0)
Adapter sequence: 'AGATCGGAAGAGC' (Illumina TruSeq, Sanger iPCR; auto-detected)
Maximum trimming error rate: 0.1 (default)
Minimum required adapter overlap (stringency): 1 bp
Minimum required sequence length for both reads before a sequence pair gets removed: 20 bp
Running FastQC on the data once trimming has completed
Output file will be GZIP compressed


This is cutadapt 4.4 with Python 3.7.16
Command line parameters: -j 4 -e 0.1 -q 20 -O 1 -a AGATCGGAAGAGC SRX19817115_1.fastq.gz
Processing single-end reads on 4 cores ...
Finished in 101.793 s (9.330 µs/read; 6.43 M reads/minute).

=== Summary ===

Total reads processed:              10,910,360
Reads with adapters:                 4,267,710 (39.1%)
Reads written (passing filters):    10,910,360 (100.0%)

Total basepairs processed: 1,636,554,000 bp
Quality-trimmed:               1,194,654 bp (0.1%)
Total written (filtered):  1,577,207,155 bp (96.4%)

=== Adapter 1 ===

Sequence: AGATCGGAAGAGC; Type: regular 3'; Length: 13; Trimmed: 4267710 times

Minimum overlap: 1
No. of allowed errors:
1-9 bp: 0; 10-13 bp: 1

Bases preceding removed adapters:
  A: 33.7%
  C: 28.5%
  G: 18.1%
  T: 19.7%
  none/other: 0.0%

Overview of removed sequences
length	count	expect	max.err	error counts
1	2574261	2727590.0	0	2574261
2	569302	681897.5	0	569302
3	179029	170474.4	0	179029
4	54701	42618.6	0	54701
5	28292	10654.6	0	28292
6	19342	2663.7	0	19342
7	16440	665.9	0	16440
8	17146	166.5	0	17146
9	15667	41.6	0	15477 190
10	15280	10.4	1	14367 913
11	16340	2.6	1	15113 1227
12	15595	0.7	1	14754 841
13	15182	0.2	1	14258 924
14	15243	0.2	1	14282 961
15	15011	0.2	1	14206 805
16	15121	0.2	1	14146 975
17	14190	0.2	1	13111 1079
18	12581	0.2	1	11991 590
19	12413	0.2	1	11795 618
20	12336	0.2	1	11622 714
21	12638	0.2	1	11922 716
22	12324	0.2	1	11692 632
23	12729	0.2	1	11937 792
24	11968	0.2	1	11206 762
25	12600	0.2	1	11835 765
26	12012	0.2	1	11414 598
27	12641	0.2	1	11953 688
28	11050	0.2	1	10457 593
29	10995	0.2	1	10264 731
30	9960	0.2	1	9490 470
31	9027	0.2	1	8560 467
32	9188	0.2	1	8720 468
33	8997	0.2	1	8500 497
34	8933	0.2	1	8364 569
35	9268	0.2	1	8720 548
36	8310	0.2	1	7911 399
37	8801	0.2	1	8385 416
38	9550	0.2	1	9124 426
39	7655	0.2	1	7218 437
40	8171	0.2	1	7686 485
41	7933	0.2	1	7557 376
42	8461	0.2	1	8075 386
43	8787	0.2	1	8261 526
44	8875	0.2	1	8232 643
45	11917	0.2	1	11502 415
46	4129	0.2	1	3818 311
47	5813	0.2	1	5510 303
48	8833	0.2	1	8488 345
49	7123	0.2	1	6824 299
50	4813	0.2	1	4496 317
51	9605	0.2	1	9079 526
52	5831	0.2	1	5559 272
53	2925	0.2	1	2760 165
54	5072	0.2	1	4798 274
55	6650	0.2	1	6436 214
56	6027	0.2	1	5767 260
57	4623	0.2	1	4444 179
58	5153	0.2	1	4931 222
59	7367	0.2	1	7118 249
60	1967	0.2	1	1835 132
61	3323	0.2	1	3118 205
62	6364	0.2	1	6181 183
63	2518	0.2	1	2394 124
64	2617	0.2	1	2505 112
65	3122	0.2	1	2957 165
66	7146	0.2	1	6997 149
67	1878	0.2	1	1729 149
68	2960	0.2	1	2849 111
69	1697	0.2	1	1607 90
70	1229	0.2	1	1136 93
71	615	0.2	1	566 49
72	834	0.2	1	786 48
73	1433	0.2	1	1358 75
74	1610	0.2	1	1527 83
75	1787	0.2	1	1691 96
76	1840	0.2	1	1757 83
77	1824	0.2	1	1759 65
78	1719	0.2	1	1661 58
79	1484	0.2	1	1429 55
80	1406	0.2	1	1332 74
81	1310	0.2	1	1246 64
82	1118	0.2	1	1056 62
83	987	0.2	1	913 74
84	929	0.2	1	869 60
85	861	0.2	1	825 36
86	863	0.2	1	823 40
87	790	0.2	1	751 39
88	727	0.2	1	679 48
89	641	0.2	1	601 40
90	603	0.2	1	572 31
91	500	0.2	1	452 48
92	417	0.2	1	392 25
93	364	0.2	1	340 24
94	339	0.2	1	320 19
95	331	0.2	1	303 28
96	282	0.2	1	255 27
97	242	0.2	1	224 18
98	202	0.2	1	188 14
99	159	0.2	1	146 13
100	163	0.2	1	148 15
101	124	0.2	1	114 10
102	130	0.2	1	117 13
103	103	0.2	1	90 13
104	92	0.2	1	81 11
105	100	0.2	1	94 6
106	112	0.2	1	96 16
107	113	0.2	1	98 15
108	86	0.2	1	79 7
109	38	0.2	1	30 8
110	64	0.2	1	30 34
111	87	0.2	1	75 12
112	37	0.2	1	33 4
113	41	0.2	1	26 15
114	42	0.2	1	25 17
115	69	0.2	1	21 48
116	38	0.2	1	27 11
117	22	0.2	1	13 9
118	36	0.2	1	16 20
119	23	0.2	1	11 12
120	26	0.2	1	16 10
121	30	0.2	1	13 17
122	11	0.2	1	6 5
123	30	0.2	1	9 21
124	11	0.2	1	6 5
125	16	0.2	1	10 6
126	20	0.2	1	15 5
127	22	0.2	1	10 12
128	20	0.2	1	15 5
129	15	0.2	1	7 8
130	31	0.2	1	18 13
131	98	0.2	1	51 47
132	640	0.2	1	544 96
133	81706	0.2	1	79539 2167
134	1355	0.2	1	1278 77
135	203	0.2	1	187 16
136	113	0.2	1	105 8
137	91	0.2	1	77 14
138	82	0.2	1	72 10
139	79	0.2	1	68 11
140	55	0.2	1	52 3
141	153	0.2	1	148 5
142	87	0.2	1	57 30
143	20	0.2	1	14 6
144	66	0.2	1	46 20
145	173	0.2	1	90 83
146	122	0.2	1	100 22
147	213	0.2	1	195 18
148	1197	0.2	1	1083 114
149	147769	0.2	1	143542 4227
150	472	0.2	1	455 17

RUN STATISTICS FOR INPUT FILE: SRX19817115_1.fastq.gz
=============================================
10910360 sequences processed in total

