
SUMMARISING RUN PARAMETERS
==========================
Input filename: SRX19817117_1.fastq.gz
Trimming mode: paired-end
Trim Galore version: 0.6.10
Cutadapt version: 4.4
Python version: could not detect
Number of cores used for trimming: 4
Quality Phred score cutoff: 20
Quality encoding type selected: ASCII+33
Using Illumina adapter for trimming (count: 68349). Second best hit was smallRNA (count: 1)
Adapter sequence: 'AGATCGGAAGAGC' (Illumina TruSeq, Sanger iPCR; auto-detected)
Maximum trimming error rate: 0.1 (default)
Minimum required adapter overlap (stringency): 1 bp
Minimum required sequence length for both reads before a sequence pair gets removed: 20 bp
Running FastQC on the data once trimming has completed
Output file will be GZIP compressed


This is cutadapt 4.4 with Python 3.7.16
Command line parameters: -j 4 -e 0.1 -q 20 -O 1 -a AGATCGGAAGAGC SRX19817117_1.fastq.gz
Processing single-end reads on 4 cores ...
Finished in 107.179 s (9.375 µs/read; 6.40 M reads/minute).

=== Summary ===

Total reads processed:              11,431,887
Reads with adapters:                 4,492,280 (39.3%)
Reads written (passing filters):    11,431,887 (100.0%)

Total basepairs processed: 1,714,783,050 bp
Quality-trimmed:               1,279,456 bp (0.1%)
Total written (filtered):  1,651,070,546 bp (96.3%)

=== Adapter 1 ===

Sequence: AGATCGGAAGAGC; Type: regular 3'; Length: 13; Trimmed: 4492280 times

Minimum overlap: 1
No. of allowed errors:
1-9 bp: 0; 10-13 bp: 1

Bases preceding removed adapters:
  A: 35.1%
  C: 27.8%
  G: 17.7%
  T: 19.4%
  none/other: 0.0%

Overview of removed sequences
length	count	expect	max.err	error counts
1	2696625	2857971.8	0	2696625
2	597908	714492.9	0	597908
3	188726	178623.2	0	188726
4	58061	44655.8	0	58061
5	30952	11164.0	0	30952
6	19822	2791.0	0	19822
7	17804	697.7	0	17804
8	18187	174.4	0	18187
9	16738	43.6	0	16523 215
10	16355	10.9	1	15405 950
11	18026	2.7	1	16727 1299
12	17359	0.7	1	16409 950
13	16565	0.2	1	15566 999
14	16802	0.2	1	15774 1028
15	16741	0.2	1	15809 932
16	16797	0.2	1	15739 1058
17	16002	0.2	1	14887 1115
18	13466	0.2	1	12842 624
19	13534	0.2	1	12871 663
20	13017	0.2	1	12284 733
21	13549	0.2	1	12815 734
22	13412	0.2	1	12761 651
23	13898	0.2	1	13136 762
24	12716	0.2	1	11922 794
25	13327	0.2	1	12606 721
26	13141	0.2	1	12502 639
27	13454	0.2	1	12754 700
28	11665	0.2	1	11103 562
29	11211	0.2	1	10531 680
30	10899	0.2	1	10427 472
31	9969	0.2	1	9462 507
32	9818	0.2	1	9292 526
33	9564	0.2	1	9091 473
34	9700	0.2	1	9171 529
35	9881	0.2	1	9357 524
36	8491	0.2	1	8108 383
37	9281	0.2	1	8854 427
38	9605	0.2	1	9160 445
39	8190	0.2	1	7752 438
40	8463	0.2	1	8025 438
41	8761	0.2	1	8369 392
42	9580	0.2	1	9144 436
43	8659	0.2	1	8176 483
44	8880	0.2	1	8344 536
45	12437	0.2	1	11974 463
46	4348	0.2	1	4043 305
47	6366	0.2	1	6043 323
48	10027	0.2	1	9667 360
49	6841	0.2	1	6558 283
50	4586	0.2	1	4303 283
51	9373	0.2	1	8939 434
52	5874	0.2	1	5613 261
53	3432	0.2	1	3239 193
54	5414	0.2	1	5119 295
55	8095	0.2	1	7837 258
56	5867	0.2	1	5598 269
57	5145	0.2	1	4956 189
58	5353	0.2	1	5135 218
59	6898	0.2	1	6645 253
60	1782	0.2	1	1653 129
61	2894	0.2	1	2711 183
62	6598	0.2	1	6392 206
63	2551	0.2	1	2444 107
64	2258	0.2	1	2139 119
65	2757	0.2	1	2560 197
66	7132	0.2	1	6939 193
67	1703	0.2	1	1583 120
68	2588	0.2	1	2478 110
69	1490	0.2	1	1390 100
70	956	0.2	1	890 66
71	574	0.2	1	521 53
72	882	0.2	1	818 64
73	1405	0.2	1	1334 71
74	1672	0.2	1	1602 70
75	1799	0.2	1	1709 90
76	1825	0.2	1	1714 111
77	1957	0.2	1	1874 83
78	1725	0.2	1	1649 76
79	1482	0.2	1	1411 71
80	1511	0.2	1	1435 76
81	1267	0.2	1	1196 71
82	1157	0.2	1	1078 79
83	980	0.2	1	919 61
84	915	0.2	1	859 56
85	840	0.2	1	786 54
86	944	0.2	1	902 42
87	808	0.2	1	758 50
88	778	0.2	1	730 48
89	643	0.2	1	600 43
90	608	0.2	1	576 32
91	537	0.2	1	491 46
92	480	0.2	1	454 26
93	425	0.2	1	391 34
94	320	0.2	1	302 18
95	350	0.2	1	305 45
96	306	0.2	1	286 20
97	282	0.2	1	255 27
98	225	0.2	1	209 16
99	184	0.2	1	169 15
100	208	0.2	1	181 27
101	153	0.2	1	140 13
102	135	0.2	1	121 14
103	152	0.2	1	135 17
104	91	0.2	1	77 14
105	109	0.2	1	103 6
106	114	0.2	1	96 18
107	122	0.2	1	104 18
108	117	0.2	1	91 26
109	70	0.2	1	57 13
110	84	0.2	1	52 32
111	98	0.2	1	87 11
112	44	0.2	1	35 9
113	44	0.2	1	25 19
114	56	0.2	1	36 20
115	59	0.2	1	24 35
116	30	0.2	1	24 6
117	29	0.2	1	17 12
118	59	0.2	1	16 43
119	21	0.2	1	16 5
120	22	0.2	1	14 8
121	19	0.2	1	13 6
122	19	0.2	1	10 9
123	26	0.2	1	7 19
124	25	0.2	1	11 14
125	11	0.2	1	5 6
126	14	0.2	1	12 2
127	20	0.2	1	16 4
128	26	0.2	1	15 11
129	20	0.2	1	13 7
130	23	0.2	1	16 7
131	102	0.2	1	42 60
132	580	0.2	1	490 90
133	72905	0.2	1	70861 2044
134	1254	0.2	1	1173 81
135	166	0.2	1	152 14
136	98	0.2	1	86 12
137	70	0.2	1	49 21
138	93	0.2	1	88 5
139	80	0.2	1	70 10
140	53	0.2	1	48 5
141	124	0.2	1	114 10
142	69	0.2	1	45 24
143	17	0.2	1	6 11
144	57	0.2	1	40 17
145	145	0.2	1	86 59
146	93	0.2	1	80 13
147	150	0.2	1	130 20
148	1089	0.2	1	976 113
149	177324	0.2	1	172059 5265
150	544	0.2	1	508 36

RUN STATISTICS FOR INPUT FILE: SRX19817117_1.fastq.gz
=============================================
11431887 sequences processed in total

