
SUMMARISING RUN PARAMETERS
==========================
Input filename: SRX19817116_1.fastq.gz
Trimming mode: paired-end
Trim Galore version: 0.6.10
Cutadapt version: 4.4
Python version: could not detect
Number of cores used for trimming: 4
Quality Phred score cutoff: 20
Quality encoding type selected: ASCII+33
Using Illumina adapter for trimming (count: 61697). Second best hit was Nextera (count: 0)
Adapter sequence: 'AGATCGGAAGAGC' (Illumina TruSeq, Sanger iPCR; auto-detected)
Maximum trimming error rate: 0.1 (default)
Minimum required adapter overlap (stringency): 1 bp
Minimum required sequence length for both reads before a sequence pair gets removed: 20 bp
Running FastQC on the data once trimming has completed
Output file will be GZIP compressed


This is cutadapt 4.4 with Python 3.7.16
Command line parameters: -j 4 -e 0.1 -q 20 -O 1 -a AGATCGGAAGAGC SRX19817116_1.fastq.gz
Processing single-end reads on 4 cores ...
Finished in 99.063 s (9.286 µs/read; 6.46 M reads/minute).

=== Summary ===

Total reads processed:              10,668,318
Reads with adapters:                 4,164,588 (39.0%)
Reads written (passing filters):    10,668,318 (100.0%)

Total basepairs processed: 1,600,247,700 bp
Quality-trimmed:               1,211,435 bp (0.1%)
Total written (filtered):  1,543,396,949 bp (96.4%)

=== Adapter 1 ===

Sequence: AGATCGGAAGAGC; Type: regular 3'; Length: 13; Trimmed: 4164588 times

Minimum overlap: 1
No. of allowed errors:
1-9 bp: 0; 10-13 bp: 1

Bases preceding removed adapters:
  A: 34.1%
  C: 28.3%
  G: 18.1%
  T: 19.5%
  none/other: 0.0%

Overview of removed sequences
length	count	expect	max.err	error counts
1	2523224	2667079.5	0	2523224
2	558034	666769.9	0	558034
3	177980	166692.5	0	177980
4	53627	41673.1	0	53627
5	27611	10418.3	0	27611
6	18542	2604.6	0	18542
7	16552	651.1	0	16552
8	16757	162.8	0	16757
9	14860	40.7	0	14696 164
10	14976	10.2	1	14068 908
11	15795	2.5	1	14684 1111
12	15150	0.6	1	14377 773
13	14786	0.2	1	13983 803
14	14608	0.2	1	13807 801
15	14661	0.2	1	13881 780
16	14326	0.2	1	13431 895
17	13791	0.2	1	12919 872
18	12343	0.2	1	11807 536
19	12145	0.2	1	11579 566
20	11780	0.2	1	11168 612
21	12087	0.2	1	11482 605
22	11790	0.2	1	11244 546
23	12352	0.2	1	11660 692
24	11298	0.2	1	10658 640
25	12020	0.2	1	11368 652
26	11459	0.2	1	10952 507
27	12182	0.2	1	11576 606
28	10433	0.2	1	9913 520
29	10202	0.2	1	9627 575
30	9878	0.2	1	9495 383
31	8767	0.2	1	8392 375
32	8613	0.2	1	8214 399
33	8424	0.2	1	8016 408
34	8658	0.2	1	8201 457
35	8930	0.2	1	8473 457
36	7764	0.2	1	7403 361
37	8199	0.2	1	7836 363
38	8764	0.2	1	8384 380
39	6953	0.2	1	6571 382
40	7601	0.2	1	7223 378
41	7643	0.2	1	7276 367
42	7975	0.2	1	7629 346
43	8126	0.2	1	7698 428
44	8528	0.2	1	8009 519
45	11866	0.2	1	11461 405
46	3846	0.2	1	3570 276
47	5516	0.2	1	5221 295
48	9711	0.2	1	9368 343
49	6297	0.2	1	6038 259
50	4098	0.2	1	3807 291
51	8940	0.2	1	8538 402
52	5809	0.2	1	5562 247
53	2703	0.2	1	2544 159
54	4945	0.2	1	4685 260
55	8310	0.2	1	8064 246
56	5596	0.2	1	5377 219
57	4687	0.2	1	4509 178
58	4882	0.2	1	4687 195
59	6417	0.2	1	6210 207
60	1483	0.2	1	1382 101
61	2438	0.2	1	2283 155
62	6331	0.2	1	6152 179
63	2208	0.2	1	2114 94
64	1921	0.2	1	1828 93
65	2199	0.2	1	2065 134
66	6501	0.2	1	6367 134
67	1463	0.2	1	1344 119
68	2279	0.2	1	2194 85
69	1242	0.2	1	1171 71
70	808	0.2	1	759 49
71	545	0.2	1	510 35
72	883	0.2	1	827 56
73	1329	0.2	1	1269 60
74	1606	0.2	1	1537 69
75	1703	0.2	1	1633 70
76	1695	0.2	1	1610 85
77	1865	0.2	1	1783 82
78	1626	0.2	1	1558 68
79	1457	0.2	1	1386 71
80	1370	0.2	1	1298 72
81	1160	0.2	1	1080 80
82	1031	0.2	1	979 52
83	891	0.2	1	817 74
84	889	0.2	1	843 46
85	767	0.2	1	727 40
86	831	0.2	1	797 34
87	788	0.2	1	753 35
88	655	0.2	1	612 43
89	549	0.2	1	514 35
90	534	0.2	1	512 22
91	508	0.2	1	474 34
92	387	0.2	1	366 21
93	405	0.2	1	374 31
94	294	0.2	1	274 20
95	301	0.2	1	264 37
96	244	0.2	1	222 22
97	223	0.2	1	203 20
98	157	0.2	1	148 9
99	130	0.2	1	118 12
100	138	0.2	1	123 15
101	122	0.2	1	113 9
102	115	0.2	1	106 9
103	112	0.2	1	95 17
104	103	0.2	1	83 20
105	82	0.2	1	70 12
106	95	0.2	1	85 10
107	102	0.2	1	87 15
108	75	0.2	1	59 16
109	66	0.2	1	48 18
110	61	0.2	1	29 32
111	86	0.2	1	67 19
112	50	0.2	1	45 5
113	28	0.2	1	20 8
114	29	0.2	1	14 15
115	37	0.2	1	16 21
116	28	0.2	1	22 6
117	34	0.2	1	26 8
118	32	0.2	1	16 16
119	9	0.2	1	5 4
120	14	0.2	1	9 5
121	32	0.2	1	14 18
122	30	0.2	1	14 16
123	24	0.2	1	11 13
124	17	0.2	1	11 6
125	17	0.2	1	10 7
126	20	0.2	1	14 6
127	16	0.2	1	9 7
128	27	0.2	1	13 14
129	24	0.2	1	15 9
130	44	0.2	1	28 16
131	81	0.2	1	33 48
132	594	0.2	1	500 94
133	77618	0.2	1	75450 2168
134	1271	0.2	1	1187 84
135	184	0.2	1	167 17
136	90	0.2	1	82 8
137	69	0.2	1	51 18
138	92	0.2	1	83 9
139	99	0.2	1	93 6
140	47	0.2	1	40 7
141	129	0.2	1	118 11
142	79	0.2	1	47 32
143	9	0.2	1	6 3
144	49	0.2	1	33 16
145	159	0.2	1	76 83
146	88	0.2	1	72 16
147	144	0.2	1	123 21
148	883	0.2	1	798 85
149	143290	0.2	1	139418 3872
150	431	0.2	1	416 15

RUN STATISTICS FOR INPUT FILE: SRX19817116_1.fastq.gz
=============================================
10668318 sequences processed in total

