
SUMMARISING RUN PARAMETERS
==========================
Input filename: SRX19817115_2.fastq.gz
Trimming mode: paired-end
Trim Galore version: 0.6.10
Cutadapt version: 4.4
Python version: could not detect
Number of cores used for trimming: 4
Quality Phred score cutoff: 20
Quality encoding type selected: ASCII+33
Using Illumina adapter for trimming (count: 65181). Second best hit was Nextera (count: 0)
Adapter sequence: 'AGATCGGAAGAGC' (Illumina TruSeq, Sanger iPCR; auto-detected)
Maximum trimming error rate: 0.1 (default)
Minimum required adapter overlap (stringency): 1 bp
Minimum required sequence length for both reads before a sequence pair gets removed: 20 bp
Running FastQC on the data once trimming has completed
Output file will be GZIP compressed


This is cutadapt 4.4 with Python 3.7.16
Command line parameters: -j 4 -e 0.1 -q 20 -O 1 -a AGATCGGAAGAGC SRX19817115_2.fastq.gz
Processing single-end reads on 4 cores ...
Finished in 106.355 s (9.748 µs/read; 6.16 M reads/minute).

=== Summary ===

Total reads processed:              10,910,360
Reads with adapters:                 3,921,266 (35.9%)
Reads written (passing filters):    10,910,360 (100.0%)

Total basepairs processed: 1,636,554,000 bp
Quality-trimmed:               2,881,717 bp (0.2%)
Total written (filtered):  1,575,737,365 bp (96.3%)

=== Adapter 1 ===

Sequence: AGATCGGAAGAGC; Type: regular 3'; Length: 13; Trimmed: 3921266 times

Minimum overlap: 1
No. of allowed errors:
1-9 bp: 0; 10-13 bp: 1

Bases preceding removed adapters:
  A: 41.8%
  C: 22.9%
  G: 19.0%
  T: 16.2%
  none/other: 0.0%

Overview of removed sequences
length	count	expect	max.err	error counts
1	2299325	2727590.0	0	2299325
2	500212	681897.5	0	500212
3	164187	170474.4	0	164187
4	60000	42618.6	0	60000
5	28768	10654.6	0	28768
6	19715	2663.7	0	19715
7	17899	665.9	0	17899
8	18329	166.5	0	18329
9	14622	41.6	0	14326 296
10	15981	10.4	1	15050 931
11	16044	2.6	1	15144 900
12	16487	0.7	1	15505 982
13	15209	0.2	1	14521 688
14	15893	0.2	1	15121 772
15	14789	0.2	1	14181 608
16	15100	0.2	1	14415 685
17	15012	0.2	1	14313 699
18	11103	0.2	1	10681 422
19	15059	0.2	1	14398 661
20	11141	0.2	1	10732 409
21	12328	0.2	1	11794 534
22	12476	0.2	1	12023 453
23	12535	0.2	1	12081 454
24	12446	0.2	1	11879 567
25	14008	0.2	1	13490 518
26	10942	0.2	1	10524 418
27	12445	0.2	1	11968 477
28	11071	0.2	1	10700 371
29	10659	0.2	1	10234 425
30	10293	0.2	1	9913 380
31	9383	0.2	1	9066 317
32	9075	0.2	1	8756 319
33	9383	0.2	1	8993 390
34	8829	0.2	1	8497 332
35	8776	0.2	1	8506 270
36	8758	0.2	1	8480 278
37	8989	0.2	1	8709 280
38	8437	0.2	1	8134 303
39	9343	0.2	1	9021 322
40	7366	0.2	1	7124 242
41	8082	0.2	1	7794 288
42	8515	0.2	1	8216 299
43	7934	0.2	1	7707 227
44	8392	0.2	1	8142 250
45	7581	0.2	1	7313 268
46	7547	0.2	1	7262 285
47	6744	0.2	1	6546 198
48	6850	0.2	1	6618 232
49	7192	0.2	1	6959 233
50	5807	0.2	1	5641 166
51	6267	0.2	1	6072 195
52	5155	0.2	1	4972 183
53	4997	0.2	1	4844 153
54	5404	0.2	1	5223 181
55	4655	0.2	1	4520 135
56	4865	0.2	1	4727 138
57	5443	0.2	1	5268 175
58	4668	0.2	1	4507 161
59	4430	0.2	1	4319 111
60	5526	0.2	1	5360 166
61	4488	0.2	1	4361 127
62	3782	0.2	1	3665 117
63	5408	0.2	1	5220 188
64	3124	0.2	1	3025 99
65	2982	0.2	1	2885 97
66	3202	0.2	1	3110 92
67	2959	0.2	1	2877 82
68	3227	0.2	1	3135 92
69	2678	0.2	1	2597 81
70	2985	0.2	1	2912 73
71	3014	0.2	1	2922 92
72	2504	0.2	1	2439 65
73	3457	0.2	1	3362 95
74	2941	0.2	1	2852 89
75	3396	0.2	1	3321 75
76	2248	0.2	1	2195 53
77	1180	0.2	1	1143 37
78	1122	0.2	1	1088 34
79	1035	0.2	1	1005 30
80	1052	0.2	1	1019 33
81	1041	0.2	1	1000 41
82	878	0.2	1	840 38
83	872	0.2	1	822 50
84	812	0.2	1	775 37
85	801	0.2	1	768 33
86	748	0.2	1	706 42
87	708	0.2	1	671 37
88	621	0.2	1	603 18
89	606	0.2	1	583 23
90	608	0.2	1	588 20
91	475	0.2	1	454 21
92	420	0.2	1	397 23
93	397	0.2	1	372 25
94	323	0.2	1	304 19
95	334	0.2	1	318 16
96	273	0.2	1	256 17
97	253	0.2	1	227 26
98	223	0.2	1	203 20
99	198	0.2	1	177 21
100	184	0.2	1	172 12
101	144	0.2	1	124 20
102	138	0.2	1	122 16
103	95	0.2	1	83 12
104	104	0.2	1	91 13
105	107	0.2	1	101 6
106	115	0.2	1	105 10
107	119	0.2	1	105 14
108	92	0.2	1	81 11
109	49	0.2	1	44 5
110	58	0.2	1	40 18
111	41	0.2	1	28 13
112	55	0.2	1	43 12
113	42	0.2	1	23 19
114	26	0.2	1	21 5
115	27	0.2	1	21 6
116	38	0.2	1	31 7
117	22	0.2	1	15 7
118	28	0.2	1	24 4
119	22	0.2	1	20 2
120	29	0.2	1	23 6
121	39	0.2	1	24 15
122	20	0.2	1	14 6
123	23	0.2	1	15 8
124	14	0.2	1	7 7
125	25	0.2	1	17 8
126	40	0.2	1	35 5
127	50	0.2	1	39 11
128	54	0.2	1	48 6
129	37	0.2	1	28 9
130	70	0.2	1	60 10
131	122	0.2	1	108 14
132	949	0.2	1	906 43
133	80819	0.2	1	80030 789
134	1306	0.2	1	1294 12
135	223	0.2	1	215 8
136	119	0.2	1	108 11
137	84	0.2	1	79 5
138	83	0.2	1	75 8
139	85	0.2	1	83 2
140	64	0.2	1	59 5
141	196	0.2	1	181 15
142	78	0.2	1	74 4
143	22	0.2	1	18 4
144	68	0.2	1	56 12
145	136	0.2	1	96 40
146	90	0.2	1	81 9
147	127	0.2	1	114 13
148	999	0.2	1	944 55
149	147476	0.2	1	145241 2235
150	467	0.2	1	456 11

RUN STATISTICS FOR INPUT FILE: SRX19817115_2.fastq.gz
=============================================
10910360 sequences processed in total

Total number of sequences analysed for the sequence pair length validation: 10910360

Number of sequence pairs removed because at least one read was shorter than the length cutoff (20 bp): 240800 (2.21%)
