
SUMMARISING RUN PARAMETERS
==========================
Input filename: SRX18804552_1.fastq.gz
Trimming mode: paired-end
Trim Galore version: 0.6.10
Cutadapt version: 4.4
Python version: could not detect
Number of cores used for trimming: 4
Quality Phred score cutoff: 20
Quality encoding type selected: ASCII+33
Using Illumina adapter for trimming (count: 27077). Second best hit was smallRNA (count: 0)
Adapter sequence: 'AGATCGGAAGAGC' (Illumina TruSeq, Sanger iPCR; auto-detected)
Maximum trimming error rate: 0.1 (default)
Minimum required adapter overlap (stringency): 1 bp
Minimum required sequence length for both reads before a sequence pair gets removed: 20 bp
Running FastQC on the data once trimming has completed
Output file will be GZIP compressed


This is cutadapt 4.4 with Python 3.7.16
Command line parameters: -j 4 -e 0.1 -q 20 -O 1 -a AGATCGGAAGAGC SRX18804552_1.fastq.gz
Processing single-end reads on 4 cores ...
Finished in 77.317 s (9.428 µs/read; 6.36 M reads/minute).

=== Summary ===

Total reads processed:               8,200,431
Reads with adapters:                 2,832,591 (34.5%)
Reads written (passing filters):     8,200,431 (100.0%)

Total basepairs processed: 1,230,064,650 bp
Quality-trimmed:                 822,226 bp (0.1%)
Total written (filtered):  1,217,703,425 bp (99.0%)

=== Adapter 1 ===

Sequence: AGATCGGAAGAGC; Type: regular 3'; Length: 13; Trimmed: 2832591 times

Minimum overlap: 1
No. of allowed errors:
1-9 bp: 0; 10-13 bp: 1

Bases preceding removed adapters:
  A: 30.6%
  C: 32.1%
  G: 20.7%
  T: 16.6%
  none/other: 0.0%

Overview of removed sequences
length	count	expect	max.err	error counts
1	1921322	2050107.8	0	1921322
2	439706	512526.9	0	439706
3	132327	128131.7	0	132327
4	36848	32032.9	0	36848
5	17584	8008.2	0	17584
6	10375	2002.1	0	10375
7	9247	500.5	0	9247
8	9592	125.1	0	9592
9	8149	31.3	0	8058 91
10	8193	7.8	1	7805 388
11	8373	2.0	1	7897 476
12	7887	0.5	1	7513 374
13	7792	0.1	1	7413 379
14	7573	0.1	1	7234 339
15	7533	0.1	1	7269 264
16	7276	0.1	1	6992 284
17	7751	0.1	1	7366 385
18	7119	0.1	1	6918 201
19	6344	0.1	1	6145 199
20	6793	0.1	1	6541 252
21	6410	0.1	1	6199 211
22	6131	0.1	1	5955 176
23	6271	0.1	1	6046 225
24	5976	0.1	1	5727 249
25	5857	0.1	1	5658 199
26	5471	0.1	1	5317 154
27	5497	0.1	1	5314 183
28	5384	0.1	1	5224 160
29	5305	0.1	1	5080 225
30	5005	0.1	1	4879 126
31	4579	0.1	1	4453 126
32	4931	0.1	1	4761 170
33	4455	0.1	1	4291 164
34	4727	0.1	1	4537 190
35	4609	0.1	1	4480 129
36	3782	0.1	1	3605 177
37	3909	0.1	1	3821 88
38	3656	0.1	1	3550 106
39	3686	0.1	1	3573 113
40	3615	0.1	1	3482 133
41	3628	0.1	1	3513 115
42	3448	0.1	1	3350 98
43	3526	0.1	1	3368 158
44	2624	0.1	1	2520 104
45	4682	0.1	1	4563 119
46	1014	0.1	1	956 58
47	2362	0.1	1	2299 63
48	3103	0.1	1	2981 122
49	2451	0.1	1	2375 76
50	2056	0.1	1	1975 81
51	2574	0.1	1	2479 95
52	2309	0.1	1	2232 77
53	1658	0.1	1	1615 43
54	1869	0.1	1	1785 84
55	2510	0.1	1	2429 81
56	1557	0.1	1	1522 35
57	1930	0.1	1	1871 59
58	1718	0.1	1	1673 45
59	1485	0.1	1	1423 62
60	943	0.1	1	922 21
61	767	0.1	1	733 34
62	1795	0.1	1	1748 47
63	1242	0.1	1	1211 31
64	773	0.1	1	748 25
65	626	0.1	1	601 25
66	1857	0.1	1	1810 47
67	747	0.1	1	736 11
68	1033	0.1	1	997 36
69	394	0.1	1	381 13
70	274	0.1	1	250 24
71	142	0.1	1	134 8
72	268	0.1	1	251 17
73	422	0.1	1	407 15
74	484	0.1	1	472 12
75	522	0.1	1	489 33
76	482	0.1	1	461 21
77	489	0.1	1	473 16
78	383	0.1	1	362 21
79	376	0.1	1	356 20
80	363	0.1	1	342 21
81	354	0.1	1	335 19
82	301	0.1	1	291 10
83	276	0.1	1	266 10
84	249	0.1	1	230 19
85	259	0.1	1	242 17
86	248	0.1	1	238 10
87	240	0.1	1	229 11
88	231	0.1	1	219 12
89	196	0.1	1	184 12
90	164	0.1	1	151 13
91	156	0.1	1	141 15
92	125	0.1	1	113 12
93	115	0.1	1	99 16
94	126	0.1	1	117 9
95	109	0.1	1	102 7
96	112	0.1	1	94 18
97	119	0.1	1	105 14
98	92	0.1	1	80 12
99	93	0.1	1	82 11
100	63	0.1	1	54 9
101	56	0.1	1	44 12
102	38	0.1	1	32 6
103	43	0.1	1	28 15
104	42	0.1	1	35 7
105	39	0.1	1	27 12
106	46	0.1	1	37 9
107	25	0.1	1	17 8
108	28	0.1	1	15 13
109	43	0.1	1	19 24
110	19	0.1	1	8 11
111	12	0.1	1	8 4
112	24	0.1	1	8 16
113	24	0.1	1	8 16
114	16	0.1	1	3 13
115	11	0.1	1	4 7
116	12	0.1	1	4 8
117	7	0.1	1	3 4
118	19	0.1	1	6 13
119	13	0.1	1	3 10
120	26	0.1	1	2 24
121	6	0.1	1	2 4
122	18	0.1	1	3 15
123	8	0.1	1	4 4
124	10	0.1	1	3 7
125	11	0.1	1	4 7
126	11	0.1	1	1 10
127	7	0.1	1	1 6
128	10	0.1	1	0 10
129	17	0.1	1	1 16
130	10	0.1	1	3 7
131	17	0.1	1	0 17
132	14	0.1	1	3 11
133	5	0.1	1	1 4
134	3	0.1	1	1 2
135	7	0.1	1	0 7
136	11	0.1	1	3 8
137	10	0.1	1	0 10
138	4	0.1	1	2 2
139	16	0.1	1	3 13
140	8	0.1	1	2 6
141	9	0.1	1	1 8
142	9	0.1	1	4 5
143	12	0.1	1	6 6
144	19	0.1	1	0 19
145	21	0.1	1	3 18
146	6	0.1	1	4 2
147	20	0.1	1	3 17
148	17	0.1	1	7 10
149	12	0.1	1	0 12
150	166	0.1	1	5 161

RUN STATISTICS FOR INPUT FILE: SRX18804552_1.fastq.gz
=============================================
8200431 sequences processed in total

