
SUMMARISING RUN PARAMETERS
==========================
Input filename: SRX19817116_2.fastq.gz
Trimming mode: paired-end
Trim Galore version: 0.6.10
Cutadapt version: 4.4
Python version: could not detect
Number of cores used for trimming: 4
Quality Phred score cutoff: 20
Quality encoding type selected: ASCII+33
Using Illumina adapter for trimming (count: 61697). Second best hit was Nextera (count: 0)
Adapter sequence: 'AGATCGGAAGAGC' (Illumina TruSeq, Sanger iPCR; auto-detected)
Maximum trimming error rate: 0.1 (default)
Minimum required adapter overlap (stringency): 1 bp
Minimum required sequence length for both reads before a sequence pair gets removed: 20 bp
Running FastQC on the data once trimming has completed
Output file will be GZIP compressed


This is cutadapt 4.4 with Python 3.7.16
Command line parameters: -j 4 -e 0.1 -q 20 -O 1 -a AGATCGGAAGAGC SRX19817116_2.fastq.gz
Processing single-end reads on 4 cores ...
Finished in 105.618 s (9.900 µs/read; 6.06 M reads/minute).

=== Summary ===

Total reads processed:              10,668,318
Reads with adapters:                 3,810,382 (35.7%)
Reads written (passing filters):    10,668,318 (100.0%)

Total basepairs processed: 1,600,247,700 bp
Quality-trimmed:               2,472,213 bp (0.2%)
Total written (filtered):  1,542,442,474 bp (96.4%)

=== Adapter 1 ===

Sequence: AGATCGGAAGAGC; Type: regular 3'; Length: 13; Trimmed: 3810382 times

Minimum overlap: 1
No. of allowed errors:
1-9 bp: 0; 10-13 bp: 1

Bases preceding removed adapters:
  A: 42.0%
  C: 23.1%
  G: 18.9%
  T: 16.0%
  none/other: 0.0%

Overview of removed sequences
length	count	expect	max.err	error counts
1	2252586	2667079.5	0	2252586
2	482761	666769.9	0	482761
3	161014	166692.5	0	161014
4	58455	41673.1	0	58455
5	28216	10418.3	0	28216
6	18266	2604.6	0	18266
7	17875	651.1	0	17875
8	17884	162.8	0	17884
9	13782	40.7	0	13450 332
10	15446	10.2	1	14482 964
11	15609	2.5	1	14695 914
12	15795	0.6	1	14839 956
13	14641	0.2	1	13932 709
14	15255	0.2	1	14438 817
15	14312	0.2	1	13653 659
16	14447	0.2	1	13718 729
17	14300	0.2	1	13614 686
18	10852	0.2	1	10433 419
19	14743	0.2	1	14054 689
20	10911	0.2	1	10465 446
21	11562	0.2	1	11093 469
22	11828	0.2	1	11366 462
23	11978	0.2	1	11485 493
24	12576	0.2	1	11978 598
25	13612	0.2	1	13108 504
26	9856	0.2	1	9479 377
27	11345	0.2	1	10892 453
28	10524	0.2	1	10153 371
29	9917	0.2	1	9493 424
30	10354	0.2	1	9971 383
31	8698	0.2	1	8404 294
32	8733	0.2	1	8420 313
33	8329	0.2	1	8027 302
34	9041	0.2	1	8690 351
35	8488	0.2	1	8215 273
36	8479	0.2	1	8184 295
37	7688	0.2	1	7411 277
38	7826	0.2	1	7562 264
39	7721	0.2	1	7455 266
40	7221	0.2	1	6998 223
41	7399	0.2	1	7186 213
42	7740	0.2	1	7443 297
43	8060	0.2	1	7807 253
44	7908	0.2	1	7657 251
45	7371	0.2	1	7120 251
46	7358	0.2	1	7080 278
47	6058	0.2	1	5869 189
48	6525	0.2	1	6334 191
49	6613	0.2	1	6397 216
50	5463	0.2	1	5333 130
51	5950	0.2	1	5754 196
52	4984	0.2	1	4838 146
53	4647	0.2	1	4511 136
54	5156	0.2	1	5006 150
55	4293	0.2	1	4162 131
56	4506	0.2	1	4387 119
57	5015	0.2	1	4854 161
58	4525	0.2	1	4386 139
59	4189	0.2	1	4072 117
60	5150	0.2	1	5007 143
61	4086	0.2	1	3972 114
62	3549	0.2	1	3446 103
63	5109	0.2	1	4969 140
64	2971	0.2	1	2893 78
65	2575	0.2	1	2512 63
66	2921	0.2	1	2817 104
67	2773	0.2	1	2690 83
68	3044	0.2	1	2969 75
69	2415	0.2	1	2350 65
70	3053	0.2	1	2966 87
71	2920	0.2	1	2844 76
72	2371	0.2	1	2299 72
73	3238	0.2	1	3155 83
74	2776	0.2	1	2705 71
75	2972	0.2	1	2906 66
76	1783	0.2	1	1748 35
77	1157	0.2	1	1104 53
78	1131	0.2	1	1090 41
79	1072	0.2	1	1042 30
80	1001	0.2	1	968 33
81	873	0.2	1	840 33
82	829	0.2	1	797 32
83	791	0.2	1	753 38
84	758	0.2	1	735 23
85	703	0.2	1	669 34
86	719	0.2	1	695 24
87	695	0.2	1	665 30
88	584	0.2	1	559 25
89	511	0.2	1	491 20
90	544	0.2	1	516 28
91	485	0.2	1	465 20
92	383	0.2	1	360 23
93	413	0.2	1	386 27
94	281	0.2	1	266 15
95	303	0.2	1	281 22
96	263	0.2	1	238 25
97	223	0.2	1	203 20
98	183	0.2	1	166 17
99	159	0.2	1	139 20
100	161	0.2	1	147 14
101	136	0.2	1	120 16
102	111	0.2	1	105 6
103	111	0.2	1	96 15
104	105	0.2	1	95 10
105	111	0.2	1	99 12
106	100	0.2	1	86 14
107	118	0.2	1	103 15
108	88	0.2	1	73 15
109	70	0.2	1	57 13
110	52	0.2	1	42 10
111	58	0.2	1	45 13
112	49	0.2	1	40 9
113	36	0.2	1	26 10
114	29	0.2	1	20 9
115	26	0.2	1	17 9
116	32	0.2	1	27 5
117	35	0.2	1	28 7
118	28	0.2	1	21 7
119	21	0.2	1	14 7
120	22	0.2	1	13 9
121	23	0.2	1	18 5
122	17	0.2	1	15 2
123	21	0.2	1	12 9
124	18	0.2	1	13 5
125	25	0.2	1	20 5
126	33	0.2	1	24 9
127	46	0.2	1	36 10
128	45	0.2	1	38 7
129	53	0.2	1	47 6
130	65	0.2	1	56 9
131	106	0.2	1	95 11
132	790	0.2	1	742 48
133	76863	0.2	1	75986 877
134	1210	0.2	1	1197 13
135	203	0.2	1	192 11
136	97	0.2	1	87 10
137	63	0.2	1	60 3
138	89	0.2	1	78 11
139	105	0.2	1	95 10
140	43	0.2	1	42 1
141	147	0.2	1	144 3
142	49	0.2	1	47 2
143	16	0.2	1	14 2
144	33	0.2	1	27 6
145	116	0.2	1	80 36
146	66	0.2	1	59 7
147	80	0.2	1	70 10
148	848	0.2	1	802 46
149	142742	0.2	1	140418 2324
150	418	0.2	1	410 8

RUN STATISTICS FOR INPUT FILE: SRX19817116_2.fastq.gz
=============================================
10668318 sequences processed in total

Total number of sequences analysed for the sequence pair length validation: 10668318

Number of sequence pairs removed because at least one read was shorter than the length cutoff (20 bp): 230100 (2.16%)
