
SUMMARISING RUN PARAMETERS
==========================
Input filename: SRX21659711_2.fastq.gz
Trimming mode: paired-end
Trim Galore version: 0.6.10
Cutadapt version: 4.4
Python version: could not detect
Number of cores used for trimming: 4
Quality Phred score cutoff: 20
Quality encoding type selected: ASCII+33
Using Illumina adapter for trimming (count: 65171). Second best hit was Nextera (count: 0)
Adapter sequence: 'AGATCGGAAGAGC' (Illumina TruSeq, Sanger iPCR; auto-detected)
Maximum trimming error rate: 0.1 (default)
Minimum required adapter overlap (stringency): 1 bp
Minimum required sequence length for both reads before a sequence pair gets removed: 20 bp
Running FastQC on the data once trimming has completed
Output file will be GZIP compressed


This is cutadapt 4.4 with Python 3.7.16
Command line parameters: -j 4 -e 0.1 -q 20 -O 1 -a AGATCGGAAGAGC SRX21659711_2.fastq.gz
Processing single-end reads on 4 cores ...
Finished in 208.021 s (8.280 µs/read; 7.25 M reads/minute).

=== Summary ===

Total reads processed:              25,122,588
Reads with adapters:                 9,780,339 (38.9%)
Reads written (passing filters):    25,122,588 (100.0%)

Total basepairs processed: 3,768,388,200 bp
Quality-trimmed:               8,653,523 bp (0.2%)
Total written (filtered):  3,691,217,838 bp (98.0%)

=== Adapter 1 ===

Sequence: AGATCGGAAGAGC; Type: regular 3'; Length: 13; Trimmed: 9780339 times

Minimum overlap: 1
No. of allowed errors:
1-9 bp: 0; 10-13 bp: 1

Bases preceding removed adapters:
  A: 28.9%
  C: 30.2%
  G: 25.4%
  T: 15.4%
  none/other: 0.1%

Overview of removed sequences
length	count	expect	max.err	error counts
1	5177296	6280647.0	0	5177296
2	1315568	1570161.8	0	1315568
3	467337	392540.4	0	467337
4	259246	98135.1	0	259246
5	150961	24533.8	0	150961
6	136377	6133.4	0	136377
7	118355	1533.4	0	118355
8	137113	383.3	0	137113
9	112861	95.8	0	111458 1403
10	103570	24.0	1	101459 2111
11	80685	6.0	1	79081 1604
12	81658	1.5	1	79939 1719
13	68632	0.4	1	67096 1536
14	68983	0.4	1	67247 1736
15	73282	0.4	1	71755 1527
16	67258	0.4	1	65813 1445
17	64987	0.4	1	63514 1473
18	60625	0.4	1	59422 1203
19	51809	0.4	1	50716 1093
20	50682	0.4	1	49692 990
21	48284	0.4	1	47316 968
22	48045	0.4	1	47032 1013
23	45570	0.4	1	44630 940
24	48430	0.4	1	47413 1017
25	47785	0.4	1	46896 889
26	47351	0.4	1	46432 919
27	41047	0.4	1	40241 806
28	41173	0.4	1	40422 751
29	38892	0.4	1	38165 727
30	38214	0.4	1	37563 651
31	34560	0.4	1	33920 640
32	34099	0.4	1	33476 623
33	35999	0.4	1	35338 661
34	30010	0.4	1	29464 546
35	28458	0.4	1	27925 533
36	29228	0.4	1	28712 516
37	32392	0.4	1	31850 542
38	25893	0.4	1	25450 443
39	23696	0.4	1	23292 404
40	22462	0.4	1	22086 376
41	25244	0.4	1	24781 463
42	20636	0.4	1	20295 341
43	21082	0.4	1	20687 395
44	22117	0.4	1	21793 324
45	22001	0.4	1	21629 372
46	20552	0.4	1	20214 338
47	20860	0.4	1	20509 351
48	19704	0.4	1	19355 349
49	14961	0.4	1	14732 229
50	13649	0.4	1	13414 235
51	13215	0.4	1	12998 217
52	12574	0.4	1	12357 217
53	14487	0.4	1	14256 231
54	10821	0.4	1	10662 159
55	10200	0.4	1	10039 161
56	9976	0.4	1	9795 181
57	10826	0.4	1	10681 145
58	9014	0.4	1	8844 170
59	7370	0.4	1	7256 114
60	6371	0.4	1	6270 101
61	6010	0.4	1	5917 93
62	6028	0.4	1	5924 104
63	6684	0.4	1	6581 103
64	5413	0.4	1	5316 97
65	4796	0.4	1	4705 91
66	5206	0.4	1	5121 85
67	4780	0.4	1	4698 82
68	4298	0.4	1	4215 83
69	3737	0.4	1	3690 47
70	3045	0.4	1	3009 36
71	3128	0.4	1	3083 45
72	2486	0.4	1	2458 28
73	2552	0.4	1	2521 31
74	2152	0.4	1	2110 42
75	2228	0.4	1	2190 38
76	2296	0.4	1	2266 30
77	1929	0.4	1	1877 52
78	1999	0.4	1	1965 34
79	1749	0.4	1	1719 30
80	1400	0.4	1	1382 18
81	1098	0.4	1	1075 23
82	1205	0.4	1	1187 18
83	938	0.4	1	921 17
84	831	0.4	1	814 17
85	780	0.4	1	765 15
86	862	0.4	1	853 9
87	857	0.4	1	832 25
88	983	0.4	1	967 16
89	801	0.4	1	788 13
90	654	0.4	1	641 13
91	582	0.4	1	567 15
92	455	0.4	1	447 8
93	418	0.4	1	411 7
94	350	0.4	1	346 4
95	302	0.4	1	292 10
96	320	0.4	1	313 7
97	310	0.4	1	302 8
98	334	0.4	1	327 7
99	219	0.4	1	217 2
100	205	0.4	1	200 5
101	180	0.4	1	176 4
102	151	0.4	1	145 6
103	95	0.4	1	92 3
104	87	0.4	1	84 3
105	69	0.4	1	66 3
106	69	0.4	1	68 1
107	65	0.4	1	60 5
108	66	0.4	1	58 8
109	59	0.4	1	42 17
110	55	0.4	1	48 7
111	55	0.4	1	44 11
112	34	0.4	1	32 2
113	18	0.4	1	15 3
114	6	0.4	1	4 2
115	11	0.4	1	10 1
116	11	0.4	1	7 4
117	17	0.4	1	15 2
118	25	0.4	1	12 13
119	11	0.4	1	9 2
120	17	0.4	1	14 3
121	4	0.4	1	3 1
122	20	0.4	1	5 15
123	12	0.4	1	9 3
124	5	0.4	1	2 3
125	11	0.4	1	4 7
126	8	0.4	1	4 4
127	14	0.4	1	4 10
128	6	0.4	1	4 2
129	11	0.4	1	4 7
130	15	0.4	1	5 10
131	6	0.4	1	1 5
132	27	0.4	1	2 25
133	10	0.4	1	2 8
134	9	0.4	1	2 7
135	5	0.4	1	0 5
136	20	0.4	1	4 16
137	14	0.4	1	2 12
138	7	0.4	1	2 5
139	7	0.4	1	3 4
140	2	0.4	1	1 1
141	1	0.4	1	1
143	4	0.4	1	0 4
144	2	0.4	1	0 2
145	31	0.4	1	0 31
146	7	0.4	1	0 7
147	19	0.4	1	0 19
148	3	0.4	1	0 3
149	4	0.4	1	0 4
150	1	0.4	1	0 1

RUN STATISTICS FOR INPUT FILE: SRX21659711_2.fastq.gz
=============================================
25122588 sequences processed in total

Total number of sequences analysed for the sequence pair length validation: 25122588

Number of sequence pairs removed because at least one read was shorter than the length cutoff (20 bp): 35264 (0.14%)
