
SUMMARISING RUN PARAMETERS
==========================
Input filename: SRX3411513_2.fastq.gz
Trimming mode: paired-end
Trim Galore version: 0.6.10
Cutadapt version: 4.4
Python version: could not detect
Number of cores used for trimming: 4
Quality Phred score cutoff: 20
Quality encoding type selected: ASCII+33
Using Illumina adapter for trimming (count: 111303). Second best hit was Nextera (count: 44)
Adapter sequence: 'AGATCGGAAGAGC' (Illumina TruSeq, Sanger iPCR; auto-detected)
Maximum trimming error rate: 0.1 (default)
Minimum required adapter overlap (stringency): 1 bp
Minimum required sequence length for both reads before a sequence pair gets removed: 20 bp
Running FastQC on the data once trimming has completed
Output file will be GZIP compressed


This is cutadapt 4.4 with Python 3.7.16
Command line parameters: -j 4 -e 0.1 -q 20 -O 1 -a AGATCGGAAGAGC SRX3411513_2.fastq.gz
Processing single-end reads on 4 cores ...
Finished in 87.410 s (11.588 µs/read; 5.18 M reads/minute).

=== Summary ===

Total reads processed:               7,543,296
Reads with adapters:                 2,464,858 (32.7%)
Reads written (passing filters):     7,543,296 (100.0%)

Total basepairs processed: 1,131,494,400 bp
Quality-trimmed:              40,907,482 bp (3.6%)
Total written (filtered):  1,058,163,403 bp (93.5%)

=== Adapter 1 ===

Sequence: AGATCGGAAGAGC; Type: regular 3'; Length: 13; Trimmed: 2464858 times

Minimum overlap: 1
No. of allowed errors:
1-9 bp: 0; 10-13 bp: 1

Bases preceding removed adapters:
  A: 33.0%
  C: 31.3%
  G: 20.3%
  T: 15.4%
  none/other: 0.1%

Overview of removed sequences
length	count	expect	max.err	error counts
1	1131007	1885824.0	0	1131007
2	148754	471456.0	0	148754
3	107049	117864.0	0	107049
4	29268	29466.0	0	29268
5	45485	7366.5	0	45485
6	19438	1841.6	0	19438
7	11455	460.4	0	11455
8	24899	115.1	0	24899
9	36038	28.8	0	35984 54
10	31813	7.2	1	28841 2972
11	24633	1.8	1	22662 1971
12	8501	0.4	1	7438 1063
13	45682	0.1	1	43486 2196
14	10439	0.1	1	9593 846
15	29248	0.1	1	28049 1199
16	40350	0.1	1	38293 2057
17	14375	0.1	1	13491 884
18	34924	0.1	1	33328 1596
19	15247	0.1	1	14026 1221
20	38282	0.1	1	36849 1433
21	18296	0.1	1	17283 1013
22	7101	0.1	1	6750 351
23	17629	0.1	1	17090 539
24	9935	0.1	1	9313 622
25	28922	0.1	1	27802 1120
26	20093	0.1	1	19139 954
27	25803	0.1	1	24557 1246
28	9368	0.1	1	8574 794
29	38755	0.1	1	36884 1871
30	9861	0.1	1	9187 674
31	35426	0.1	1	34322 1104
32	11676	0.1	1	10881 795
33	49452	0.1	1	47975 1477
34	19131	0.1	1	18287 844
35	5230	0.1	1	4709 521
36	19035	0.1	1	18119 916
37	19532	0.1	1	18897 635
38	10354	0.1	1	9791 563
39	15868	0.1	1	15291 577
40	14820	0.1	1	14233 587
41	5813	0.1	1	5620 193
42	10773	0.1	1	10424 349
43	11516	0.1	1	11125 391
44	7178	0.1	1	6985 193
45	12859	0.1	1	12420 439
46	11495	0.1	1	11115 380
47	7715	0.1	1	7454 261
48	7488	0.1	1	7240 248
49	5567	0.1	1	5298 269
50	12157	0.1	1	11629 528
51	6361	0.1	1	6054 307
52	10264	0.1	1	9944 320
53	3233	0.1	1	2957 276
54	9332	0.1	1	9020 312
55	2870	0.1	1	2641 229
56	6491	0.1	1	6136 355
57	5692	0.1	1	5405 287
58	13536	0.1	1	12836 700
59	2003	0.1	1	1830 173
60	4054	0.1	1	3797 257
61	4477	0.1	1	4190 287
62	4786	0.1	1	4502 284
63	4829	0.1	1	4551 278
64	3791	0.1	1	3542 249
65	4897	0.1	1	4548 349
66	9063	0.1	1	8419 644
67	8014	0.1	1	7217 797
68	4935	0.1	1	4307 628
69	1400	0.1	1	1138 262
70	608	0.1	1	459 149
71	572	0.1	1	511 61
72	801	0.1	1	728 73
73	998	0.1	1	914 84
74	1134	0.1	1	1038 96
75	1279	0.1	1	1143 136
76	1261	0.1	1	1053 208
77	1197	0.1	1	946 251
78	1016	0.1	1	682 334
79	947	0.1	1	558 389
80	982	0.1	1	626 356
81	916	0.1	1	674 242
82	920	0.1	1	647 273
83	912	0.1	1	636 276
84	792	0.1	1	558 234
85	866	0.1	1	696 170
86	697	0.1	1	597 100
87	795	0.1	1	736 59
88	601	0.1	1	546 55
89	473	0.1	1	416 57
90	394	0.1	1	366 28
91	386	0.1	1	346 40
92	385	0.1	1	350 35
93	378	0.1	1	342 36
94	349	0.1	1	317 32
95	386	0.1	1	345 41
96	320	0.1	1	272 48
97	343	0.1	1	275 68
98	379	0.1	1	298 81
99	270	0.1	1	224 46
100	295	0.1	1	249 46
101	284	0.1	1	244 40
102	305	0.1	1	258 47
103	273	0.1	1	242 31
104	207	0.1	1	176 31
105	156	0.1	1	143 13
106	136	0.1	1	120 16
107	152	0.1	1	102 50
108	103	0.1	1	88 15
109	100	0.1	1	83 17
110	91	0.1	1	60 31
111	151	0.1	1	95 56
112	109	0.1	1	94 15
113	186	0.1	1	131 55
114	1684	0.1	1	677 1007
115	124	0.1	1	105 19
116	65	0.1	1	61 4
117	68	0.1	1	62 6
118	65	0.1	1	54 11
119	202	0.1	1	176 26
120	55	0.1	1	43 12
121	68	0.1	1	57 11
122	71	0.1	1	54 17
123	142	0.1	1	117 25
124	386	0.1	1	356 30
125	78	0.1	1	54 24
126	64	0.1	1	54 10
127	58	0.1	1	47 11
128	94	0.1	1	80 14
129	78	0.1	1	55 23
130	64	0.1	1	50 14
131	66	0.1	1	37 29
132	78	0.1	1	57 21
133	57	0.1	1	45 12
134	31	0.1	1	23 8
135	36	0.1	1	30 6
136	94	0.1	1	34 60
137	56	0.1	1	29 27
138	151	0.1	1	119 32
139	58	0.1	1	37 21
140	81	0.1	1	61 20
141	220	0.1	1	185 35
142	71	0.1	1	50 21
143	81	0.1	1	65 16
144	122	0.1	1	108 14
145	139	0.1	1	118 21
146	134	0.1	1	95 39
147	17	0.1	1	7 10
148	20	0.1	1	6 14
149	41	0.1	1	13 28
150	271	0.1	1	30 241

RUN STATISTICS FOR INPUT FILE: SRX3411513_2.fastq.gz
=============================================
7543296 sequences processed in total

Total number of sequences analysed for the sequence pair length validation: 7543296

Number of sequence pairs removed because at least one read was shorter than the length cutoff (20 bp): 2272057 (30.12%)
