
SUMMARISING RUN PARAMETERS
==========================
Input filename: SRX3411506_1.fastq.gz
Trimming mode: paired-end
Trim Galore version: 0.6.10
Cutadapt version: 4.4
Python version: could not detect
Number of cores used for trimming: 4
Quality Phred score cutoff: 20
Quality encoding type selected: ASCII+33
Using Illumina adapter for trimming (count: 89646). Second best hit was Nextera (count: 15)
Adapter sequence: 'AGATCGGAAGAGC' (Illumina TruSeq, Sanger iPCR; auto-detected)
Maximum trimming error rate: 0.1 (default)
Minimum required adapter overlap (stringency): 1 bp
Minimum required sequence length for both reads before a sequence pair gets removed: 20 bp
Running FastQC on the data once trimming has completed
Output file will be GZIP compressed


This is cutadapt 4.4 with Python 3.7.16
Command line parameters: -j 4 -e 0.1 -q 20 -O 1 -a AGATCGGAAGAGC SRX3411506_1.fastq.gz
Processing single-end reads on 4 cores ...
Finished in 52.425 s (6.753 µs/read; 8.88 M reads/minute).

=== Summary ===

Total reads processed:               7,763,121
Reads with adapters:                 4,896,499 (63.1%)
Reads written (passing filters):     7,763,121 (100.0%)

Total basepairs processed: 1,164,468,150 bp
Quality-trimmed:              16,708,524 bp (1.4%)
Total written (filtered):    695,206,859 bp (59.7%)

=== Adapter 1 ===

Sequence: AGATCGGAAGAGC; Type: regular 3'; Length: 13; Trimmed: 4896499 times

Minimum overlap: 1
No. of allowed errors:
1-9 bp: 0; 10-13 bp: 1

Bases preceding removed adapters:
  A: 10.1%
  C: 15.4%
  G: 8.8%
  T: 7.5%
  none/other: 58.2%

Overview of removed sequences
length	count	expect	max.err	error counts
1	815266	1940780.2	0	815266
2	129666	485195.1	0	129666
3	130016	121298.8	0	130016
4	27770	30324.7	0	27770
5	33678	7581.2	0	33678
6	21068	1895.3	0	21068
7	13594	473.8	0	13594
8	25758	118.5	0	25758
9	47114	29.6	0	47050 64
10	22469	7.4	1	21473 996
11	38566	1.9	1	36950 1616
12	4620	0.5	1	3887 733
13	49199	0.1	1	47540 1659
14	11685	0.1	1	10709 976
15	50410	0.1	1	48595 1815
16	6140	0.1	1	5442 698
17	38086	0.1	1	36208 1878
18	10203	0.1	1	9629 574
19	21907	0.1	1	21189 718
20	16368	0.1	1	15460 908
21	32334	0.1	1	31337 997
22	13821	0.1	1	13251 570
23	17702	0.1	1	16951 751
24	14738	0.1	1	13817 921
25	26460	0.1	1	25269 1191
26	15227	0.1	1	14631 596
27	20631	0.1	1	19768 863
28	26230	0.1	1	24906 1324
29	27047	0.1	1	26044 1003
30	6428	0.1	1	6064 364
31	20281	0.1	1	19488 793
32	38176	0.1	1	36997 1179
33	11429	0.1	1	10731 698
34	24139	0.1	1	23223 916
35	17851	0.1	1	17235 616
36	13018	0.1	1	12246 772
37	19706	0.1	1	18763 943
38	14844	0.1	1	14094 750
39	2226	0.1	1	1926 300
40	18309	0.1	1	17261 1048
41	39733	0.1	1	38334 1399
42	13337	0.1	1	12509 828
43	43292	0.1	1	42213 1079
44	1701	0.1	1	1544 157
45	835	0.1	1	721 114
46	1578	0.1	1	1495 83
47	1500	0.1	1	1423 77
48	1625	0.1	1	1497 128
49	5783	0.1	1	5612 171
50	815	0.1	1	747 68
51	978	0.1	1	885 93
52	4395	0.1	1	4242 153
53	375	0.1	1	351 24
54	278	0.1	1	248 30
55	270	0.1	1	237 33
56	709	0.1	1	648 61
57	3800	0.1	1	3672 128
58	430	0.1	1	391 39
59	804	0.1	1	761 43
60	232	0.1	1	215 17
61	174	0.1	1	160 14
62	363	0.1	1	321 42
63	2441	0.1	1	2349 92
64	504	0.1	1	458 46
65	347	0.1	1	326 21
66	1140	0.1	1	1079 61
67	1321	0.1	1	1243 78
68	1602	0.1	1	1493 109
69	1623	0.1	1	1495 128
70	1716	0.1	1	1601 115
71	1916	0.1	1	1758 158
72	1954	0.1	1	1740 214
73	2515	0.1	1	2035 480
74	3258	0.1	1	2711 547
75	1521	0.1	1	1011 510
76	584	0.1	1	236 348
77	315	0.1	1	136 179
78	412	0.1	1	258 154
79	439	0.1	1	306 133
80	525	0.1	1	420 105
81	506	0.1	1	409 97
82	508	0.1	1	403 105
83	474	0.1	1	396 78
84	446	0.1	1	362 84
85	383	0.1	1	318 65
86	332	0.1	1	288 44
87	410	0.1	1	304 106
88	394	0.1	1	305 89
89	296	0.1	1	199 97
90	196	0.1	1	155 41
91	194	0.1	1	153 41
92	167	0.1	1	124 43
93	192	0.1	1	131 61
94	182	0.1	1	130 52
95	190	0.1	1	146 44
96	195	0.1	1	128 67
97	194	0.1	1	152 42
98	191	0.1	1	136 55
99	171	0.1	1	108 63
100	170	0.1	1	104 66
101	206	0.1	1	113 93
102	231	0.1	1	116 115
103	240	0.1	1	129 111
104	174	0.1	1	87 87
105	166	0.1	1	90 76
106	99	0.1	1	57 42
107	86	0.1	1	42 44
108	151	0.1	1	49 102
109	97	0.1	1	40 57
110	170	0.1	1	47 123
111	167	0.1	1	28 139
112	148	0.1	1	38 110
113	141	0.1	1	55 86
114	106	0.1	1	40 66
115	154	0.1	1	36 118
116	439	0.1	1	34 405
117	146	0.1	1	32 114
118	173	0.1	1	32 141
119	172	0.1	1	16 156
120	157	0.1	1	40 117
121	193	0.1	1	43 150
122	227	0.1	1	40 187
123	275	0.1	1	51 224
124	291	0.1	1	170 121
125	229	0.1	1	39 190
126	169	0.1	1	24 145
127	205	0.1	1	28 177
128	324	0.1	1	30 294
129	233	0.1	1	27 206
130	212	0.1	1	23 189
131	190	0.1	1	30 160
132	170	0.1	1	25 145
133	193	0.1	1	25 168
134	236	0.1	1	25 211
135	272	0.1	1	20 252
136	253	0.1	1	11 242
137	246	0.1	1	16 230
138	1004	0.1	1	19 985
139	416	0.1	1	21 395
140	380	0.1	1	26 354
141	614	0.1	1	14 600
142	634	0.1	1	11 623
143	740	0.1	1	13 727
144	907	0.1	1	50 857
145	1119	0.1	1	45 1074
146	1651	0.1	1	38 1613
147	3956	0.1	1	7 3949
148	10095	0.1	1	7 10088
149	38426	0.1	1	23 38403
150	2782105	0.1	1	5 2782100

RUN STATISTICS FOR INPUT FILE: SRX3411506_1.fastq.gz
=============================================
7763121 sequences processed in total

