
SUMMARISING RUN PARAMETERS
==========================
Input filename: SRX3411519_1.fastq.gz
Trimming mode: paired-end
Trim Galore version: 0.6.10
Cutadapt version: 4.4
Python version: could not detect
Number of cores used for trimming: 4
Quality Phred score cutoff: 20
Quality encoding type selected: ASCII+33
Using Illumina adapter for trimming (count: 47422). Second best hit was Nextera (count: 173)
Adapter sequence: 'AGATCGGAAGAGC' (Illumina TruSeq, Sanger iPCR; auto-detected)
Maximum trimming error rate: 0.1 (default)
Minimum required adapter overlap (stringency): 1 bp
Minimum required sequence length for both reads before a sequence pair gets removed: 20 bp
Running FastQC on the data once trimming has completed
Output file will be GZIP compressed


This is cutadapt 4.4 with Python 3.7.16
Command line parameters: -j 4 -e 0.1 -q 20 -O 1 -a AGATCGGAAGAGC SRX3411519_1.fastq.gz
Processing single-end reads on 4 cores ...
Finished in 33.669 s (9.644 µs/read; 6.22 M reads/minute).

=== Summary ===

Total reads processed:               3,491,011
Reads with adapters:                 1,281,695 (36.7%)
Reads written (passing filters):     3,491,011 (100.0%)

Total basepairs processed:   523,651,650 bp
Quality-trimmed:              15,579,502 bp (3.0%)
Total written (filtered):    469,230,556 bp (89.6%)

=== Adapter 1 ===

Sequence: AGATCGGAAGAGC; Type: regular 3'; Length: 13; Trimmed: 1281695 times

Minimum overlap: 1
No. of allowed errors:
1-9 bp: 0; 10-13 bp: 1

Bases preceding removed adapters:
  A: 30.2%
  C: 20.6%
  G: 16.3%
  T: 16.5%
  none/other: 16.3%

Overview of removed sequences
length	count	expect	max.err	error counts
1	708263	872752.8	0	708263
2	63283	218188.2	0	63283
3	43121	54547.0	0	43121
4	17307	13636.8	0	17307
5	11333	3409.2	0	11333
6	7270	852.3	0	7270
7	4782	213.1	0	4782
8	7370	53.3	0	7370
9	11576	13.3	0	11551 25
10	4859	3.3	1	4438 421
11	9253	0.8	1	8277 976
12	1856	0.2	1	1467 389
13	9596	0.1	1	8945 651
14	2702	0.1	1	2340 362
15	10651	0.1	1	9699 952
16	1834	0.1	1	1481 353
17	10995	0.1	1	9838 1157
18	3299	0.1	1	2942 357
19	6617	0.1	1	6207 410
20	4767	0.1	1	4330 437
21	8952	0.1	1	8434 518
22	3757	0.1	1	3453 304
23	4813	0.1	1	4421 392
24	4410	0.1	1	3905 505
25	6341	0.1	1	5844 497
26	3338	0.1	1	3138 200
27	4675	0.1	1	4358 317
28	6386	0.1	1	5785 601
29	6512	0.1	1	5999 513
30	1517	0.1	1	1365 152
31	3872	0.1	1	3576 296
32	5914	0.1	1	5567 347
33	2276	0.1	1	2025 251
34	4926	0.1	1	4531 395
35	2608	0.1	1	2426 182
36	5188	0.1	1	4711 477
37	1424	0.1	1	1257 167
38	2862	0.1	1	2558 304
39	2629	0.1	1	2455 174
40	4569	0.1	1	4158 411
41	9041	0.1	1	8338 703
42	4577	0.1	1	4264 313
43	4644	0.1	1	4411 233
44	714	0.1	1	665 49
45	580	0.1	1	530 50
46	568	0.1	1	522 46
47	1236	0.1	1	1177 59
48	572	0.1	1	501 71
49	2750	0.1	1	2616 134
50	287	0.1	1	266 21
51	386	0.1	1	350 36
52	1766	0.1	1	1671 95
53	504	0.1	1	456 48
54	356	0.1	1	337 19
55	139	0.1	1	122 17
56	344	0.1	1	312 32
57	1450	0.1	1	1368 82
58	191	0.1	1	172 19
59	463	0.1	1	434 29
60	238	0.1	1	219 19
61	124	0.1	1	111 13
62	283	0.1	1	256 27
63	952	0.1	1	911 41
64	166	0.1	1	148 18
65	277	0.1	1	248 29
66	482	0.1	1	449 33
67	558	0.1	1	493 65
68	640	0.1	1	584 56
69	659	0.1	1	591 68
70	626	0.1	1	560 66
71	575	0.1	1	519 56
72	568	0.1	1	500 68
73	650	0.1	1	553 97
74	619	0.1	1	552 67
75	150	0.1	1	119 31
76	54	0.1	1	23 31
77	71	0.1	1	54 17
78	123	0.1	1	106 17
79	120	0.1	1	100 20
80	122	0.1	1	101 21
81	104	0.1	1	86 18
82	127	0.1	1	101 26
83	114	0.1	1	94 20
84	134	0.1	1	115 19
85	122	0.1	1	103 19
86	134	0.1	1	114 20
87	132	0.1	1	98 34
88	119	0.1	1	93 26
89	86	0.1	1	70 16
90	109	0.1	1	87 22
91	79	0.1	1	60 19
92	89	0.1	1	64 25
93	78	0.1	1	63 15
94	95	0.1	1	66 29
95	78	0.1	1	55 23
96	99	0.1	1	64 35
97	124	0.1	1	80 44
98	134	0.1	1	69 65
99	116	0.1	1	73 43
100	133	0.1	1	96 37
101	111	0.1	1	78 33
102	127	0.1	1	78 49
103	124	0.1	1	80 44
104	182	0.1	1	93 89
105	142	0.1	1	95 47
106	142	0.1	1	91 51
107	175	0.1	1	128 47
108	241	0.1	1	171 70
109	133	0.1	1	100 33
110	143	0.1	1	91 52
111	156	0.1	1	113 43
112	154	0.1	1	110 44
113	154	0.1	1	106 48
114	83	0.1	1	61 22
115	102	0.1	1	66 36
116	122	0.1	1	64 58
117	70	0.1	1	47 23
118	84	0.1	1	56 28
119	63	0.1	1	41 22
120	79	0.1	1	56 23
121	73	0.1	1	37 36
122	84	0.1	1	44 40
123	66	0.1	1	25 41
124	82	0.1	1	52 30
125	60	0.1	1	34 26
126	58	0.1	1	34 24
127	61	0.1	1	36 25
128	75	0.1	1	44 31
129	64	0.1	1	38 26
130	63	0.1	1	30 33
131	81	0.1	1	47 34
132	69	0.1	1	36 33
133	47	0.1	1	27 20
134	63	0.1	1	20 43
135	53	0.1	1	14 39
136	66	0.1	1	27 39
137	71	0.1	1	27 44
138	108	0.1	1	31 77
139	98	0.1	1	28 70
140	82	0.1	1	24 58
141	108	0.1	1	31 77
142	109	0.1	1	27 82
143	129	0.1	1	46 83
144	124	0.1	1	38 86
145	156	0.1	1	39 117
146	255	0.1	1	64 191
147	351	0.1	1	28 323
148	890	0.1	1	21 869
149	3013	0.1	1	12 3001
150	204015	0.1	1	39 203976

RUN STATISTICS FOR INPUT FILE: SRX3411519_1.fastq.gz
=============================================
3491011 sequences processed in total

