
SUMMARISING RUN PARAMETERS
==========================
Input filename: SRX3411523_1.fastq.gz
Trimming mode: paired-end
Trim Galore version: 0.6.10
Cutadapt version: 4.4
Python version: could not detect
Number of cores used for trimming: 4
Quality Phred score cutoff: 20
Quality encoding type selected: ASCII+33
Using Illumina adapter for trimming (count: 51356). Second best hit was Nextera (count: 99)
Adapter sequence: 'AGATCGGAAGAGC' (Illumina TruSeq, Sanger iPCR; auto-detected)
Maximum trimming error rate: 0.1 (default)
Minimum required adapter overlap (stringency): 1 bp
Minimum required sequence length for both reads before a sequence pair gets removed: 20 bp
Running FastQC on the data once trimming has completed
Output file will be GZIP compressed


This is cutadapt 4.4 with Python 3.7.16
Command line parameters: -j 4 -e 0.1 -q 20 -O 1 -a AGATCGGAAGAGC SRX3411523_1.fastq.gz
Processing single-end reads on 4 cores ...
Finished in 43.650 s (9.295 µs/read; 6.46 M reads/minute).

=== Summary ===

Total reads processed:               4,696,244
Reads with adapters:                 1,607,862 (34.2%)
Reads written (passing filters):     4,696,244 (100.0%)

Total basepairs processed:   704,436,600 bp
Quality-trimmed:              25,662,472 bp (3.6%)
Total written (filtered):    650,416,238 bp (92.3%)

=== Adapter 1 ===

Sequence: AGATCGGAAGAGC; Type: regular 3'; Length: 13; Trimmed: 1607862 times

Minimum overlap: 1
No. of allowed errors:
1-9 bp: 0; 10-13 bp: 1

Bases preceding removed adapters:
  A: 31.1%
  C: 27.1%
  G: 16.4%
  T: 18.1%
  none/other: 7.3%

Overview of removed sequences
length	count	expect	max.err	error counts
1	954718	1174061.0	0	954718
2	99658	293515.2	0	99658
3	60757	73378.8	0	60757
4	22099	18344.7	0	22099
5	16746	4586.2	0	16746
6	10603	1146.5	0	10603
7	7263	286.6	0	7263
8	11439	71.7	0	11439
9	16967	17.9	0	16917 50
10	7227	4.5	1	6656 571
11	13758	1.1	1	12494 1264
12	2654	0.3	1	2099 555
13	14331	0.1	1	13463 868
14	4044	0.1	1	3466 578
15	16000	0.1	1	14787 1213
16	2594	0.1	1	2117 477
17	16756	0.1	1	15164 1592
18	4780	0.1	1	4363 417
19	9891	0.1	1	9366 525
20	7108	0.1	1	6577 531
21	13351	0.1	1	12706 645
22	5421	0.1	1	5045 376
23	7043	0.1	1	6558 485
24	6020	0.1	1	5331 689
25	9391	0.1	1	8650 741
26	4512	0.1	1	4265 247
27	7107	0.1	1	6679 428
28	10803	0.1	1	9822 981
29	10252	0.1	1	9565 687
30	2087	0.1	1	1912 175
31	6119	0.1	1	5678 441
32	10942	0.1	1	10438 504
33	2103	0.1	1	1841 262
34	7151	0.1	1	6592 559
35	9604	0.1	1	8806 798
36	1387	0.1	1	1194 193
37	5212	0.1	1	4620 592
38	5787	0.1	1	5514 273
39	1906	0.1	1	1692 214
40	5385	0.1	1	4983 402
41	10039	0.1	1	9336 703
42	4896	0.1	1	4613 283
43	3911	0.1	1	3705 206
44	1334	0.1	1	1242 92
45	1434	0.1	1	1365 69
46	885	0.1	1	813 72
47	2494	0.1	1	2399 95
48	826	0.1	1	689 137
49	3881	0.1	1	3701 180
50	778	0.1	1	721 57
51	856	0.1	1	794 62
52	2944	0.1	1	2807 137
53	1020	0.1	1	963 57
54	940	0.1	1	894 46
55	244	0.1	1	218 26
56	681	0.1	1	623 58
57	2128	0.1	1	2029 99
58	341	0.1	1	314 27
59	786	0.1	1	743 43
60	487	0.1	1	454 33
61	230	0.1	1	211 19
62	464	0.1	1	433 31
63	1267	0.1	1	1211 56
64	232	0.1	1	197 35
65	554	0.1	1	497 57
66	670	0.1	1	601 69
67	664	0.1	1	597 67
68	815	0.1	1	730 85
69	771	0.1	1	689 82
70	779	0.1	1	695 84
71	711	0.1	1	636 75
72	748	0.1	1	637 111
73	1013	0.1	1	879 134
74	781	0.1	1	658 123
75	160	0.1	1	124 36
76	47	0.1	1	33 14
77	104	0.1	1	79 25
78	143	0.1	1	118 25
79	156	0.1	1	136 20
80	175	0.1	1	148 27
81	146	0.1	1	127 19
82	206	0.1	1	162 44
83	143	0.1	1	119 24
84	171	0.1	1	142 29
85	124	0.1	1	96 28
86	110	0.1	1	85 25
87	121	0.1	1	81 40
88	107	0.1	1	78 29
89	118	0.1	1	90 28
90	93	0.1	1	74 19
91	91	0.1	1	70 21
92	93	0.1	1	76 17
93	80	0.1	1	57 23
94	117	0.1	1	86 31
95	80	0.1	1	51 29
96	104	0.1	1	66 38
97	111	0.1	1	66 45
98	121	0.1	1	85 36
99	95	0.1	1	64 31
100	139	0.1	1	89 50
101	112	0.1	1	82 30
102	133	0.1	1	97 36
103	133	0.1	1	109 24
104	138	0.1	1	87 51
105	89	0.1	1	55 34
106	139	0.1	1	92 47
107	147	0.1	1	103 44
108	187	0.1	1	128 59
109	141	0.1	1	106 35
110	110	0.1	1	69 41
111	140	0.1	1	98 42
112	141	0.1	1	112 29
113	168	0.1	1	121 47
114	112	0.1	1	73 39
115	153	0.1	1	84 69
116	157	0.1	1	104 53
117	103	0.1	1	68 35
118	85	0.1	1	59 26
119	72	0.1	1	55 17
120	56	0.1	1	37 19
121	98	0.1	1	44 54
122	72	0.1	1	44 28
123	101	0.1	1	58 43
124	185	0.1	1	158 27
125	132	0.1	1	70 62
126	75	0.1	1	47 28
127	109	0.1	1	75 34
128	126	0.1	1	74 52
129	72	0.1	1	43 29
130	101	0.1	1	56 45
131	112	0.1	1	72 40
132	110	0.1	1	89 21
133	72	0.1	1	42 30
134	103	0.1	1	50 53
135	74	0.1	1	34 40
136	101	0.1	1	53 48
137	133	0.1	1	66 67
138	146	0.1	1	69 77
139	138	0.1	1	53 85
140	124	0.1	1	57 67
141	150	0.1	1	59 91
142	116	0.1	1	62 54
143	140	0.1	1	61 79
144	135	0.1	1	67 68
145	159	0.1	1	68 91
146	345	0.1	1	185 160
147	299	0.1	1	48 251
148	497	0.1	1	13 484
149	1696	0.1	1	5 1691
150	114890	0.1	1	66 114824

RUN STATISTICS FOR INPUT FILE: SRX3411523_1.fastq.gz
=============================================
4696244 sequences processed in total

