
SUMMARISING RUN PARAMETERS
==========================
Input filename: SRX3411522_1.fastq.gz
Trimming mode: paired-end
Trim Galore version: 0.6.10
Cutadapt version: 4.4
Python version: could not detect
Number of cores used for trimming: 4
Quality Phred score cutoff: 20
Quality encoding type selected: ASCII+33
Using Illumina adapter for trimming (count: 57213). Second best hit was Nextera (count: 139)
Adapter sequence: 'AGATCGGAAGAGC' (Illumina TruSeq, Sanger iPCR; auto-detected)
Maximum trimming error rate: 0.1 (default)
Minimum required adapter overlap (stringency): 1 bp
Minimum required sequence length for both reads before a sequence pair gets removed: 20 bp
Running FastQC on the data once trimming has completed
Output file will be GZIP compressed


This is cutadapt 4.4 with Python 3.7.16
Command line parameters: -j 4 -e 0.1 -q 20 -O 1 -a AGATCGGAAGAGC SRX3411522_1.fastq.gz
Processing single-end reads on 4 cores ...
Finished in 45.562 s (10.261 µs/read; 5.85 M reads/minute).

=== Summary ===

Total reads processed:               4,440,321
Reads with adapters:                 1,794,782 (40.4%)
Reads written (passing filters):     4,440,321 (100.0%)

Total basepairs processed:   666,048,150 bp
Quality-trimmed:              18,716,664 bp (2.8%)
Total written (filtered):    582,154,673 bp (87.4%)

=== Adapter 1 ===

Sequence: AGATCGGAAGAGC; Type: regular 3'; Length: 13; Trimmed: 1794782 times

Minimum overlap: 1
No. of allowed errors:
1-9 bp: 0; 10-13 bp: 1

Bases preceding removed adapters:
  A: 28.6%
  C: 20.1%
  G: 16.6%
  T: 14.7%
  none/other: 20.1%

Overview of removed sequences
length	count	expect	max.err	error counts
1	904826	1110080.2	0	904826
2	75557	277520.1	0	75557
3	56558	69380.0	0	56558
4	27356	17345.0	0	27356
5	16668	4336.3	0	16668
6	10980	1084.1	0	10980
7	8026	271.0	0	8026
8	12136	67.8	0	12136
9	19350	16.9	0	19318 32
10	8089	4.2	1	7499 590
11	14923	1.1	1	13440 1483
12	3324	0.3	1	2755 569
13	16783	0.1	1	15893 890
14	4453	0.1	1	3925 528
15	16246	0.1	1	15053 1193
16	2606	0.1	1	2159 447
17	16012	0.1	1	14347 1665
18	4921	0.1	1	4528 393
19	9610	0.1	1	9143 467
20	7222	0.1	1	6697 525
21	12336	0.1	1	11814 522
22	5827	0.1	1	5405 422
23	7090	0.1	1	6639 451
24	6106	0.1	1	5538 568
25	9226	0.1	1	8492 734
26	4772	0.1	1	4504 268
27	6855	0.1	1	6429 426
28	9517	0.1	1	8818 699
29	9286	0.1	1	8731 555
30	2269	0.1	1	2091 178
31	6178	0.1	1	5850 328
32	9506	0.1	1	9121 385
33	2557	0.1	1	2314 243
34	7767	0.1	1	7211 556
35	5979	0.1	1	5570 409
36	3415	0.1	1	3231 184
37	6799	0.1	1	6528 271
38	2176	0.1	1	1935 241
39	8561	0.1	1	8034 527
40	6204	0.1	1	5944 260
41	5917	0.1	1	5609 308
42	2112	0.1	1	2014 98
43	923	0.1	1	842 81
44	1855	0.1	1	1767 88
45	4273	0.1	1	4094 179
46	2202	0.1	1	2073 129
47	4592	0.1	1	4430 162
48	1307	0.1	1	1180 127
49	3802	0.1	1	3604 198
50	1677	0.1	1	1587 90
51	1868	0.1	1	1768 100
52	2305	0.1	1	2191 114
53	1665	0.1	1	1568 97
54	1851	0.1	1	1785 66
55	661	0.1	1	616 45
56	1214	0.1	1	1149 65
57	2166	0.1	1	2035 131
58	750	0.1	1	692 58
59	1720	0.1	1	1652 68
60	1840	0.1	1	1766 74
61	651	0.1	1	606 45
62	1368	0.1	1	1296 72
63	1886	0.1	1	1784 102
64	349	0.1	1	318 31
65	1344	0.1	1	1273 71
66	876	0.1	1	823 53
67	833	0.1	1	757 76
68	944	0.1	1	863 81
69	974	0.1	1	910 64
70	938	0.1	1	848 90
71	900	0.1	1	807 93
72	1000	0.1	1	889 111
73	1253	0.1	1	1119 134
74	806	0.1	1	713 93
75	94	0.1	1	57 37
76	98	0.1	1	70 28
77	187	0.1	1	162 25
78	231	0.1	1	194 37
79	217	0.1	1	177 40
80	198	0.1	1	163 35
81	195	0.1	1	160 35
82	193	0.1	1	156 37
83	205	0.1	1	181 24
84	192	0.1	1	167 25
85	213	0.1	1	175 38
86	226	0.1	1	199 27
87	231	0.1	1	185 46
88	188	0.1	1	161 27
89	152	0.1	1	124 28
90	170	0.1	1	146 24
91	120	0.1	1	98 22
92	182	0.1	1	150 32
93	103	0.1	1	88 15
94	125	0.1	1	103 22
95	111	0.1	1	88 23
96	127	0.1	1	83 44
97	107	0.1	1	82 25
98	117	0.1	1	81 36
99	147	0.1	1	103 44
100	135	0.1	1	88 47
101	146	0.1	1	96 50
102	200	0.1	1	150 50
103	187	0.1	1	128 59
104	143	0.1	1	95 48
105	120	0.1	1	83 37
106	106	0.1	1	71 35
107	165	0.1	1	105 60
108	178	0.1	1	128 50
109	115	0.1	1	77 38
110	141	0.1	1	81 60
111	155	0.1	1	100 55
112	125	0.1	1	97 28
113	148	0.1	1	112 36
114	101	0.1	1	70 31
115	107	0.1	1	61 46
116	127	0.1	1	51 76
117	70	0.1	1	36 34
118	84	0.1	1	47 37
119	80	0.1	1	37 43
120	72	0.1	1	43 29
121	58	0.1	1	35 23
122	72	0.1	1	33 39
123	54	0.1	1	23 31
124	46	0.1	1	24 22
125	77	0.1	1	32 45
126	65	0.1	1	39 26
127	61	0.1	1	40 21
128	83	0.1	1	46 37
129	65	0.1	1	32 33
130	59	0.1	1	26 33
131	92	0.1	1	47 45
132	69	0.1	1	45 24
133	64	0.1	1	25 39
134	79	0.1	1	28 51
135	78	0.1	1	30 48
136	78	0.1	1	27 51
137	121	0.1	1	53 68
138	166	0.1	1	16 150
139	135	0.1	1	49 86
140	114	0.1	1	38 76
141	176	0.1	1	46 130
142	157	0.1	1	44 113
143	190	0.1	1	39 151
144	181	0.1	1	30 151
145	179	0.1	1	31 148
146	318	0.1	1	46 272
147	627	0.1	1	19 608
148	1477	0.1	1	13 1464
149	5350	0.1	1	26 5324
150	350763	0.1	1	43 350720

RUN STATISTICS FOR INPUT FILE: SRX3411522_1.fastq.gz
=============================================
4440321 sequences processed in total

