
SUMMARISING RUN PARAMETERS
==========================
Input filename: SRX3411524_1.fastq.gz
Trimming mode: paired-end
Trim Galore version: 0.6.10
Cutadapt version: 4.4
Python version: could not detect
Number of cores used for trimming: 4
Quality Phred score cutoff: 20
Quality encoding type selected: ASCII+33
Using Illumina adapter for trimming (count: 92565). Second best hit was Nextera (count: 29)
Adapter sequence: 'AGATCGGAAGAGC' (Illumina TruSeq, Sanger iPCR; auto-detected)
Maximum trimming error rate: 0.1 (default)
Minimum required adapter overlap (stringency): 1 bp
Minimum required sequence length for both reads before a sequence pair gets removed: 20 bp
Running FastQC on the data once trimming has completed
Output file will be GZIP compressed


This is cutadapt 4.4 with Python 3.7.16
Command line parameters: -j 4 -e 0.1 -q 20 -O 1 -a AGATCGGAAGAGC SRX3411524_1.fastq.gz
Processing single-end reads on 4 cores ...
Finished in 61.587 s (9.502 µs/read; 6.31 M reads/minute).

=== Summary ===

Total reads processed:               6,481,251
Reads with adapters:                 2,517,624 (38.8%)
Reads written (passing filters):     6,481,251 (100.0%)

Total basepairs processed:   972,187,650 bp
Quality-trimmed:              33,927,937 bp (3.5%)
Total written (filtered):    884,222,243 bp (91.0%)

=== Adapter 1 ===

Sequence: AGATCGGAAGAGC; Type: regular 3'; Length: 13; Trimmed: 2517624 times

Minimum overlap: 1
No. of allowed errors:
1-9 bp: 0; 10-13 bp: 1

Bases preceding removed adapters:
  A: 25.9%
  C: 30.6%
  G: 18.6%
  T: 17.0%
  none/other: 8.0%

Overview of removed sequences
length	count	expect	max.err	error counts
1	1192639	1620312.8	0	1192639
2	147745	405078.2	0	147745
3	121755	101269.5	0	121755
4	28575	25317.4	0	28575
5	29554	6329.3	0	29554
6	18505	1582.3	0	18505
7	12537	395.6	0	12537
8	23408	98.9	0	23408
9	42156	24.7	0	42106 50
10	19358	6.2	1	18398 960
11	33964	1.5	1	32003 1961
12	4217	0.4	1	3549 668
13	40632	0.1	1	39019 1613
14	9930	0.1	1	9066 864
15	48328	0.1	1	46120 2208
16	5954	0.1	1	5202 752
17	38352	0.1	1	35758 2594
18	9025	0.1	1	8441 584
19	18631	0.1	1	17964 667
20	13423	0.1	1	12647 776
21	25907	0.1	1	24944 963
22	11554	0.1	1	10959 595
23	14882	0.1	1	14159 723
24	12731	0.1	1	11688 1043
25	21906	0.1	1	20714 1192
26	11481	0.1	1	10994 487
27	15905	0.1	1	15207 698
28	22413	0.1	1	20876 1537
29	22885	0.1	1	21657 1228
30	5282	0.1	1	4907 375
31	16277	0.1	1	15576 701
32	30036	0.1	1	29066 970
33	8021	0.1	1	7500 521
34	22648	0.1	1	21550 1098
35	20203	0.1	1	19292 911
36	2917	0.1	1	2689 228
37	10087	0.1	1	9637 450
38	13929	0.1	1	13368 561
39	7921	0.1	1	7368 553
40	14066	0.1	1	12957 1109
41	2033	0.1	1	1800 233
42	13121	0.1	1	12188 933
43	26546	0.1	1	25368 1178
44	7437	0.1	1	7075 362
45	15786	0.1	1	15326 460
46	1935	0.1	1	1832 103
47	2993	0.1	1	2874 119
48	1473	0.1	1	1398 75
49	3888	0.1	1	3771 117
50	2805	0.1	1	2609 196
51	10682	0.1	1	10416 266
52	1600	0.1	1	1517 83
53	1861	0.1	1	1751 110
54	6926	0.1	1	6652 274
55	1939	0.1	1	1872 67
56	1466	0.1	1	1420 46
57	577	0.1	1	535 42
58	1407	0.1	1	1329 78
59	5593	0.1	1	5402 191
60	778	0.1	1	712 66
61	1266	0.1	1	1201 65
62	852	0.1	1	813 39
63	486	0.1	1	453 33
64	910	0.1	1	870 40
65	2908	0.1	1	2775 133
66	466	0.1	1	437 29
67	1057	0.1	1	1008 49
68	1822	0.1	1	1719 103
69	1845	0.1	1	1708 137
70	2122	0.1	1	1971 151
71	1894	0.1	1	1787 107
72	1706	0.1	1	1567 139
73	1372	0.1	1	1234 138
74	1414	0.1	1	1274 140
75	1793	0.1	1	1590 203
76	1735	0.1	1	1580 155
77	340	0.1	1	286 54
78	96	0.1	1	66 30
79	184	0.1	1	158 26
80	275	0.1	1	254 21
81	295	0.1	1	275 20
82	297	0.1	1	261 36
83	313	0.1	1	285 28
84	307	0.1	1	275 32
85	263	0.1	1	228 35
86	310	0.1	1	271 39
87	262	0.1	1	229 33
88	269	0.1	1	235 34
89	209	0.1	1	178 31
90	169	0.1	1	141 28
91	168	0.1	1	141 27
92	168	0.1	1	143 25
93	162	0.1	1	134 28
94	175	0.1	1	122 53
95	163	0.1	1	133 30
96	170	0.1	1	109 61
97	161	0.1	1	125 36
98	172	0.1	1	125 47
99	171	0.1	1	131 40
100	191	0.1	1	144 47
101	167	0.1	1	124 43
102	201	0.1	1	136 65
103	158	0.1	1	125 33
104	141	0.1	1	91 50
105	121	0.1	1	96 25
106	128	0.1	1	88 40
107	198	0.1	1	96 102
108	93	0.1	1	62 31
109	71	0.1	1	41 30
110	122	0.1	1	76 46
111	95	0.1	1	64 31
112	107	0.1	1	79 28
113	131	0.1	1	83 48
114	85	0.1	1	67 18
115	159	0.1	1	72 87
116	133	0.1	1	78 55
117	90	0.1	1	62 28
118	59	0.1	1	31 28
119	80	0.1	1	55 25
120	97	0.1	1	61 36
121	183	0.1	1	68 115
122	136	0.1	1	84 52
123	180	0.1	1	98 82
124	739	0.1	1	651 88
125	131	0.1	1	76 55
126	122	0.1	1	78 44
127	146	0.1	1	101 45
128	163	0.1	1	109 54
129	81	0.1	1	52 29
130	134	0.1	1	74 60
131	150	0.1	1	80 70
132	94	0.1	1	65 29
133	117	0.1	1	74 43
134	100	0.1	1	47 53
135	89	0.1	1	45 44
136	121	0.1	1	55 66
137	132	0.1	1	52 80
138	199	0.1	1	49 150
139	178	0.1	1	59 119
140	151	0.1	1	77 74
141	164	0.1	1	49 115
142	143	0.1	1	57 86
143	195	0.1	1	74 121
144	257	0.1	1	151 106
145	364	0.1	1	197 167
146	495	0.1	1	286 209
147	344	0.1	1	29 315
148	827	0.1	1	20 807
149	3128	0.1	1	122 3006
150	196402	0.1	1	24 196378

RUN STATISTICS FOR INPUT FILE: SRX3411524_1.fastq.gz
=============================================
6481251 sequences processed in total

