
SUMMARISING RUN PARAMETERS
==========================
Input filename: SRX3411505_2.fastq.gz
Trimming mode: paired-end
Trim Galore version: 0.6.10
Cutadapt version: 4.4
Python version: could not detect
Number of cores used for trimming: 4
Quality Phred score cutoff: 20
Quality encoding type selected: ASCII+33
Using Illumina adapter for trimming (count: 126195). Second best hit was Nextera (count: 47)
Adapter sequence: 'AGATCGGAAGAGC' (Illumina TruSeq, Sanger iPCR; auto-detected)
Maximum trimming error rate: 0.1 (default)
Minimum required adapter overlap (stringency): 1 bp
Minimum required sequence length for both reads before a sequence pair gets removed: 20 bp
Running FastQC on the data once trimming has completed
Output file will be GZIP compressed


This is cutadapt 4.4 with Python 3.7.16
Command line parameters: -j 4 -e 0.1 -q 20 -O 1 -a AGATCGGAAGAGC SRX3411505_2.fastq.gz
Processing single-end reads on 4 cores ...
Finished in 85.283 s (9.843 µs/read; 6.10 M reads/minute).

=== Summary ===

Total reads processed:               8,664,510
Reads with adapters:                 3,391,533 (39.1%)
Reads written (passing filters):     8,664,510 (100.0%)

Total basepairs processed: 1,299,676,500 bp
Quality-trimmed:              36,675,837 bp (2.8%)
Total written (filtered):  1,224,756,507 bp (94.2%)

=== Adapter 1 ===

Sequence: AGATCGGAAGAGC; Type: regular 3'; Length: 13; Trimmed: 3391533 times

Minimum overlap: 1
No. of allowed errors:
1-9 bp: 0; 10-13 bp: 1

Bases preceding removed adapters:
  A: 27.7%
  C: 36.0%
  G: 20.1%
  T: 16.1%
  none/other: 0.0%

Overview of removed sequences
length	count	expect	max.err	error counts
1	1449134	2166127.5	0	1449134
2	270675	541531.9	0	270675
3	189709	135383.0	0	189709
4	47108	33845.7	0	47108
5	78946	8461.4	0	78946
6	32240	2115.4	0	32240
7	20788	528.8	0	20788
8	40266	132.2	0	40266
9	57530	33.1	0	57439 91
10	56935	8.3	1	52114 4821
11	41181	2.1	1	38717 2464
12	13778	0.5	1	12137 1641
13	81681	0.1	1	78237 3444
14	15246	0.1	1	14137 1109
15	46290	0.1	1	44584 1706
16	63911	0.1	1	60825 3086
17	20048	0.1	1	18863 1185
18	52421	0.1	1	50182 2239
19	21142	0.1	1	19648 1494
20	64358	0.1	1	62265 2093
21	28226	0.1	1	26668 1558
22	11271	0.1	1	10714 557
23	26416	0.1	1	25662 754
24	14617	0.1	1	13844 773
25	45246	0.1	1	43715 1531
26	29795	0.1	1	28525 1270
27	35850	0.1	1	34413 1437
28	13272	0.1	1	12321 951
29	52783	0.1	1	50638 2145
30	12348	0.1	1	11449 899
31	48695	0.1	1	47341 1354
32	13611	0.1	1	12610 1001
33	66799	0.1	1	64992 1807
34	23271	0.1	1	22344 927
35	6280	0.1	1	5718 562
36	23260	0.1	1	22233 1027
37	23145	0.1	1	22471 674
38	12343	0.1	1	11729 614
39	17970	0.1	1	17348 622
40	18173	0.1	1	17520 653
41	6811	0.1	1	6575 236
42	11089	0.1	1	10758 331
43	13830	0.1	1	13454 376
44	8576	0.1	1	8369 207
45	13133	0.1	1	12736 397
46	13705	0.1	1	13248 457
47	8608	0.1	1	8312 296
48	7127	0.1	1	6888 239
49	5956	0.1	1	5693 263
50	12886	0.1	1	12364 522
51	5360	0.1	1	5086 274
52	10749	0.1	1	10412 337
53	2847	0.1	1	2605 242
54	8921	0.1	1	8641 280
55	2942	0.1	1	2736 206
56	6029	0.1	1	5667 362
57	5392	0.1	1	5125 267
58	12667	0.1	1	12088 579
59	1703	0.1	1	1572 131
60	3299	0.1	1	3108 191
61	3221	0.1	1	3012 209
62	3131	0.1	1	2914 217
63	2972	0.1	1	2817 155
64	2570	0.1	1	2355 215
65	3021	0.1	1	2784 237
66	5368	0.1	1	4987 381
67	5103	0.1	1	4622 481
68	3244	0.1	1	2824 420
69	922	0.1	1	719 203
70	346	0.1	1	275 71
71	319	0.1	1	267 52
72	453	0.1	1	396 57
73	559	0.1	1	515 44
74	617	0.1	1	555 62
75	648	0.1	1	594 54
76	625	0.1	1	529 96
77	600	0.1	1	475 125
78	549	0.1	1	368 181
79	496	0.1	1	280 216
80	509	0.1	1	297 212
81	516	0.1	1	371 145
82	444	0.1	1	321 123
83	452	0.1	1	320 132
84	358	0.1	1	269 89
85	326	0.1	1	263 63
86	352	0.1	1	319 33
87	364	0.1	1	338 26
88	290	0.1	1	265 25
89	220	0.1	1	202 18
90	202	0.1	1	177 25
91	188	0.1	1	170 18
92	163	0.1	1	147 16
93	155	0.1	1	140 15
94	156	0.1	1	142 14
95	158	0.1	1	134 24
96	132	0.1	1	109 23
97	169	0.1	1	135 34
98	161	0.1	1	125 36
99	122	0.1	1	93 29
100	121	0.1	1	96 25
101	111	0.1	1	91 20
102	151	0.1	1	121 30
103	137	0.1	1	115 22
104	94	0.1	1	81 13
105	76	0.1	1	62 14
106	77	0.1	1	59 18
107	42	0.1	1	27 15
108	43	0.1	1	30 13
109	35	0.1	1	26 9
110	44	0.1	1	33 11
111	47	0.1	1	38 9
112	45	0.1	1	35 10
113	69	0.1	1	53 16
114	28	0.1	1	21 7
115	31	0.1	1	28 3
116	22	0.1	1	20 2
117	28	0.1	1	21 7
118	14	0.1	1	13 1
119	35	0.1	1	24 11
120	29	0.1	1	25 4
121	22	0.1	1	19 3
122	43	0.1	1	34 9
123	68	0.1	1	58 10
124	217	0.1	1	199 18
125	35	0.1	1	27 8
126	29	0.1	1	25 4
127	26	0.1	1	14 12
128	40	0.1	1	35 5
129	33	0.1	1	22 11
130	31	0.1	1	17 14
131	69	0.1	1	29 40
132	66	0.1	1	53 13
133	24	0.1	1	19 5
134	15	0.1	1	14 1
135	19	0.1	1	16 3
136	38	0.1	1	22 16
137	20	0.1	1	17 3
138	61	0.1	1	44 17
139	33	0.1	1	21 12
140	42	0.1	1	29 13
141	37	0.1	1	19 18
142	24	0.1	1	19 5
143	38	0.1	1	26 12
144	68	0.1	1	51 17
145	79	0.1	1	61 18
146	74	0.1	1	48 26
147	14	0.1	1	9 5
148	15	0.1	1	0 15
149	28	0.1	1	3 25
150	357	0.1	1	17 340

RUN STATISTICS FOR INPUT FILE: SRX3411505_2.fastq.gz
=============================================
8664510 sequences processed in total

Total number of sequences analysed for the sequence pair length validation: 8664510

Number of sequence pairs removed because at least one read was shorter than the length cutoff (20 bp): 850495 (9.82%)
