
SUMMARISING RUN PARAMETERS
==========================
Input filename: SRX3411505_1.fastq.gz
Trimming mode: paired-end
Trim Galore version: 0.6.10
Cutadapt version: 4.4
Python version: could not detect
Number of cores used for trimming: 4
Quality Phred score cutoff: 20
Quality encoding type selected: ASCII+33
Using Illumina adapter for trimming (count: 126195). Second best hit was Nextera (count: 47)
Adapter sequence: 'AGATCGGAAGAGC' (Illumina TruSeq, Sanger iPCR; auto-detected)
Maximum trimming error rate: 0.1 (default)
Minimum required adapter overlap (stringency): 1 bp
Minimum required sequence length for both reads before a sequence pair gets removed: 20 bp
Running FastQC on the data once trimming has completed
Output file will be GZIP compressed


This is cutadapt 4.4 with Python 3.7.16
Command line parameters: -j 4 -e 0.1 -q 20 -O 1 -a AGATCGGAAGAGC SRX3411505_1.fastq.gz
Processing single-end reads on 4 cores ...
Finished in 60.641 s (6.999 µs/read; 8.57 M reads/minute).

=== Summary ===

Total reads processed:               8,664,510
Reads with adapters:                 4,150,353 (47.9%)
Reads written (passing filters):     8,664,510 (100.0%)

Total basepairs processed: 1,299,676,500 bp
Quality-trimmed:              23,961,529 bp (1.8%)
Total written (filtered):  1,112,780,991 bp (85.6%)

=== Adapter 1 ===

Sequence: AGATCGGAAGAGC; Type: regular 3'; Length: 13; Trimmed: 4150353 times

Minimum overlap: 1
No. of allowed errors:
1-9 bp: 0; 10-13 bp: 1

Bases preceding removed adapters:
  A: 19.1%
  C: 30.2%
  G: 16.7%
  T: 14.3%
  none/other: 19.7%

Overview of removed sequences
length	count	expect	max.err	error counts
1	1331792	2166127.5	0	1331792
2	227141	541531.9	0	227141
3	237605	135383.0	0	237605
4	47253	33845.7	0	47253
5	55924	8461.4	0	55924
6	34308	2115.4	0	34308
7	21460	528.8	0	21460
8	41327	132.2	0	41327
9	75843	33.1	0	75678 165
10	37557	8.3	1	35922 1635
11	64000	2.1	1	61544 2456
12	7395	0.5	1	6191 1204
13	83159	0.1	1	80700 2459
14	19533	0.1	1	17876 1657
15	81594	0.1	1	78927 2667
16	9749	0.1	1	8526 1223
17	61327	0.1	1	58526 2801
18	16118	0.1	1	15245 873
19	34783	0.1	1	33634 1149
20	27449	0.1	1	25917 1532
21	54738	0.1	1	53043 1695
22	22712	0.1	1	21712 1000
23	28366	0.1	1	27306 1060
24	23206	0.1	1	21761 1445
25	41650	0.1	1	39939 1711
26	24893	0.1	1	23952 941
27	32895	0.1	1	31573 1322
28	38743	0.1	1	36830 1913
29	42317	0.1	1	40762 1555
30	11716	0.1	1	11114 602
31	30752	0.1	1	29522 1230
32	57770	0.1	1	56097 1673
33	21791	0.1	1	20639 1152
34	36938	0.1	1	35462 1476
35	32258	0.1	1	31326 932
36	17826	0.1	1	17008 818
37	18925	0.1	1	17625 1300
38	14511	0.1	1	13799 712
39	27846	0.1	1	26853 993
40	15078	0.1	1	14434 644
41	20380	0.1	1	19623 757
42	7527	0.1	1	7309 218
43	2405	0.1	1	2237 168
44	7314	0.1	1	7013 301
45	16415	0.1	1	15893 522
46	8290	0.1	1	7889 401
47	16485	0.1	1	16006 479
48	4168	0.1	1	3792 376
49	13606	0.1	1	13127 479
50	6627	0.1	1	6336 291
51	10852	0.1	1	10420 432
52	11758	0.1	1	11302 456
53	6699	0.1	1	6437 262
54	8788	0.1	1	8529 259
55	2694	0.1	1	2465 229
56	6355	0.1	1	6090 265
57	9418	0.1	1	9089 329
58	2495	0.1	1	2316 179
59	6462	0.1	1	6202 260
60	4640	0.1	1	4476 164
61	1734	0.1	1	1595 139
62	3913	0.1	1	3692 221
63	6051	0.1	1	5799 252
64	865	0.1	1	783 82
65	3498	0.1	1	3333 165
66	1964	0.1	1	1842 122
67	1890	0.1	1	1764 126
68	2236	0.1	1	2093 143
69	2094	0.1	1	1934 160
70	2321	0.1	1	2110 211
71	2519	0.1	1	2316 203
72	2824	0.1	1	2523 301
73	4007	0.1	1	3691 316
74	2386	0.1	1	2168 218
75	253	0.1	1	169 84
76	284	0.1	1	186 98
77	548	0.1	1	472 76
78	638	0.1	1	553 85
79	634	0.1	1	557 77
80	656	0.1	1	584 72
81	647	0.1	1	582 65
82	540	0.1	1	485 55
83	516	0.1	1	462 54
84	448	0.1	1	393 55
85	381	0.1	1	335 46
86	439	0.1	1	376 63
87	434	0.1	1	374 60
88	368	0.1	1	312 56
89	275	0.1	1	235 40
90	245	0.1	1	209 36
91	216	0.1	1	186 30
92	219	0.1	1	183 36
93	204	0.1	1	160 44
94	206	0.1	1	168 38
95	184	0.1	1	152 32
96	176	0.1	1	132 44
97	205	0.1	1	168 37
98	234	0.1	1	181 53
99	169	0.1	1	125 44
100	159	0.1	1	111 48
101	163	0.1	1	110 53
102	184	0.1	1	122 62
103	180	0.1	1	126 54
104	168	0.1	1	112 56
105	119	0.1	1	74 45
106	72	0.1	1	57 15
107	93	0.1	1	37 56
108	87	0.1	1	37 50
109	56	0.1	1	32 24
110	104	0.1	1	45 59
111	88	0.1	1	32 56
112	101	0.1	1	54 47
113	91	0.1	1	49 42
114	50	0.1	1	29 21
115	106	0.1	1	30 76
116	372	0.1	1	26 346
117	89	0.1	1	34 55
118	77	0.1	1	12 65
119	70	0.1	1	23 47
120	96	0.1	1	37 59
121	87	0.1	1	25 62
122	100	0.1	1	37 63
123	110	0.1	1	33 77
124	335	0.1	1	262 73
125	105	0.1	1	35 70
126	71	0.1	1	34 37
127	78	0.1	1	24 54
128	125	0.1	1	44 81
129	84	0.1	1	26 58
130	102	0.1	1	32 70
131	87	0.1	1	29 58
132	100	0.1	1	35 65
133	84	0.1	1	24 60
134	115	0.1	1	17 98
135	113	0.1	1	18 95
136	187	0.1	1	25 162
137	135	0.1	1	15 120
138	531	0.1	1	22 509
139	204	0.1	1	21 183
140	182	0.1	1	26 156
141	235	0.1	1	16 219
142	241	0.1	1	22 219
143	278	0.1	1	22 256
144	360	0.1	1	58 302
145	491	0.1	1	79 412
146	631	0.1	1	75 556
147	1309	0.1	1	9 1300
148	3156	0.1	1	6 3150
149	11491	0.1	1	13 11478
150	795654	0.1	1	11 795643

RUN STATISTICS FOR INPUT FILE: SRX3411505_1.fastq.gz
=============================================
8664510 sequences processed in total

