
SUMMARISING RUN PARAMETERS
==========================
Input filename: SRX3411517_2.fastq.gz
Trimming mode: paired-end
Trim Galore version: 0.6.10
Cutadapt version: 4.4
Python version: could not detect
Number of cores used for trimming: 4
Quality Phred score cutoff: 20
Quality encoding type selected: ASCII+33
Using Illumina adapter for trimming (count: 75292). Second best hit was Nextera (count: 67)
Adapter sequence: 'AGATCGGAAGAGC' (Illumina TruSeq, Sanger iPCR; auto-detected)
Maximum trimming error rate: 0.1 (default)
Minimum required adapter overlap (stringency): 1 bp
Minimum required sequence length for both reads before a sequence pair gets removed: 20 bp
Running FastQC on the data once trimming has completed
Output file will be GZIP compressed


This is cutadapt 4.4 with Python 3.7.16
Command line parameters: -j 4 -e 0.1 -q 20 -O 1 -a AGATCGGAAGAGC SRX3411517_2.fastq.gz
Processing single-end reads on 4 cores ...
Finished in 76.956 s (12.984 µs/read; 4.62 M reads/minute).

=== Summary ===

Total reads processed:               5,926,984
Reads with adapters:                 2,449,054 (41.3%)
Reads written (passing filters):     5,926,984 (100.0%)

Total basepairs processed:   889,047,600 bp
Quality-trimmed:              51,350,616 bp (5.8%)
Total written (filtered):    819,529,259 bp (92.2%)

=== Adapter 1 ===

Sequence: AGATCGGAAGAGC; Type: regular 3'; Length: 13; Trimmed: 2449054 times

Minimum overlap: 1
No. of allowed errors:
1-9 bp: 0; 10-13 bp: 1

Bases preceding removed adapters:
  A: 48.5%
  C: 20.8%
  G: 16.2%
  T: 14.5%
  none/other: 0.1%

Overview of removed sequences
length	count	expect	max.err	error counts
1	1602085	1481746.0	0	1602085
2	117790	370436.5	0	117790
3	100617	92609.1	0	100617
4	36562	23152.3	0	36562
5	35023	5788.1	0	35023
6	14128	1447.0	0	14128
7	7072	361.8	0	7072
8	17462	90.4	0	17462
9	23716	22.6	0	23665 51
10	17312	5.7	1	15322 1990
11	17999	1.4	1	15955 2044
12	5601	0.4	1	4899 702
13	25888	0.1	1	24090 1798
14	6384	0.1	1	5659 725
15	16308	0.1	1	15393 915
16	23997	0.1	1	22502 1495
17	8962	0.1	1	8278 684
18	22408	0.1	1	21213 1195
19	10087	0.1	1	9267 820
20	24360	0.1	1	23216 1144
21	11205	0.1	1	10465 740
22	4294	0.1	1	4043 251
23	9984	0.1	1	9623 361
24	5796	0.1	1	5375 421
25	15547	0.1	1	14849 698
26	11374	0.1	1	10634 740
27	14993	0.1	1	14001 992
28	5279	0.1	1	4778 501
29	23398	0.1	1	21752 1646
30	4905	0.1	1	4481 424
31	16771	0.1	1	16067 704
32	4792	0.1	1	4380 412
33	19739	0.1	1	18979 760
34	8042	0.1	1	7598 444
35	2691	0.1	1	2415 276
36	9801	0.1	1	9196 605
37	10634	0.1	1	10242 392
38	5827	0.1	1	5455 372
39	9276	0.1	1	8887 389
40	8218	0.1	1	7799 419
41	3537	0.1	1	3391 146
42	6974	0.1	1	6705 269
43	7236	0.1	1	6947 289
44	4041	0.1	1	3902 139
45	7379	0.1	1	7045 334
46	5930	0.1	1	5696 234
47	3676	0.1	1	3492 184
48	4313	0.1	1	4143 170
49	2693	0.1	1	2523 170
50	5608	0.1	1	5300 308
51	3235	0.1	1	3068 167
52	4140	0.1	1	3996 144
53	1532	0.1	1	1399 133
54	4291	0.1	1	4125 166
55	1333	0.1	1	1205 128
56	2876	0.1	1	2673 203
57	2823	0.1	1	2657 166
58	6456	0.1	1	6098 358
59	975	0.1	1	900 75
60	1999	0.1	1	1848 151
61	2036	0.1	1	1883 153
62	2113	0.1	1	1954 159
63	1888	0.1	1	1728 160
64	1837	0.1	1	1666 171
65	2573	0.1	1	2378 195
66	4265	0.1	1	3932 333
67	3196	0.1	1	2866 330
68	1919	0.1	1	1639 280
69	581	0.1	1	434 147
70	238	0.1	1	185 53
71	235	0.1	1	210 25
72	330	0.1	1	291 39
73	422	0.1	1	378 44
74	431	0.1	1	382 49
75	430	0.1	1	377 53
76	420	0.1	1	358 62
77	377	0.1	1	305 72
78	300	0.1	1	196 104
79	268	0.1	1	145 123
80	266	0.1	1	166 100
81	304	0.1	1	221 83
82	298	0.1	1	210 88
83	292	0.1	1	203 89
84	287	0.1	1	216 71
85	258	0.1	1	213 45
86	284	0.1	1	237 47
87	287	0.1	1	248 39
88	211	0.1	1	186 25
89	176	0.1	1	153 23
90	133	0.1	1	114 19
91	125	0.1	1	108 17
92	112	0.1	1	91 21
93	123	0.1	1	106 17
94	127	0.1	1	109 18
95	142	0.1	1	122 20
96	133	0.1	1	103 30
97	103	0.1	1	73 30
98	90	0.1	1	56 34
99	107	0.1	1	77 30
100	89	0.1	1	62 27
101	81	0.1	1	49 32
102	103	0.1	1	70 33
103	81	0.1	1	68 13
104	81	0.1	1	67 14
105	60	0.1	1	43 17
106	77	0.1	1	52 25
107	93	0.1	1	42 51
108	67	0.1	1	51 16
109	61	0.1	1	44 17
110	56	0.1	1	39 17
111	67	0.1	1	53 14
112	67	0.1	1	54 13
113	107	0.1	1	86 21
114	58	0.1	1	49 9
115	80	0.1	1	70 10
116	51	0.1	1	41 10
117	43	0.1	1	39 4
118	50	0.1	1	41 9
119	49	0.1	1	42 7
120	79	0.1	1	41 38
121	81	0.1	1	57 24
122	75	0.1	1	63 12
123	115	0.1	1	67 48
124	277	0.1	1	257 20
125	76	0.1	1	48 28
126	70	0.1	1	53 17
127	57	0.1	1	43 14
128	81	0.1	1	64 17
129	48	0.1	1	36 12
130	52	0.1	1	41 11
131	101	0.1	1	62 39
132	59	0.1	1	45 14
133	40	0.1	1	37 3
134	35	0.1	1	24 11
135	37	0.1	1	23 14
136	50	0.1	1	30 20
137	58	0.1	1	32 26
138	87	0.1	1	61 26
139	79	0.1	1	42 37
140	62	0.1	1	48 14
141	88	0.1	1	69 19
142	80	0.1	1	59 21
143	127	0.1	1	100 27
144	139	0.1	1	114 25
145	131	0.1	1	98 33
146	126	0.1	1	69 57
147	26	0.1	1	12 14
148	25	0.1	1	5 20
149	84	0.1	1	34 50
150	97	0.1	1	31 66

RUN STATISTICS FOR INPUT FILE: SRX3411517_2.fastq.gz
=============================================
5926984 sequences processed in total

Total number of sequences analysed for the sequence pair length validation: 5926984

Number of sequence pairs removed because at least one read was shorter than the length cutoff (20 bp): 460872 (7.78%)
