
SUMMARISING RUN PARAMETERS
==========================
Input filename: SRX3411512_2.fastq.gz
Trimming mode: paired-end
Trim Galore version: 0.6.10
Cutadapt version: 4.4
Python version: could not detect
Number of cores used for trimming: 4
Quality Phred score cutoff: 20
Quality encoding type selected: ASCII+33
Using Illumina adapter for trimming (count: 96413). Second best hit was Nextera (count: 19)
Adapter sequence: 'AGATCGGAAGAGC' (Illumina TruSeq, Sanger iPCR; auto-detected)
Maximum trimming error rate: 0.1 (default)
Minimum required adapter overlap (stringency): 1 bp
Minimum required sequence length for both reads before a sequence pair gets removed: 20 bp
Running FastQC on the data once trimming has completed
Output file will be GZIP compressed


This is cutadapt 4.4 with Python 3.7.16
Command line parameters: -j 4 -e 0.1 -q 20 -O 1 -a AGATCGGAAGAGC SRX3411512_2.fastq.gz
Processing single-end reads on 4 cores ...
Finished in 82.313 s (12.520 µs/read; 4.79 M reads/minute).

=== Summary ===

Total reads processed:               6,574,423
Reads with adapters:                 1,959,672 (29.8%)
Reads written (passing filters):     6,574,423 (100.0%)

Total basepairs processed:   986,163,450 bp
Quality-trimmed:              35,963,709 bp (3.6%)
Total written (filtered):    926,688,459 bp (94.0%)

=== Adapter 1 ===

Sequence: AGATCGGAAGAGC; Type: regular 3'; Length: 13; Trimmed: 1959672 times

Minimum overlap: 1
No. of allowed errors:
1-9 bp: 0; 10-13 bp: 1

Bases preceding removed adapters:
  A: 34.8%
  C: 30.8%
  G: 19.4%
  T: 14.9%
  none/other: 0.2%

Overview of removed sequences
length	count	expect	max.err	error counts
1	929336	1643605.8	0	929336
2	124868	410901.4	0	124868
3	86651	102725.4	0	86651
4	22811	25681.3	0	22811
5	38088	6420.3	0	38088
6	15709	1605.1	0	15709
7	10165	401.3	0	10165
8	19369	100.3	0	19369
9	27346	25.1	0	27295 51
10	25956	6.3	1	23269 2687
11	18632	1.6	1	17194 1438
12	5972	0.4	1	5094 878
13	38240	0.1	1	36465 1775
14	7269	0.1	1	6589 680
15	22976	0.1	1	21975 1001
16	32032	0.1	1	30289 1743
17	9963	0.1	1	9330 633
18	28080	0.1	1	26789 1291
19	10836	0.1	1	9983 853
20	33050	0.1	1	31849 1201
21	14537	0.1	1	13679 858
22	5716	0.1	1	5428 288
23	13352	0.1	1	12933 419
24	7612	0.1	1	7155 457
25	23523	0.1	1	22584 939
26	15814	0.1	1	15057 757
27	19146	0.1	1	18213 933
28	7521	0.1	1	6906 615
29	30117	0.1	1	28673 1444
30	7054	0.1	1	6491 563
31	29241	0.1	1	28340 901
32	8362	0.1	1	7716 646
33	42484	0.1	1	41261 1223
34	14965	0.1	1	14361 604
35	4088	0.1	1	3669 419
36	14968	0.1	1	14274 694
37	14110	0.1	1	13661 449
38	7983	0.1	1	7545 438
39	11441	0.1	1	11005 436
40	11184	0.1	1	10741 443
41	3943	0.1	1	3779 164
42	6847	0.1	1	6652 195
43	8875	0.1	1	8580 295
44	5109	0.1	1	4953 156
45	8258	0.1	1	7939 319
46	8866	0.1	1	8521 345
47	5848	0.1	1	5658 190
48	4570	0.1	1	4404 166
49	4261	0.1	1	4030 231
50	9280	0.1	1	8864 416
51	3731	0.1	1	3524 207
52	7498	0.1	1	7252 246
53	2196	0.1	1	1989 207
54	6145	0.1	1	5926 219
55	2000	0.1	1	1830 170
56	3967	0.1	1	3729 238
57	3480	0.1	1	3301 179
58	8468	0.1	1	8048 420
59	1215	0.1	1	1118 97
60	2547	0.1	1	2421 126
61	2659	0.1	1	2472 187
62	2819	0.1	1	2654 165
63	2738	0.1	1	2574 164
64	2110	0.1	1	1951 159
65	2605	0.1	1	2397 208
66	4867	0.1	1	4513 354
67	4714	0.1	1	4264 450
68	3099	0.1	1	2696 403
69	950	0.1	1	764 186
70	385	0.1	1	291 94
71	288	0.1	1	246 42
72	420	0.1	1	372 48
73	497	0.1	1	448 49
74	517	0.1	1	455 62
75	579	0.1	1	516 63
76	650	0.1	1	550 100
77	587	0.1	1	442 145
78	530	0.1	1	349 181
79	494	0.1	1	275 219
80	504	0.1	1	315 189
81	520	0.1	1	373 147
82	494	0.1	1	341 153
83	435	0.1	1	308 127
84	420	0.1	1	305 115
85	358	0.1	1	295 63
86	348	0.1	1	302 46
87	337	0.1	1	306 31
88	285	0.1	1	254 31
89	259	0.1	1	229 30
90	179	0.1	1	164 15
91	178	0.1	1	164 14
92	229	0.1	1	211 18
93	176	0.1	1	165 11
94	122	0.1	1	115 7
95	146	0.1	1	133 13
96	191	0.1	1	158 33
97	147	0.1	1	113 34
98	185	0.1	1	144 41
99	141	0.1	1	104 37
100	142	0.1	1	114 28
101	169	0.1	1	137 32
102	123	0.1	1	99 24
103	127	0.1	1	112 15
104	123	0.1	1	102 21
105	97	0.1	1	83 14
106	72	0.1	1	52 20
107	103	0.1	1	57 46
108	50	0.1	1	43 7
109	68	0.1	1	53 15
110	55	0.1	1	46 9
111	74	0.1	1	57 17
112	61	0.1	1	52 9
113	97	0.1	1	77 20
114	74	0.1	1	59 15
115	75	0.1	1	63 12
116	124	0.1	1	84 40
117	347	0.1	1	229 118
118	42	0.1	1	36 6
119	71	0.1	1	63 8
120	49	0.1	1	42 7
121	47	0.1	1	39 8
122	54	0.1	1	47 7
123	81	0.1	1	62 19
124	307	0.1	1	278 29
125	42	0.1	1	34 8
126	48	0.1	1	42 6
127	36	0.1	1	28 8
128	82	0.1	1	70 12
129	66	0.1	1	45 21
130	48	0.1	1	41 7
131	61	0.1	1	29 32
132	46	0.1	1	35 11
133	38	0.1	1	35 3
134	28	0.1	1	21 7
135	29	0.1	1	24 5
136	75	0.1	1	26 49
137	53	0.1	1	37 16
138	150	0.1	1	130 20
139	46	0.1	1	32 14
140	85	0.1	1	64 21
141	234	0.1	1	205 29
142	46	0.1	1	35 11
143	85	0.1	1	67 18
144	104	0.1	1	93 11
145	146	0.1	1	118 28
146	94	0.1	1	68 26
147	18	0.1	1	6 12
148	24	0.1	1	2 22
149	59	0.1	1	7 52
150	464	0.1	1	18 446

RUN STATISTICS FOR INPUT FILE: SRX3411512_2.fastq.gz
=============================================
6574423 sequences processed in total

Total number of sequences analysed for the sequence pair length validation: 6574423

Number of sequence pairs removed because at least one read was shorter than the length cutoff (20 bp): 2403124 (36.55%)
