
SUMMARISING RUN PARAMETERS
==========================
Input filename: SRX3411508_1.fastq.gz
Trimming mode: paired-end
Trim Galore version: 0.6.10
Cutadapt version: 4.4
Python version: could not detect
Number of cores used for trimming: 4
Quality Phred score cutoff: 20
Quality encoding type selected: ASCII+33
Using Illumina adapter for trimming (count: 114618). Second best hit was Nextera (count: 25)
Adapter sequence: 'AGATCGGAAGAGC' (Illumina TruSeq, Sanger iPCR; auto-detected)
Maximum trimming error rate: 0.1 (default)
Minimum required adapter overlap (stringency): 1 bp
Minimum required sequence length for both reads before a sequence pair gets removed: 20 bp
Running FastQC on the data once trimming has completed
Output file will be GZIP compressed


This is cutadapt 4.4 with Python 3.7.16
Command line parameters: -j 4 -e 0.1 -q 20 -O 1 -a AGATCGGAAGAGC SRX3411508_1.fastq.gz
Processing single-end reads on 4 cores ...
Finished in 49.938 s (8.502 µs/read; 7.06 M reads/minute).

=== Summary ===

Total reads processed:               5,873,659
Reads with adapters:                 3,054,773 (52.0%)
Reads written (passing filters):     5,873,659 (100.0%)

Total basepairs processed:   881,048,850 bp
Quality-trimmed:              13,267,500 bp (1.5%)
Total written (filtered):    695,173,653 bp (78.9%)

=== Adapter 1 ===

Sequence: AGATCGGAAGAGC; Type: regular 3'; Length: 13; Trimmed: 3054773 times

Minimum overlap: 1
No. of allowed errors:
1-9 bp: 0; 10-13 bp: 1

Bases preceding removed adapters:
  A: 15.3%
  C: 26.9%
  G: 13.9%
  T: 11.7%
  none/other: 32.2%

Overview of removed sequences
length	count	expect	max.err	error counts
1	809279	1468414.8	0	809279
2	145663	367103.7	0	145663
3	156248	91775.9	0	156248
4	30482	22944.0	0	30482
5	36516	5736.0	0	36516
6	21823	1434.0	0	21823
7	14031	358.5	0	14031
8	26506	89.6	0	26506
9	49709	22.4	0	49604 105
10	24911	5.6	1	23820 1091
11	40256	1.4	1	38753 1503
12	4703	0.4	1	3886 817
13	52038	0.1	1	50550 1488
14	12181	0.1	1	11148 1033
15	48990	0.1	1	47346 1644
16	5830	0.1	1	5029 801
17	38415	0.1	1	36576 1839
18	9930	0.1	1	9368 562
19	22577	0.1	1	21860 717
20	17446	0.1	1	16503 943
21	34333	0.1	1	33242 1091
22	14668	0.1	1	14056 612
23	18060	0.1	1	17300 760
24	14766	0.1	1	13752 1014
25	25960	0.1	1	24826 1134
26	15814	0.1	1	15176 638
27	21393	0.1	1	20492 901
28	25016	0.1	1	23779 1237
29	25829	0.1	1	24921 908
30	6858	0.1	1	6481 377
31	18935	0.1	1	18122 813
32	36622	0.1	1	35562 1060
33	12018	0.1	1	11264 754
34	24233	0.1	1	23315 918
35	13359	0.1	1	12835 524
36	14228	0.1	1	13721 507
37	10582	0.1	1	10026 556
38	9436	0.1	1	8994 442
39	12287	0.1	1	11758 529
40	9331	0.1	1	8843 488
41	15722	0.1	1	15065 657
42	6261	0.1	1	6072 189
43	2594	0.1	1	2458 136
44	4701	0.1	1	4488 213
45	9353	0.1	1	9045 308
46	4883	0.1	1	4625 258
47	9972	0.1	1	9723 249
48	2051	0.1	1	1821 230
49	8079	0.1	1	7789 290
50	3874	0.1	1	3729 145
51	6186	0.1	1	5945 241
52	6944	0.1	1	6674 270
53	3993	0.1	1	3809 184
54	4756	0.1	1	4636 120
55	1432	0.1	1	1322 110
56	3614	0.1	1	3458 156
57	5650	0.1	1	5435 215
58	1456	0.1	1	1338 118
59	3795	0.1	1	3633 162
60	2660	0.1	1	2572 88
61	901	0.1	1	840 61
62	2171	0.1	1	2082 89
63	3611	0.1	1	3468 143
64	436	0.1	1	381 55
65	1922	0.1	1	1823 99
66	1180	0.1	1	1109 71
67	1110	0.1	1	1023 87
68	1230	0.1	1	1139 91
69	1292	0.1	1	1184 108
70	1368	0.1	1	1246 122
71	1536	0.1	1	1375 161
72	1839	0.1	1	1634 205
73	2523	0.1	1	2264 259
74	1608	0.1	1	1421 187
75	201	0.1	1	124 77
76	165	0.1	1	74 91
77	303	0.1	1	224 79
78	391	0.1	1	317 74
79	383	0.1	1	318 65
80	432	0.1	1	377 55
81	418	0.1	1	368 50
82	312	0.1	1	267 45
83	337	0.1	1	294 43
84	295	0.1	1	258 37
85	260	0.1	1	215 45
86	263	0.1	1	227 36
87	286	0.1	1	235 51
88	296	0.1	1	245 51
89	185	0.1	1	145 40
90	160	0.1	1	128 32
91	166	0.1	1	130 36
92	114	0.1	1	91 23
93	149	0.1	1	123 26
94	136	0.1	1	115 21
95	124	0.1	1	107 17
96	124	0.1	1	97 27
97	122	0.1	1	92 30
98	109	0.1	1	76 33
99	120	0.1	1	88 32
100	128	0.1	1	88 40
101	121	0.1	1	84 37
102	164	0.1	1	114 50
103	169	0.1	1	98 71
104	130	0.1	1	71 59
105	86	0.1	1	52 34
106	75	0.1	1	39 36
107	51	0.1	1	28 23
108	82	0.1	1	21 61
109	66	0.1	1	29 37
110	82	0.1	1	23 59
111	79	0.1	1	27 52
112	94	0.1	1	25 69
113	100	0.1	1	53 47
114	51	0.1	1	16 35
115	85	0.1	1	28 57
116	332	0.1	1	16 316
117	62	0.1	1	13 49
118	71	0.1	1	10 61
119	65	0.1	1	16 49
120	63	0.1	1	16 47
121	67	0.1	1	15 52
122	79	0.1	1	18 61
123	87	0.1	1	22 65
124	174	0.1	1	126 48
125	116	0.1	1	28 88
126	66	0.1	1	9 57
127	63	0.1	1	11 52
128	94	0.1	1	12 82
129	75	0.1	1	15 60
130	82	0.1	1	15 67
131	85	0.1	1	22 63
132	83	0.1	1	20 63
133	91	0.1	1	11 80
134	105	0.1	1	11 94
135	112	0.1	1	8 104
136	194	0.1	1	11 183
137	161	0.1	1	9 152
138	769	0.1	1	14 755
139	207	0.1	1	14 193
140	166	0.1	1	8 158
141	232	0.1	1	12 220
142	264	0.1	1	3 261
143	281	0.1	1	9 272
144	357	0.1	1	25 332
145	435	0.1	1	35 400
146	691	0.1	1	30 661
147	1412	0.1	1	8 1404
148	3543	0.1	1	2 3541
149	14201	0.1	1	9 14192
150	960509	0.1	1	5 960504

RUN STATISTICS FOR INPUT FILE: SRX3411508_1.fastq.gz
=============================================
5873659 sequences processed in total

