
SUMMARISING RUN PARAMETERS
==========================
Input filename: SRX3411515_1.fastq.gz
Trimming mode: paired-end
Trim Galore version: 0.6.10
Cutadapt version: 4.4
Python version: could not detect
Number of cores used for trimming: 4
Quality Phred score cutoff: 20
Quality encoding type selected: ASCII+33
Using Illumina adapter for trimming (count: 70559). Second best hit was Nextera (count: 197)
Adapter sequence: 'AGATCGGAAGAGC' (Illumina TruSeq, Sanger iPCR; auto-detected)
Maximum trimming error rate: 0.1 (default)
Minimum required adapter overlap (stringency): 1 bp
Minimum required sequence length for both reads before a sequence pair gets removed: 20 bp
Running FastQC on the data once trimming has completed
Output file will be GZIP compressed


This is cutadapt 4.4 with Python 3.7.16
Command line parameters: -j 4 -e 0.1 -q 20 -O 1 -a AGATCGGAAGAGC SRX3411515_1.fastq.gz
Processing single-end reads on 4 cores ...
Finished in 44.632 s (8.973 µs/read; 6.69 M reads/minute).

=== Summary ===

Total reads processed:               4,973,875
Reads with adapters:                 2,335,798 (47.0%)
Reads written (passing filters):     4,973,875 (100.0%)

Total basepairs processed:   746,081,250 bp
Quality-trimmed:              14,338,470 bp (1.9%)
Total written (filtered):    593,237,764 bp (79.5%)

=== Adapter 1 ===

Sequence: AGATCGGAAGAGC; Type: regular 3'; Length: 13; Trimmed: 2335798 times

Minimum overlap: 1
No. of allowed errors:
1-9 bp: 0; 10-13 bp: 1

Bases preceding removed adapters:
  A: 21.3%
  C: 16.2%
  G: 15.0%
  T: 12.3%
  none/other: 35.2%

Overview of removed sequences
length	count	expect	max.err	error counts
1	860844	1243468.8	0	860844
2	79482	310867.2	0	79482
3	60376	77716.8	0	60376
4	28935	19429.2	0	28935
5	20395	4857.3	0	20395
6	13410	1214.3	0	13410
7	9404	303.6	0	9404
8	13472	75.9	0	13472
9	22093	19.0	0	22061 32
10	9267	4.7	1	8614 653
11	16541	1.2	1	15041 1500
12	3374	0.3	1	2765 609
13	17915	0.1	1	16926 989
14	4664	0.1	1	4107 557
15	19402	0.1	1	18018 1384
16	3093	0.1	1	2556 537
17	19616	0.1	1	17882 1734
18	5732	0.1	1	5255 477
19	11397	0.1	1	10871 526
20	8610	0.1	1	7877 733
21	15698	0.1	1	15048 650
22	7425	0.1	1	6954 471
23	9103	0.1	1	8516 587
24	7754	0.1	1	6998 756
25	12371	0.1	1	11562 809
26	6204	0.1	1	5893 311
27	8923	0.1	1	8477 446
28	13164	0.1	1	12079 1085
29	11573	0.1	1	10953 620
30	2206	0.1	1	2010 196
31	8468	0.1	1	7913 555
32	13299	0.1	1	12701 598
33	3021	0.1	1	2665 356
34	14656	0.1	1	13948 708
35	1499	0.1	1	1324 175
36	5640	0.1	1	5264 376
37	8755	0.1	1	8047 708
38	4851	0.1	1	4523 328
39	8401	0.1	1	7650 751
40	5338	0.1	1	5070 268
41	10208	0.1	1	9142 1066
42	9636	0.1	1	9272 364
43	4075	0.1	1	3792 283
44	4179	0.1	1	3994 185
45	6373	0.1	1	6095 278
46	2684	0.1	1	2509 175
47	7015	0.1	1	6782 233
48	1645	0.1	1	1464 181
49	6197	0.1	1	5947 250
50	2386	0.1	1	2263 123
51	2593	0.1	1	2451 142
52	4088	0.1	1	3874 214
53	2388	0.1	1	2285 103
54	2947	0.1	1	2861 86
55	853	0.1	1	766 87
56	1812	0.1	1	1714 98
57	3496	0.1	1	3327 169
58	1105	0.1	1	1022 83
59	2700	0.1	1	2592 108
60	2705	0.1	1	2623 82
61	957	0.1	1	875 82
62	2100	0.1	1	2000 100
63	3520	0.1	1	3350 170
64	474	0.1	1	426 48
65	2235	0.1	1	2131 104
66	1698	0.1	1	1581 117
67	1752	0.1	1	1638 114
68	2192	0.1	1	2048 144
69	2282	0.1	1	2139 143
70	2265	0.1	1	2099 166
71	2137	0.1	1	1961 176
72	2064	0.1	1	1862 202
73	2569	0.1	1	2361 208
74	1527	0.1	1	1394 133
75	224	0.1	1	163 61
76	178	0.1	1	128 50
77	406	0.1	1	348 58
78	429	0.1	1	358 71
79	362	0.1	1	308 54
80	329	0.1	1	284 45
81	323	0.1	1	280 43
82	351	0.1	1	294 57
83	347	0.1	1	296 51
84	356	0.1	1	320 36
85	432	0.1	1	383 49
86	475	0.1	1	431 44
87	471	0.1	1	413 58
88	360	0.1	1	322 38
89	313	0.1	1	275 38
90	289	0.1	1	263 26
91	238	0.1	1	204 34
92	202	0.1	1	172 30
93	194	0.1	1	164 30
94	202	0.1	1	173 29
95	158	0.1	1	135 23
96	174	0.1	1	141 33
97	161	0.1	1	125 36
98	181	0.1	1	145 36
99	203	0.1	1	161 42
100	182	0.1	1	139 43
101	180	0.1	1	132 48
102	184	0.1	1	138 46
103	178	0.1	1	130 48
104	122	0.1	1	87 35
105	117	0.1	1	85 32
106	113	0.1	1	81 32
107	127	0.1	1	82 45
108	121	0.1	1	98 23
109	115	0.1	1	92 23
110	143	0.1	1	83 60
111	135	0.1	1	78 57
112	131	0.1	1	98 33
113	130	0.1	1	83 47
114	120	0.1	1	87 33
115	138	0.1	1	90 48
116	181	0.1	1	60 121
117	110	0.1	1	64 46
118	92	0.1	1	54 38
119	95	0.1	1	39 56
120	71	0.1	1	24 47
121	92	0.1	1	41 51
122	81	0.1	1	30 51
123	91	0.1	1	34 57
124	86	0.1	1	35 51
125	74	0.1	1	29 45
126	67	0.1	1	26 41
127	74	0.1	1	22 52
128	104	0.1	1	41 63
129	86	0.1	1	36 50
130	80	0.1	1	25 55
131	107	0.1	1	50 57
132	82	0.1	1	32 50
133	71	0.1	1	15 56
134	121	0.1	1	28 93
135	101	0.1	1	22 79
136	142	0.1	1	34 108
137	133	0.1	1	19 114
138	335	0.1	1	29 306
139	186	0.1	1	45 141
140	125	0.1	1	16 109
141	254	0.1	1	19 235
142	236	0.1	1	19 217
143	241	0.1	1	17 224
144	297	0.1	1	24 273
145	415	0.1	1	36 379
146	596	0.1	1	33 563
147	1243	0.1	1	11 1232
148	3211	0.1	1	9 3202
149	12594	0.1	1	27 12567
150	801102	0.1	1	34 801068

RUN STATISTICS FOR INPUT FILE: SRX3411515_1.fastq.gz
=============================================
4973875 sequences processed in total

