
SUMMARISING RUN PARAMETERS
==========================
Input filename: SRX3411521_1.fastq.gz
Trimming mode: paired-end
Trim Galore version: 0.6.10
Cutadapt version: 4.4
Python version: could not detect
Number of cores used for trimming: 4
Quality Phred score cutoff: 20
Quality encoding type selected: ASCII+33
Using Illumina adapter for trimming (count: 60068). Second best hit was Nextera (count: 238)
Adapter sequence: 'AGATCGGAAGAGC' (Illumina TruSeq, Sanger iPCR; auto-detected)
Maximum trimming error rate: 0.1 (default)
Minimum required adapter overlap (stringency): 1 bp
Minimum required sequence length for both reads before a sequence pair gets removed: 20 bp
Running FastQC on the data once trimming has completed
Output file will be GZIP compressed


This is cutadapt 4.4 with Python 3.7.16
Command line parameters: -j 4 -e 0.1 -q 20 -O 1 -a AGATCGGAAGAGC SRX3411521_1.fastq.gz
Processing single-end reads on 4 cores ...
Finished in 57.816 s (9.417 µs/read; 6.37 M reads/minute).

=== Summary ===

Total reads processed:               6,139,479
Reads with adapters:                 2,775,573 (45.2%)
Reads written (passing filters):     6,139,479 (100.0%)

Total basepairs processed:   920,921,850 bp
Quality-trimmed:              18,589,105 bp (2.0%)
Total written (filtered):    759,399,178 bp (82.5%)

=== Adapter 1 ===

Sequence: AGATCGGAAGAGC; Type: regular 3'; Length: 13; Trimmed: 2775573 times

Minimum overlap: 1
No. of allowed errors:
1-9 bp: 0; 10-13 bp: 1

Bases preceding removed adapters:
  A: 24.9%
  C: 17.3%
  G: 12.8%
  T: 14.4%
  none/other: 30.6%

Overview of removed sequences
length	count	expect	max.err	error counts
1	1140165	1534869.8	0	1140165
2	126272	383717.4	0	126272
3	90413	95929.4	0	90413
4	46569	23982.3	0	46569
5	26749	5995.6	0	26749
6	17236	1498.9	0	17236
7	9646	374.7	0	9646
8	16505	93.7	0	16505
9	26241	23.4	0	26197 44
10	9950	5.9	1	9322 628
11	21527	1.5	1	20122 1405
12	3243	0.4	1	2718 525
13	23352	0.1	1	22396 956
14	6665	0.1	1	6021 644
15	25696	0.1	1	24319 1377
16	4303	0.1	1	3700 603
17	24795	0.1	1	22983 1812
18	6528	0.1	1	6094 434
19	14481	0.1	1	13946 535
20	8940	0.1	1	8364 576
21	19144	0.1	1	18435 709
22	6944	0.1	1	6554 390
23	10803	0.1	1	10229 574
24	9067	0.1	1	8270 797
25	13083	0.1	1	12328 755
26	6987	0.1	1	6655 332
27	10096	0.1	1	9580 516
28	13831	0.1	1	12832 999
29	14362	0.1	1	13632 730
30	2089	0.1	1	1884 205
31	9840	0.1	1	9291 549
32	13932	0.1	1	13373 559
33	4200	0.1	1	3806 394
34	14931	0.1	1	14224 707
35	1978	0.1	1	1765 213
36	9911	0.1	1	9295 616
37	3032	0.1	1	2834 198
38	6097	0.1	1	5829 268
39	5261	0.1	1	4985 276
40	10005	0.1	1	9272 733
41	16561	0.1	1	15750 811
42	4754	0.1	1	4572 182
43	2421	0.1	1	2286 135
44	1538	0.1	1	1458 80
45	2248	0.1	1	2143 105
46	1785	0.1	1	1665 120
47	3843	0.1	1	3714 129
48	1212	0.1	1	1075 137
49	6736	0.1	1	6488 248
50	1839	0.1	1	1766 73
51	1751	0.1	1	1638 113
52	4825	0.1	1	4627 198
53	2194	0.1	1	2099 95
54	1700	0.1	1	1618 82
55	510	0.1	1	457 53
56	1298	0.1	1	1234 64
57	3789	0.1	1	3645 144
58	612	0.1	1	569 43
59	1541	0.1	1	1473 68
60	940	0.1	1	905 35
61	339	0.1	1	317 22
62	803	0.1	1	755 48
63	2186	0.1	1	2079 107
64	427	0.1	1	396 31
65	1028	0.1	1	965 63
66	1227	0.1	1	1143 84
67	1209	0.1	1	1132 77
68	1364	0.1	1	1271 93
69	1416	0.1	1	1286 130
70	1420	0.1	1	1302 118
71	1257	0.1	1	1131 126
72	1374	0.1	1	1198 176
73	1794	0.1	1	1594 200
74	1359	0.1	1	1198 161
75	283	0.1	1	171 112
76	148	0.1	1	73 75
77	274	0.1	1	221 53
78	277	0.1	1	216 61
79	333	0.1	1	285 48
80	302	0.1	1	250 52
81	322	0.1	1	273 49
82	299	0.1	1	243 56
83	260	0.1	1	223 37
84	290	0.1	1	244 46
85	268	0.1	1	223 45
86	274	0.1	1	226 48
87	285	0.1	1	233 52
88	218	0.1	1	171 47
89	209	0.1	1	175 34
90	190	0.1	1	154 36
91	170	0.1	1	135 35
92	162	0.1	1	135 27
93	169	0.1	1	129 40
94	159	0.1	1	134 25
95	161	0.1	1	131 30
96	158	0.1	1	118 40
97	132	0.1	1	103 29
98	134	0.1	1	97 37
99	172	0.1	1	131 41
100	183	0.1	1	134 49
101	178	0.1	1	136 42
102	183	0.1	1	137 46
103	155	0.1	1	117 38
104	178	0.1	1	128 50
105	196	0.1	1	155 41
106	166	0.1	1	126 40
107	174	0.1	1	132 42
108	133	0.1	1	109 24
109	111	0.1	1	81 30
110	156	0.1	1	92 64
111	149	0.1	1	86 63
112	128	0.1	1	96 32
113	131	0.1	1	92 39
114	116	0.1	1	82 34
115	132	0.1	1	82 50
116	168	0.1	1	55 113
117	83	0.1	1	41 42
118	79	0.1	1	33 46
119	84	0.1	1	31 53
120	90	0.1	1	42 48
121	92	0.1	1	28 64
122	96	0.1	1	27 69
123	111	0.1	1	37 74
124	116	0.1	1	61 55
125	88	0.1	1	32 56
126	78	0.1	1	43 35
127	93	0.1	1	50 43
128	133	0.1	1	54 79
129	106	0.1	1	48 58
130	97	0.1	1	31 66
131	84	0.1	1	22 62
132	99	0.1	1	37 62
133	99	0.1	1	28 71
134	132	0.1	1	32 100
135	172	0.1	1	74 98
136	154	0.1	1	32 122
137	140	0.1	1	34 106
138	313	0.1	1	52 261
139	193	0.1	1	13 180
140	234	0.1	1	31 203
141	270	0.1	1	37 233
142	271	0.1	1	31 240
143	324	0.1	1	46 278
144	461	0.1	1	135 326
145	424	0.1	1	39 385
146	678	0.1	1	46 632
147	1433	0.1	1	41 1392
148	3683	0.1	1	112 3571
149	16590	0.1	1	2844 13746
150	826018	0.1	1	21 825997

RUN STATISTICS FOR INPUT FILE: SRX3411521_1.fastq.gz
=============================================
6139479 sequences processed in total

