
SUMMARISING RUN PARAMETERS
==========================
Input filename: SRX3411516_2.fastq.gz
Trimming mode: paired-end
Trim Galore version: 0.6.10
Cutadapt version: 4.4
Python version: could not detect
Number of cores used for trimming: 4
Quality Phred score cutoff: 20
Quality encoding type selected: ASCII+33
Using Illumina adapter for trimming (count: 93066). Second best hit was Nextera (count: 85)
Adapter sequence: 'AGATCGGAAGAGC' (Illumina TruSeq, Sanger iPCR; auto-detected)
Maximum trimming error rate: 0.1 (default)
Minimum required adapter overlap (stringency): 1 bp
Minimum required sequence length for both reads before a sequence pair gets removed: 20 bp
Running FastQC on the data once trimming has completed
Output file will be GZIP compressed


This is cutadapt 4.4 with Python 3.7.16
Command line parameters: -j 4 -e 0.1 -q 20 -O 1 -a AGATCGGAAGAGC SRX3411516_2.fastq.gz
Processing single-end reads on 4 cores ...
Finished in 77.841 s (12.772 µs/read; 4.70 M reads/minute).

=== Summary ===

Total reads processed:               6,094,701
Reads with adapters:                 2,713,593 (44.5%)
Reads written (passing filters):     6,094,701 (100.0%)

Total basepairs processed:   914,205,150 bp
Quality-trimmed:              42,148,840 bp (4.6%)
Total written (filtered):    849,676,808 bp (92.9%)

=== Adapter 1 ===

Sequence: AGATCGGAAGAGC; Type: regular 3'; Length: 13; Trimmed: 2713593 times

Minimum overlap: 1
No. of allowed errors:
1-9 bp: 0; 10-13 bp: 1

Bases preceding removed adapters:
  A: 48.5%
  C: 20.0%
  G: 17.4%
  T: 14.0%
  none/other: 0.1%

Overview of removed sequences
length	count	expect	max.err	error counts
1	1665257	1523675.2	0	1665257
2	104351	380918.8	0	104351
3	143423	95229.7	0	143423
4	47922	23807.4	0	47922
5	48113	5951.9	0	48113
6	19962	1488.0	0	19962
7	9148	372.0	0	9148
8	23194	93.0	0	23194
9	29353	23.2	0	29321 32
10	17849	5.8	1	15732 2117
11	24087	1.5	1	21312 2775
12	6954	0.4	1	5986 968
13	31428	0.1	1	29423 2005
14	7005	0.1	1	6085 920
15	18891	0.1	1	17860 1031
16	28693	0.1	1	27018 1675
17	11303	0.1	1	10456 847
18	29851	0.1	1	28301 1550
19	12448	0.1	1	11367 1081
20	35650	0.1	1	34060 1590
21	14688	0.1	1	13758 930
22	6202	0.1	1	5855 347
23	13430	0.1	1	12976 454
24	7742	0.1	1	7158 584
25	19024	0.1	1	18211 813
26	14119	0.1	1	13197 922
27	19093	0.1	1	17894 1199
28	6116	0.1	1	5488 628
29	29580	0.1	1	27625 1955
30	5962	0.1	1	5487 475
31	19924	0.1	1	19081 843
32	5386	0.1	1	4855 531
33	26120	0.1	1	24844 1276
34	10569	0.1	1	9816 753
35	3844	0.1	1	3436 408
36	13657	0.1	1	12676 981
37	15299	0.1	1	14633 666
38	7372	0.1	1	6845 527
39	12779	0.1	1	12287 492
40	10304	0.1	1	9810 494
41	4858	0.1	1	4690 168
42	8574	0.1	1	8265 309
43	9324	0.1	1	8956 368
44	5066	0.1	1	4868 198
45	9126	0.1	1	8664 462
46	8235	0.1	1	7924 311
47	5333	0.1	1	5101 232
48	5760	0.1	1	5551 209
49	3480	0.1	1	3267 213
50	6107	0.1	1	5794 313
51	3523	0.1	1	3345 178
52	5139	0.1	1	4934 205
53	1803	0.1	1	1629 174
54	5648	0.1	1	5441 207
55	1708	0.1	1	1562 146
56	3439	0.1	1	3235 204
57	3335	0.1	1	3149 186
58	7632	0.1	1	7249 383
59	1071	0.1	1	980 91
60	2377	0.1	1	2223 154
61	2367	0.1	1	2197 170
62	2176	0.1	1	2026 150
63	2056	0.1	1	1895 161
64	2098	0.1	1	1929 169
65	2930	0.1	1	2730 200
66	5142	0.1	1	4761 381
67	4085	0.1	1	3699 386
68	2255	0.1	1	1970 285
69	696	0.1	1	528 168
70	264	0.1	1	202 62
71	295	0.1	1	241 54
72	342	0.1	1	290 52
73	416	0.1	1	371 45
74	503	0.1	1	466 37
75	520	0.1	1	478 42
76	490	0.1	1	408 82
77	418	0.1	1	316 102
78	371	0.1	1	232 139
79	282	0.1	1	148 134
80	296	0.1	1	188 108
81	318	0.1	1	217 101
82	333	0.1	1	227 106
83	338	0.1	1	232 106
84	314	0.1	1	218 96
85	304	0.1	1	242 62
86	298	0.1	1	264 34
87	318	0.1	1	293 25
88	259	0.1	1	232 27
89	177	0.1	1	157 20
90	133	0.1	1	119 14
91	161	0.1	1	147 14
92	149	0.1	1	138 11
93	133	0.1	1	114 19
94	120	0.1	1	109 11
95	113	0.1	1	100 13
96	118	0.1	1	93 25
97	102	0.1	1	74 28
98	106	0.1	1	78 28
99	92	0.1	1	72 20
100	95	0.1	1	71 24
101	92	0.1	1	69 23
102	100	0.1	1	65 35
103	89	0.1	1	68 21
104	79	0.1	1	56 23
105	77	0.1	1	56 21
106	84	0.1	1	61 23
107	96	0.1	1	51 45
108	71	0.1	1	65 6
109	97	0.1	1	75 22
110	79	0.1	1	67 12
111	96	0.1	1	75 21
112	73	0.1	1	63 10
113	220	0.1	1	152 68
114	66	0.1	1	57 9
115	116	0.1	1	97 19
116	72	0.1	1	60 12
117	61	0.1	1	56 5
118	84	0.1	1	76 8
119	51	0.1	1	39 12
120	73	0.1	1	44 29
121	41	0.1	1	31 10
122	49	0.1	1	41 8
123	85	0.1	1	50 35
124	130	0.1	1	111 19
125	71	0.1	1	56 15
126	48	0.1	1	37 11
127	73	0.1	1	55 18
128	76	0.1	1	57 19
129	80	0.1	1	42 38
130	109	0.1	1	36 73
131	243	0.1	1	60 183
132	52	0.1	1	45 7
133	59	0.1	1	50 9
134	46	0.1	1	35 11
135	45	0.1	1	25 20
136	48	0.1	1	24 24
137	32	0.1	1	21 11
138	70	0.1	1	53 17
139	58	0.1	1	28 30
140	52	0.1	1	42 10
141	91	0.1	1	59 32
142	62	0.1	1	46 16
143	96	0.1	1	65 31
144	118	0.1	1	98 20
145	83	0.1	1	59 24
146	97	0.1	1	57 40
147	19	0.1	1	9 10
148	23	0.1	1	7 16
149	45	0.1	1	21 24
150	103	0.1	1	25 78

RUN STATISTICS FOR INPUT FILE: SRX3411516_2.fastq.gz
=============================================
6094701 sequences processed in total

Total number of sequences analysed for the sequence pair length validation: 6094701

Number of sequence pairs removed because at least one read was shorter than the length cutoff (20 bp): 389585 (6.39%)
