
SUMMARISING RUN PARAMETERS
==========================
Input filename: SRX3411506_2.fastq.gz
Trimming mode: paired-end
Trim Galore version: 0.6.10
Cutadapt version: 4.4
Python version: could not detect
Number of cores used for trimming: 4
Quality Phred score cutoff: 20
Quality encoding type selected: ASCII+33
Using Illumina adapter for trimming (count: 89646). Second best hit was Nextera (count: 15)
Adapter sequence: 'AGATCGGAAGAGC' (Illumina TruSeq, Sanger iPCR; auto-detected)
Maximum trimming error rate: 0.1 (default)
Minimum required adapter overlap (stringency): 1 bp
Minimum required sequence length for both reads before a sequence pair gets removed: 20 bp
Running FastQC on the data once trimming has completed
Output file will be GZIP compressed


This is cutadapt 4.4 with Python 3.7.16
Command line parameters: -j 4 -e 0.1 -q 20 -O 1 -a AGATCGGAAGAGC SRX3411506_2.fastq.gz
Processing single-end reads on 4 cores ...
Finished in 72.907 s (9.391 µs/read; 6.39 M reads/minute).

=== Summary ===

Total reads processed:               7,763,121
Reads with adapters:                 2,143,248 (27.6%)
Reads written (passing filters):     7,763,121 (100.0%)

Total basepairs processed: 1,164,468,150 bp
Quality-trimmed:              30,921,101 bp (2.7%)
Total written (filtered):  1,108,699,549 bp (95.2%)

=== Adapter 1 ===

Sequence: AGATCGGAAGAGC; Type: regular 3'; Length: 13; Trimmed: 2143248 times

Minimum overlap: 1
No. of allowed errors:
1-9 bp: 0; 10-13 bp: 1

Bases preceding removed adapters:
  A: 29.6%
  C: 34.1%
  G: 20.3%
  T: 16.0%
  none/other: 0.1%

Overview of removed sequences
length	count	expect	max.err	error counts
1	943370	1940780.2	0	943370
2	156128	485195.1	0	156128
3	108602	121298.8	0	108602
4	28576	30324.7	0	28576
5	47831	7581.2	0	47831
6	19882	1895.3	0	19882
7	11946	473.8	0	11946
8	25467	118.5	0	25467
9	36439	29.6	0	36380 59
10	33496	7.4	1	30339 3157
11	25493	1.9	1	23761 1732
12	8548	0.5	1	7453 1095
13	48267	0.1	1	46037 2230
14	9799	0.1	1	8929 870
15	28283	0.1	1	27121 1162
16	39078	0.1	1	37073 2005
17	12542	0.1	1	11790 752
18	32262	0.1	1	30826 1436
19	13777	0.1	1	12797 980
20	37423	0.1	1	36169 1254
21	17385	0.1	1	16411 974
22	6798	0.1	1	6383 415
23	16407	0.1	1	15903 504
24	9297	0.1	1	8689 608
25	27605	0.1	1	26576 1029
26	19168	0.1	1	18234 934
27	23636	0.1	1	22577 1059
28	8517	0.1	1	7836 681
29	34556	0.1	1	33050 1506
30	8209	0.1	1	7601 608
31	30878	0.1	1	29963 915
32	9029	0.1	1	8362 667
33	40757	0.1	1	39548 1209
34	14807	0.1	1	14144 663
35	4347	0.1	1	3942 405
36	15613	0.1	1	14862 751
37	15497	0.1	1	15006 491
38	8230	0.1	1	7745 485
39	12045	0.1	1	11643 402
40	11854	0.1	1	11434 420
41	4555	0.1	1	4398 157
42	7810	0.1	1	7546 264
43	8954	0.1	1	8678 276
44	5487	0.1	1	5319 168
45	9376	0.1	1	9043 333
46	8891	0.1	1	8573 318
47	5648	0.1	1	5427 221
48	5035	0.1	1	4872 163
49	3971	0.1	1	3771 200
50	8223	0.1	1	7865 358
51	3772	0.1	1	3554 218
52	6789	0.1	1	6580 209
53	2048	0.1	1	1863 185
54	5984	0.1	1	5795 189
55	1890	0.1	1	1750 140
56	4196	0.1	1	3952 244
57	3643	0.1	1	3472 171
58	7922	0.1	1	7541 381
59	1128	0.1	1	1032 96
60	2193	0.1	1	2086 107
61	2248	0.1	1	2093 155
62	2246	0.1	1	2085 161
63	2454	0.1	1	2304 150
64	1978	0.1	1	1836 142
65	2282	0.1	1	2111 171
66	4199	0.1	1	3869 330
67	3799	0.1	1	3449 350
68	2319	0.1	1	2002 317
69	789	0.1	1	634 155
70	304	0.1	1	250 54
71	278	0.1	1	243 35
72	366	0.1	1	329 37
73	424	0.1	1	384 40
74	496	0.1	1	451 45
75	535	0.1	1	468 67
76	482	0.1	1	414 68
77	475	0.1	1	366 109
78	462	0.1	1	298 164
79	380	0.1	1	225 155
80	433	0.1	1	280 153
81	401	0.1	1	286 115
82	417	0.1	1	303 114
83	377	0.1	1	262 115
84	326	0.1	1	229 97
85	296	0.1	1	227 69
86	291	0.1	1	253 38
87	293	0.1	1	269 24
88	297	0.1	1	271 26
89	190	0.1	1	170 20
90	145	0.1	1	138 7
91	154	0.1	1	140 14
92	126	0.1	1	116 10
93	120	0.1	1	113 7
94	141	0.1	1	127 14
95	152	0.1	1	141 11
96	143	0.1	1	125 18
97	132	0.1	1	97 35
98	129	0.1	1	99 30
99	107	0.1	1	90 17
100	114	0.1	1	91 23
101	112	0.1	1	102 10
102	106	0.1	1	89 17
103	123	0.1	1	107 16
104	82	0.1	1	68 14
105	73	0.1	1	64 9
106	57	0.1	1	52 5
107	38	0.1	1	32 6
108	42	0.1	1	36 6
109	49	0.1	1	38 11
110	48	0.1	1	40 8
111	41	0.1	1	36 5
112	42	0.1	1	36 6
113	50	0.1	1	41 9
114	32	0.1	1	26 6
115	48	0.1	1	37 11
116	29	0.1	1	23 6
117	32	0.1	1	28 4
118	21	0.1	1	18 3
119	20	0.1	1	18 2
120	34	0.1	1	28 6
121	36	0.1	1	28 8
122	39	0.1	1	28 11
123	49	0.1	1	34 15
124	135	0.1	1	124 11
125	42	0.1	1	27 15
126	27	0.1	1	23 4
127	25	0.1	1	21 4
128	34	0.1	1	26 8
129	29	0.1	1	20 9
130	25	0.1	1	17 8
131	42	0.1	1	27 15
132	28	0.1	1	23 5
133	24	0.1	1	23 1
134	21	0.1	1	20 1
135	20	0.1	1	15 5
136	20	0.1	1	14 6
137	16	0.1	1	14 2
138	41	0.1	1	28 13
139	21	0.1	1	14 7
140	29	0.1	1	22 7
141	34	0.1	1	25 9
142	24	0.1	1	18 6
143	30	0.1	1	23 7
144	38	0.1	1	31 7
145	52	0.1	1	42 10
146	33	0.1	1	21 12
147	11	0.1	1	8 3
148	15	0.1	1	2 13
149	43	0.1	1	6 37
150	527	0.1	1	8 519

RUN STATISTICS FOR INPUT FILE: SRX3411506_2.fastq.gz
=============================================
7763121 sequences processed in total

Total number of sequences analysed for the sequence pair length validation: 7763121

Number of sequence pairs removed because at least one read was shorter than the length cutoff (20 bp): 2880757 (37.11%)
