
SUMMARISING RUN PARAMETERS
==========================
Input filename: SRX6922025_1.fastq.gz
Trimming mode: paired-end
Trim Galore version: 0.6.10
Cutadapt version: 4.4
Python version: could not detect
Number of cores used for trimming: 4
Quality Phred score cutoff: 20
Quality encoding type selected: ASCII+33
Using Illumina adapter for trimming (count: 27456). Second best hit was Nextera (count: 0)
Adapter sequence: 'AGATCGGAAGAGC' (Illumina TruSeq, Sanger iPCR; auto-detected)
Maximum trimming error rate: 0.1 (default)
Minimum required adapter overlap (stringency): 1 bp
Minimum required sequence length for both reads before a sequence pair gets removed: 20 bp
Running FastQC on the data once trimming has completed
Output file will be GZIP compressed


This is cutadapt 4.4 with Python 3.7.16
Command line parameters: -j 4 -e 0.1 -q 20 -O 1 -a AGATCGGAAGAGC SRX6922025_1.fastq.gz
Processing single-end reads on 4 cores ...
Finished in 97.480 s (10.333 µs/read; 5.81 M reads/minute).

=== Summary ===

Total reads processed:               9,433,735
Reads with adapters:                 3,349,174 (35.5%)
Reads written (passing filters):     9,433,735 (100.0%)

Total basepairs processed: 1,415,060,250 bp
Quality-trimmed:               3,152,386 bp (0.2%)
Total written (filtered):  1,397,904,493 bp (98.8%)

=== Adapter 1 ===

Sequence: AGATCGGAAGAGC; Type: regular 3'; Length: 13; Trimmed: 3349174 times

Minimum overlap: 1
No. of allowed errors:
1-9 bp: 0; 10-13 bp: 1

Bases preceding removed adapters:
  A: 31.4%
  C: 30.8%
  G: 20.2%
  T: 17.3%
  none/other: 0.3%

Overview of removed sequences
length	count	expect	max.err	error counts
1	2249502	2358433.8	0	2249502
2	529777	589608.4	0	529777
3	154726	147402.1	0	154726
4	46340	36850.5	0	46340
5	21750	9212.6	0	21750
6	12550	2303.2	0	12550
7	10769	575.8	0	10769
8	10672	143.9	0	10672
9	10120	36.0	0	9964 156
10	10360	9.0	1	9739 621
11	10531	2.2	1	10025 506
12	9781	0.6	1	9397 384
13	9415	0.1	1	8956 459
14	9337	0.1	1	8999 338
15	8638	0.1	1	8368 270
16	8804	0.1	1	8485 319
17	8658	0.1	1	8339 319
18	8736	0.1	1	8462 274
19	8346	0.1	1	8068 278
20	8140	0.1	1	7876 264
21	8433	0.1	1	8117 316
22	8178	0.1	1	7902 276
23	7492	0.1	1	7258 234
24	7307	0.1	1	7049 258
25	6938	0.1	1	6718 220
26	6765	0.1	1	6555 210
27	6947	0.1	1	6713 234
28	6964	0.1	1	6744 220
29	8270	0.1	1	8000 270
30	7110	0.1	1	6866 244
31	6684	0.1	1	6493 191
32	6061	0.1	1	5911 150
33	5630	0.1	1	5464 166
34	5770	0.1	1	5572 198
35	5352	0.1	1	5227 125
36	5084	0.1	1	4950 134
37	5153	0.1	1	4995 158
38	3981	0.1	1	3896 85
39	4046	0.1	1	3944 102
40	4079	0.1	1	3976 103
41	4069	0.1	1	3948 121
42	3795	0.1	1	3684 111
43	3825	0.1	1	3725 100
44	3380	0.1	1	3280 100
45	4535	0.1	1	4458 77
46	2122	0.1	1	2070 52
47	2457	0.1	1	2400 57
48	2491	0.1	1	2435 56
49	2493	0.1	1	2437 56
50	2476	0.1	1	2414 62
51	2327	0.1	1	2285 42
52	2311	0.1	1	2251 60
53	2042	0.1	1	1987 55
54	1983	0.1	1	1929 54
55	1889	0.1	1	1843 46
56	1649	0.1	1	1610 39
57	1543	0.1	1	1509 34
58	1478	0.1	1	1439 39
59	1389	0.1	1	1350 39
60	1196	0.1	1	1162 34
61	1087	0.1	1	1065 22
62	1073	0.1	1	1055 18
63	1126	0.1	1	1081 45
64	1026	0.1	1	999 27
65	974	0.1	1	946 28
66	858	0.1	1	831 27
67	760	0.1	1	735 25
68	757	0.1	1	729 28
69	739	0.1	1	686 53
70	805	0.1	1	699 106
71	5064	0.1	1	731 4333
72	5977	0.1	1	4661 1316
73	1429	0.1	1	1087 342
74	567	0.1	1	305 262
75	302	0.1	1	152 150
76	204	0.1	1	86 118
77	161	0.1	1	93 68
78	115	0.1	1	83 32
79	101	0.1	1	70 31
80	100	0.1	1	60 40
81	81	0.1	1	58 23
82	96	0.1	1	55 41
83	85	0.1	1	53 32
84	73	0.1	1	50 23
85	58	0.1	1	39 19
86	62	0.1	1	39 23
87	47	0.1	1	31 16
88	49	0.1	1	36 13
89	51	0.1	1	23 28
90	58	0.1	1	31 27
91	39	0.1	1	24 15
92	31	0.1	1	21 10
93	35	0.1	1	29 6
94	37	0.1	1	23 14
95	30	0.1	1	17 13
96	44	0.1	1	22 22
97	30	0.1	1	21 9
98	28	0.1	1	20 8
99	28	0.1	1	18 10
100	34	0.1	1	18 16
101	36	0.1	1	23 13
102	39	0.1	1	13 26
103	32	0.1	1	13 19
104	25	0.1	1	11 14
105	23	0.1	1	13 10
106	17	0.1	1	13 4
107	20	0.1	1	13 7
108	17	0.1	1	10 7
109	31	0.1	1	15 16
110	24	0.1	1	12 12
111	31	0.1	1	9 22
112	32	0.1	1	20 12
113	26	0.1	1	12 14
114	19	0.1	1	11 8
115	24	0.1	1	12 12
116	39	0.1	1	17 22
117	20	0.1	1	9 11
118	41	0.1	1	11 30
119	30	0.1	1	7 23
120	16	0.1	1	4 12
121	19	0.1	1	9 10
122	22	0.1	1	5 17
123	18	0.1	1	2 16
124	37	0.1	1	2 35
125	14	0.1	1	8 6
126	14	0.1	1	5 9
127	18	0.1	1	8 10
128	7	0.1	1	0 7
129	9	0.1	1	1 8
130	11	0.1	1	2 9
131	7	0.1	1	1 6
132	5	0.1	1	1 4
133	13	0.1	1	3 10
134	10	0.1	1	4 6
135	9	0.1	1	3 6
136	13	0.1	1	2 11
137	7	0.1	1	2 5
138	14	0.1	1	1 13
139	8	0.1	1	1 7
140	17	0.1	1	3 14
141	16	0.1	1	1 15
142	16	0.1	1	1 15
143	9	0.1	1	1 8
144	16	0.1	1	1 15
145	20	0.1	1	1 19
146	37	0.1	1	0 37
147	30	0.1	1	4 26
148	25	0.1	1	1 24
149	121	0.1	1	0 121
150	1203	0.1	1	2 1201

RUN STATISTICS FOR INPUT FILE: SRX6922025_1.fastq.gz
=============================================
9433735 sequences processed in total

