
SUMMARISING RUN PARAMETERS
==========================
Input filename: SRX6700178_1.fastq.gz
Trimming mode: paired-end
Trim Galore version: 0.6.10
Cutadapt version: 4.4
Python version: could not detect
Number of cores used for trimming: 4
Quality Phred score cutoff: 20
Quality encoding type selected: ASCII+33
Using Illumina adapter for trimming (count: 104719). Second best hit was Nextera (count: 319)
Adapter sequence: 'AGATCGGAAGAGC' (Illumina TruSeq, Sanger iPCR; auto-detected)
Maximum trimming error rate: 0.1 (default)
Minimum required adapter overlap (stringency): 1 bp
Minimum required sequence length for both reads before a sequence pair gets removed: 20 bp
Running FastQC on the data once trimming has completed
Output file will be GZIP compressed


This is cutadapt 4.4 with Python 3.7.16
Command line parameters: -j 4 -e 0.1 -q 20 -O 1 -a AGATCGGAAGAGC SRX6700178_1.fastq.gz
Processing single-end reads on 4 cores ...
Finished in 255.378 s (8.678 µs/read; 6.91 M reads/minute).

=== Summary ===

Total reads processed:              29,428,781
Reads with adapters:                13,011,006 (44.2%)
Reads written (passing filters):    29,428,781 (100.0%)

Total basepairs processed: 3,708,026,406 bp
Quality-trimmed:              44,227,251 bp (1.2%)
Total written (filtered):  3,562,237,835 bp (96.1%)

=== Adapter 1 ===

Sequence: AGATCGGAAGAGC; Type: regular 3'; Length: 13; Trimmed: 13011006 times

Minimum overlap: 1
No. of allowed errors:
1-9 bp: 0; 10-13 bp: 1

Bases preceding removed adapters:
  A: 27.5%
  C: 29.0%
  G: 26.8%
  T: 16.7%
  none/other: 0.0%

Overview of removed sequences
length	count	expect	max.err	error counts
1	6007641	7357195.2	0	6007641
2	1407540	1839298.8	0	1407540
3	627597	459824.7	0	627597
4	261195	114956.2	0	261195
5	240362	28739.0	0	240362
6	230862	7184.8	0	230862
7	238639	1796.2	0	238639
8	185378	449.0	0	185378
9	232078	112.3	0	231528 550
10	178706	28.1	1	175241 3465
11	152795	7.0	1	149902 2893
12	192412	1.8	1	188960 3452
13	196621	0.4	1	192777 3844
14	149636	0.4	1	146544 3092
15	173236	0.4	1	169391 3845
16	144770	0.4	1	141414 3356
17	162078	0.4	1	157934 4144
18	160707	0.4	1	157315 3392
19	131537	0.4	1	128825 2712
20	156905	0.4	1	153362 3543
21	116842	0.4	1	114255 2587
22	125444	0.4	1	122735 2709
23	114794	0.4	1	112304 2490
24	120290	0.4	1	117497 2793
25	132760	0.4	1	129623 3137
26	67559	0.4	1	65871 1688
27	97849	0.4	1	95635 2214
28	106679	0.4	1	104212 2467
29	70977	0.4	1	69214 1763
30	72971	0.4	1	71345 1626
31	70326	0.4	1	68826 1500
32	80508	0.4	1	78879 1629
33	39288	0.4	1	38420 868
34	56144	0.4	1	54939 1205
35	58523	0.4	1	57299 1224
36	38244	0.4	1	37518 726
37	52693	0.4	1	51696 997
38	35317	0.4	1	34627 690
39	33681	0.4	1	33125 556
40	32224	0.4	1	31660 564
41	32710	0.4	1	32122 588
42	33278	0.4	1	32679 599
43	51988	0.4	1	51236 752
44	6982	0.4	1	6853 129
45	7395	0.4	1	7286 109
46	5889	0.4	1	5786 103
47	12111	0.4	1	11931 180
48	10533	0.4	1	10379 154
49	11925	0.4	1	11765 160
50	8868	0.4	1	8700 168
51	9425	0.4	1	9241 184
52	7119	0.4	1	7003 116
53	7340	0.4	1	7221 119
54	7169	0.4	1	7044 125
55	6257	0.4	1	6162 95
56	3349	0.4	1	3282 67
57	5096	0.4	1	4989 107
58	3242	0.4	1	3155 87
59	3213	0.4	1	3149 64
60	2938	0.4	1	2871 67
61	2250	0.4	1	2223 27
62	1659	0.4	1	1636 23
63	2590	0.4	1	2558 32
64	1495	0.4	1	1473 22
65	1514	0.4	1	1480 34
66	1295	0.4	1	1251 44
67	968	0.4	1	942 26
68	905	0.4	1	875 30
69	874	0.4	1	851 23
70	773	0.4	1	749 24
71	680	0.4	1	650 30
72	633	0.4	1	608 25
73	535	0.4	1	505 30
74	617	0.4	1	564 53
75	890	0.4	1	655 235
76	1433	0.4	1	1341 92
77	407	0.4	1	393 14
78	129	0.4	1	115 14
79	76	0.4	1	46 30
80	39	0.4	1	20 19
81	16	0.4	1	9 7
82	19	0.4	1	11 8
83	9	0.4	1	3 6
84	10	0.4	1	2 8
85	6	0.4	1	1 5
86	18	0.4	1	1 17
87	20	0.4	1	0 20
88	11	0.4	1	0 11
89	13	0.4	1	1 12
90	12	0.4	1	1 11
91	23	0.4	1	0 23
92	24	0.4	1	1 23
93	12	0.4	1	0 12
94	29	0.4	1	0 29
95	47	0.4	1	0 47
96	12	0.4	1	0 12
97	9	0.4	1	0 9
98	13	0.4	1	0 13
99	24	0.4	1	0 24
100	38	0.4	1	0 38
101	6	0.4	1	0 6
102	9	0.4	1	0 9
103	5	0.4	1	0 5
104	22	0.4	1	0 22
105	15	0.4	1	0 15
106	11	0.4	1	0 11
107	5	0.4	1	0 5
108	1	0.4	1	0 1
109	2	0.4	1	0 2
110	6	0.4	1	0 6
111	10	0.4	1	1 9
112	10	0.4	1	1 9
113	10	0.4	1	0 10
114	12	0.4	1	0 12
115	15	0.4	1	0 15
116	9	0.4	1	0 9
117	16	0.4	1	0 16
118	15	0.4	1	0 15
119	14	0.4	1	0 14
120	8	0.4	1	0 8
121	22	0.4	1	0 22
122	11	0.4	1	0 11
123	5	0.4	1	0 5
124	1	0.4	1	0 1
125	1	0.4	1	0 1
126	3	0.4	1	0 3

RUN STATISTICS FOR INPUT FILE: SRX6700178_1.fastq.gz
=============================================
29428781 sequences processed in total

