
SUMMARISING RUN PARAMETERS
==========================
Input filename: SRX6700163_1.fastq.gz
Trimming mode: paired-end
Trim Galore version: 0.6.10
Cutadapt version: 4.4
Python version: could not detect
Number of cores used for trimming: 4
Quality Phred score cutoff: 20
Quality encoding type selected: ASCII+33
Using Illumina adapter for trimming (count: 101522). Second best hit was Nextera (count: 268)
Adapter sequence: 'AGATCGGAAGAGC' (Illumina TruSeq, Sanger iPCR; auto-detected)
Maximum trimming error rate: 0.1 (default)
Minimum required adapter overlap (stringency): 1 bp
Minimum required sequence length for both reads before a sequence pair gets removed: 20 bp
Running FastQC on the data once trimming has completed
Output file will be GZIP compressed


This is cutadapt 4.4 with Python 3.7.16
Command line parameters: -j 4 -e 0.1 -q 20 -O 1 -a AGATCGGAAGAGC SRX6700163_1.fastq.gz
Processing single-end reads on 4 cores ...
Finished in 288.366 s (8.420 µs/read; 7.13 M reads/minute).

=== Summary ===

Total reads processed:              34,246,837
Reads with adapters:                15,227,640 (44.5%)
Reads written (passing filters):    34,246,837 (100.0%)

Total basepairs processed: 4,315,101,462 bp
Quality-trimmed:              51,043,183 bp (1.2%)
Total written (filtered):  4,147,964,666 bp (96.1%)

=== Adapter 1 ===

Sequence: AGATCGGAAGAGC; Type: regular 3'; Length: 13; Trimmed: 15227640 times

Minimum overlap: 1
No. of allowed errors:
1-9 bp: 0; 10-13 bp: 1

Bases preceding removed adapters:
  A: 28.5%
  C: 29.2%
  G: 26.1%
  T: 16.1%
  none/other: 0.0%

Overview of removed sequences
length	count	expect	max.err	error counts
1	7242901	8561709.2	0	7242901
2	1644235	2140427.3	0	1644235
3	729813	535106.8	0	729813
4	276970	133776.7	0	276970
5	272273	33444.2	0	272273
6	262018	8361.0	0	262018
7	279611	2090.3	0	279611
8	208219	522.6	0	208219
9	245877	130.6	0	245022 855
10	219600	32.7	1	214742 4858
11	164551	8.2	1	160773 3778
12	219193	2.0	1	214418 4775
13	224417	0.5	1	219010 5407
14	168955	0.5	1	164878 4077
15	205874	0.5	1	200562 5312
16	140883	0.5	1	137197 3686
17	193231	0.5	1	187526 5705
18	172800	0.5	1	168639 4161
19	152829	0.5	1	149158 3671
20	172862	0.5	1	168235 4627
21	141176	0.5	1	137436 3740
22	145725	0.5	1	141702 4023
23	127767	0.5	1	124568 3199
24	131556	0.5	1	128042 3514
25	155395	0.5	1	151142 4253
26	67515	0.5	1	65753 1762
27	109939	0.5	1	106911 3028
28	122367	0.5	1	118995 3372
29	76597	0.5	1	74458 2139
30	86509	0.5	1	84280 2229
31	77019	0.5	1	75030 1989
32	96892	0.5	1	94589 2303
33	40564	0.5	1	39422 1142
34	64998	0.5	1	63416 1582
35	55175	0.5	1	53952 1223
36	49235	0.5	1	48120 1115
37	52032	0.5	1	50816 1216
38	48087	0.5	1	47032 1055
39	40639	0.5	1	39823 816
40	39201	0.5	1	38344 857
41	46586	0.5	1	45652 934
42	30947	0.5	1	30351 596
43	51135	0.5	1	50168 967
44	8506	0.5	1	8214 292
45	9269	0.5	1	8979 290
46	8281	0.5	1	8066 215
47	13760	0.5	1	13477 283
48	12854	0.5	1	12597 257
49	13971	0.5	1	13693 278
50	10201	0.5	1	10019 182
51	11494	0.5	1	11200 294
52	8608	0.5	1	8424 184
53	9188	0.5	1	8985 203
54	8792	0.5	1	8578 214
55	7840	0.5	1	7627 213
56	4319	0.5	1	4198 121
57	6376	0.5	1	6118 258
58	4249	0.5	1	3948 301
59	4060	0.5	1	3943 117
60	3718	0.5	1	3602 116
61	2816	0.5	1	2760 56
62	2137	0.5	1	2092 45
63	3356	0.5	1	3279 77
64	1969	0.5	1	1942 27
65	2080	0.5	1	2008 72
66	1742	0.5	1	1694 48
67	1292	0.5	1	1260 32
68	1240	0.5	1	1219 21
69	1089	0.5	1	1062 27
70	911	0.5	1	878 33
71	882	0.5	1	841 41
72	826	0.5	1	774 52
73	768	0.5	1	704 64
74	932	0.5	1	806 126
75	1427	0.5	1	888 539
76	2070	0.5	1	1903 167
77	573	0.5	1	528 45
78	184	0.5	1	148 36
79	89	0.5	1	43 46
80	106	0.5	1	18 88
81	24	0.5	1	8 16
82	19	0.5	1	7 12
83	11	0.5	1	4 7
84	14	0.5	1	5 9
85	14	0.5	1	2 12
86	24	0.5	1	1 23
87	43	0.5	1	1 42
88	18	0.5	1	0 18
89	25	0.5	1	0 25
90	21	0.5	1	4 17
91	92	0.5	1	0 92
92	82	0.5	1	2 80
93	90	0.5	1	0 90
94	155	0.5	1	1 154
95	192	0.5	1	0 192
96	36	0.5	1	0 36
97	20	0.5	1	0 20
98	56	0.5	1	1 55
99	80	0.5	1	0 80
100	146	0.5	1	0 146
101	5	0.5	1	0 5
102	14	0.5	1	0 14
103	17	0.5	1	1 16
104	24	0.5	1	0 24
105	27	0.5	1	1 26
106	14	0.5	1	0 14
107	5	0.5	1	0 5
108	6	0.5	1	0 6
109	7	0.5	1	0 7
110	5	0.5	1	0 5
111	10	0.5	1	1 9
112	15	0.5	1	0 15
113	16	0.5	1	0 16
114	14	0.5	1	0 14
115	20	0.5	1	0 20
116	13	0.5	1	0 13
117	25	0.5	1	0 25
118	17	0.5	1	0 17
119	20	0.5	1	1 19
120	10	0.5	1	0 10
121	24	0.5	1	0 24
122	15	0.5	1	0 15
123	11	0.5	1	0 11
126	1	0.5	1	0 1

RUN STATISTICS FOR INPUT FILE: SRX6700163_1.fastq.gz
=============================================
34246837 sequences processed in total

