
SUMMARISING RUN PARAMETERS
==========================
Input filename: SRX6700164_1.fastq.gz
Trimming mode: paired-end
Trim Galore version: 0.6.10
Cutadapt version: 4.4
Python version: could not detect
Number of cores used for trimming: 4
Quality Phred score cutoff: 20
Quality encoding type selected: ASCII+33
Using Illumina adapter for trimming (count: 147099). Second best hit was Nextera (count: 347)
Adapter sequence: 'AGATCGGAAGAGC' (Illumina TruSeq, Sanger iPCR; auto-detected)
Maximum trimming error rate: 0.1 (default)
Minimum required adapter overlap (stringency): 1 bp
Minimum required sequence length for both reads before a sequence pair gets removed: 20 bp
Running FastQC on the data once trimming has completed
Output file will be GZIP compressed


This is cutadapt 4.4 with Python 3.7.16
Command line parameters: -j 4 -e 0.1 -q 20 -O 1 -a AGATCGGAAGAGC SRX6700164_1.fastq.gz
Processing single-end reads on 4 cores ...
Finished in 351.760 s (8.440 µs/read; 7.11 M reads/minute).

=== Summary ===

Total reads processed:              41,675,613
Reads with adapters:                20,320,359 (48.8%)
Reads written (passing filters):    41,675,613 (100.0%)

Total basepairs processed: 5,251,127,238 bp
Quality-trimmed:              68,335,895 bp (1.3%)
Total written (filtered):  4,984,593,139 bp (94.9%)

=== Adapter 1 ===

Sequence: AGATCGGAAGAGC; Type: regular 3'; Length: 13; Trimmed: 20320359 times

Minimum overlap: 1
No. of allowed errors:
1-9 bp: 0; 10-13 bp: 1

Bases preceding removed adapters:
  A: 25.8%
  C: 27.0%
  G: 30.9%
  T: 16.2%
  none/other: 0.0%

Overview of removed sequences
length	count	expect	max.err	error counts
1	8604257	10418903.2	0	8604257
2	1704810	2604725.8	0	1704810
3	966062	651181.5	0	966062
4	351885	162795.4	0	351885
5	357219	40698.8	0	357219
6	350619	10174.7	0	350619
7	341159	2543.7	0	341159
8	301012	635.9	0	301012
9	416369	159.0	0	415563 806
10	232353	39.7	1	226768 5585
11	304789	9.9	1	297615 7174
12	297295	2.5	1	290909 6386
13	311241	0.6	1	303989 7252
14	278757	0.6	1	271690 7067
15	282213	0.6	1	274637 7576
16	285076	0.6	1	275974 9102
17	304574	0.6	1	293958 10616
18	271117	0.6	1	263760 7357
19	253708	0.6	1	247300 6408
20	267924	0.6	1	260728 7196
21	221785	0.6	1	216523 5262
22	209690	0.6	1	204660 5030
23	229915	0.6	1	224357 5558
24	256084	0.6	1	248893 7191
25	267438	0.6	1	259760 7678
26	129528	0.6	1	125848 3680
27	198789	0.6	1	193403 5386
28	210487	0.6	1	205102 5385
29	157518	0.6	1	153148 4370
30	149830	0.6	1	146116 3714
31	155751	0.6	1	152122 3629
32	159946	0.6	1	156506 3440
33	99022	0.6	1	96267 2755
34	126901	0.6	1	123546 3355
35	125594	0.6	1	122338 3256
36	132412	0.6	1	129205 3207
37	81896	0.6	1	80143 1753
38	81501	0.6	1	79774 1727
39	89602	0.6	1	87723 1879
40	82920	0.6	1	81187 1733
41	93627	0.6	1	91645 1982
42	97875	0.6	1	95853 2022
43	125046	0.6	1	122944 2102
44	12016	0.6	1	11615 401
45	13175	0.6	1	12829 346
46	7919	0.6	1	7676 243
47	29308	0.6	1	28813 495
48	24465	0.6	1	24076 389
49	30863	0.6	1	30362 501
50	23629	0.6	1	23315 314
51	25044	0.6	1	24575 469
52	18629	0.6	1	18325 304
53	20657	0.6	1	20310 347
54	21185	0.6	1	20820 365
55	15829	0.6	1	15575 254
56	10065	0.6	1	9835 230
57	15230	0.6	1	14871 359
58	9564	0.6	1	9105 459
59	8949	0.6	1	8746 203
60	8662	0.6	1	8506 156
61	6595	0.6	1	6496 99
62	4759	0.6	1	4684 75
63	7642	0.6	1	7522 120
64	4142	0.6	1	4076 66
65	4394	0.6	1	4301 93
66	3310	0.6	1	3234 76
67	2935	0.6	1	2867 68
68	2886	0.6	1	2832 54
69	2599	0.6	1	2563 36
70	2449	0.6	1	2411 38
71	2155	0.6	1	2111 44
72	1878	0.6	1	1842 36
73	1875	0.6	1	1813 62
74	1848	0.6	1	1740 108
75	2466	0.6	1	2094 372
76	3899	0.6	1	3765 134
77	1138	0.6	1	1097 41
78	340	0.6	1	285 55
79	177	0.6	1	125 52
80	196	0.6	1	78 118
81	62	0.6	1	40 22
82	34	0.6	1	27 7
83	27	0.6	1	19 8
84	30	0.6	1	17 13
85	23	0.6	1	11 12
86	36	0.6	1	10 26
87	39	0.6	1	6 33
88	25	0.6	1	1 24
89	37	0.6	1	3 34
90	29	0.6	1	1 28
91	122	0.6	1	2 120
92	106	0.6	1	3 103
93	119	0.6	1	0 119
94	195	0.6	1	0 195
95	220	0.6	1	0 220
96	29	0.6	1	0 29
97	21	0.6	1	0 21
98	36	0.6	1	0 36
99	104	0.6	1	0 104
100	235	0.6	1	0 235
101	11	0.6	1	0 11
102	14	0.6	1	0 14
103	7	0.6	1	0 7
104	24	0.6	1	1 23
105	23	0.6	1	0 23
106	14	0.6	1	0 14
107	13	0.6	1	1 12
108	3	0.6	1	0 3
109	3	0.6	1	0 3
110	2	0.6	1	0 2
111	15	0.6	1	0 15
112	13	0.6	1	0 13
113	15	0.6	1	0 15
114	22	0.6	1	0 22
115	21	0.6	1	0 21
116	19	0.6	1	0 19
117	29	0.6	1	0 29
118	15	0.6	1	0 15
119	18	0.6	1	0 18
120	20	0.6	1	0 20
121	35	0.6	1	0 35
122	9	0.6	1	0 9
123	13	0.6	1	0 13
124	1	0.6	1	0 1
126	3	0.6	1	1 2

RUN STATISTICS FOR INPUT FILE: SRX6700164_1.fastq.gz
=============================================
41675613 sequences processed in total

