
SUMMARISING RUN PARAMETERS
==========================
Input filename: SRX6922016_1.fastq.gz
Trimming mode: paired-end
Trim Galore version: 0.6.10
Cutadapt version: 4.4
Python version: could not detect
Number of cores used for trimming: 4
Quality Phred score cutoff: 20
Quality encoding type selected: ASCII+33
Using Illumina adapter for trimming (count: 26371). Second best hit was smallRNA (count: 0)
Adapter sequence: 'AGATCGGAAGAGC' (Illumina TruSeq, Sanger iPCR; auto-detected)
Maximum trimming error rate: 0.1 (default)
Minimum required adapter overlap (stringency): 1 bp
Minimum required sequence length for both reads before a sequence pair gets removed: 20 bp
Running FastQC on the data once trimming has completed
Output file will be GZIP compressed


This is cutadapt 4.4 with Python 3.7.16
Command line parameters: -j 4 -e 0.1 -q 20 -O 1 -a AGATCGGAAGAGC SRX6922016_1.fastq.gz
Processing single-end reads on 4 cores ...
Finished in 61.219 s (10.499 µs/read; 5.71 M reads/minute).

=== Summary ===

Total reads processed:               5,830,798
Reads with adapters:                 2,016,147 (34.6%)
Reads written (passing filters):     5,830,798 (100.0%)

Total basepairs processed:   874,619,700 bp
Quality-trimmed:               2,792,522 bp (0.3%)
Total written (filtered):    862,629,130 bp (98.6%)

=== Adapter 1 ===

Sequence: AGATCGGAAGAGC; Type: regular 3'; Length: 13; Trimmed: 2016147 times

Minimum overlap: 1
No. of allowed errors:
1-9 bp: 0; 10-13 bp: 1

Bases preceding removed adapters:
  A: 29.8%
  C: 29.9%
  G: 25.1%
  T: 15.1%
  none/other: 0.0%

Overview of removed sequences
length	count	expect	max.err	error counts
1	1346526	1457699.5	0	1346526
2	334893	364424.9	0	334893
3	92723	91106.2	0	92723
4	26824	22776.6	0	26824
5	13507	5694.1	0	13507
6	7221	1423.5	0	7221
7	6080	355.9	0	6080
8	5720	89.0	0	5720
9	5322	22.2	0	5245 77
10	5960	5.6	1	5591 369
11	5463	1.4	1	5190 273
12	5209	0.3	1	4978 231
13	5298	0.1	1	4970 328
14	5057	0.1	1	4906 151
15	4661	0.1	1	4490 171
16	5080	0.1	1	4892 188
17	4757	0.1	1	4584 173
18	5303	0.1	1	5076 227
19	4399	0.1	1	4245 154
20	4388	0.1	1	4229 159
21	4314	0.1	1	4161 153
22	4087	0.1	1	3943 144
23	4108	0.1	1	3968 140
24	3691	0.1	1	3587 104
25	3741	0.1	1	3630 111
26	3617	0.1	1	3513 104
27	3576	0.1	1	3468 108
28	3524	0.1	1	3429 95
29	3309	0.1	1	3187 122
30	3234	0.1	1	3126 108
31	2892	0.1	1	2815 77
32	2893	0.1	1	2800 93
33	2833	0.1	1	2753 80
34	2881	0.1	1	2787 94
35	2709	0.1	1	2633 76
36	2518	0.1	1	2428 90
37	2304	0.1	1	2239 65
38	2138	0.1	1	2089 49
39	2049	0.1	1	2006 43
40	2065	0.1	1	2003 62
41	2214	0.1	1	2145 69
42	2118	0.1	1	2044 74
43	1975	0.1	1	1912 63
44	1416	0.1	1	1374 42
45	2289	0.1	1	2236 53
46	836	0.1	1	820 16
47	1211	0.1	1	1167 44
48	1246	0.1	1	1207 39
49	1203	0.1	1	1162 41
50	1121	0.1	1	1076 45
51	1042	0.1	1	1003 39
52	910	0.1	1	885 25
53	964	0.1	1	927 37
54	942	0.1	1	903 39
55	990	0.1	1	940 50
56	756	0.1	1	734 22
57	795	0.1	1	765 30
58	635	0.1	1	615 20
59	589	0.1	1	557 32
60	577	0.1	1	554 23
61	509	0.1	1	492 17
62	540	0.1	1	518 22
63	911	0.1	1	865 46
64	695	0.1	1	672 23
65	456	0.1	1	446 10
66	838	0.1	1	803 35
67	682	0.1	1	662 20
68	839	0.1	1	814 25
69	1214	0.1	1	1176 38
70	1644	0.1	1	1598 46
71	2518	0.1	1	2364 154
72	11874	0.1	1	11700 174
73	2942	0.1	1	2898 44
74	876	0.1	1	858 18
75	438	0.1	1	407 31
76	335	0.1	1	320 15
77	348	0.1	1	327 21
78	296	0.1	1	285 11
79	253	0.1	1	248 5
80	251	0.1	1	237 14
81	325	0.1	1	315 10
82	339	0.1	1	324 15
83	398	0.1	1	387 11
84	451	0.1	1	441 10
85	243	0.1	1	236 7
86	257	0.1	1	246 11
87	395	0.1	1	384 11
88	389	0.1	1	367 22
89	176	0.1	1	169 7
90	75	0.1	1	72 3
91	59	0.1	1	52 7
92	74	0.1	1	65 9
93	88	0.1	1	81 7
94	45	0.1	1	41 4
95	35	0.1	1	33 2
96	38	0.1	1	37 1
97	44	0.1	1	43 1
98	32	0.1	1	32
99	38	0.1	1	36 2
100	39	0.1	1	33 6
101	29	0.1	1	27 2
102	45	0.1	1	37 8
103	48	0.1	1	40 8
104	46	0.1	1	42 4
105	45	0.1	1	44 1
106	49	0.1	1	46 3
107	40	0.1	1	37 3
108	31	0.1	1	30 1
109	47	0.1	1	38 9
110	37	0.1	1	32 5
111	52	0.1	1	45 7
112	43	0.1	1	31 12
113	45	0.1	1	43 2
114	40	0.1	1	38 2
115	39	0.1	1	36 3
116	75	0.1	1	66 9
117	41	0.1	1	37 4
118	69	0.1	1	56 13
119	78	0.1	1	72 6
120	62	0.1	1	55 7
121	40	0.1	1	34 6
122	84	0.1	1	73 11
123	76	0.1	1	67 9
124	72	0.1	1	63 9
125	112	0.1	1	109 3
126	252	0.1	1	240 12
127	433	0.1	1	413 20
128	391	0.1	1	379 12
129	158	0.1	1	148 10
130	85	0.1	1	81 4
131	80	0.1	1	67 13
132	80	0.1	1	74 6
133	82	0.1	1	78 4
134	40	0.1	1	38 2
135	64	0.1	1	60 4
136	56	0.1	1	49 7
137	71	0.1	1	61 10
138	47	0.1	1	44 3
139	41	0.1	1	30 11
140	31	0.1	1	24 7
141	33	0.1	1	16 17
142	9	0.1	1	9
143	12	0.1	1	7 5
144	12	0.1	1	1 11
145	7	0.1	1	4 3
146	9	0.1	1	2 7
147	10	0.1	1	4 6
148	5	0.1	1	4 1
149	10	0.1	1	9 1
150	82	0.1	1	53 29

RUN STATISTICS FOR INPUT FILE: SRX6922016_1.fastq.gz
=============================================
5830798 sequences processed in total

