
SUMMARISING RUN PARAMETERS
==========================
Input filename: SRX6700170_1.fastq.gz
Trimming mode: paired-end
Trim Galore version: 0.6.10
Cutadapt version: 4.4
Python version: could not detect
Number of cores used for trimming: 4
Quality Phred score cutoff: 20
Quality encoding type selected: ASCII+33
Using Illumina adapter for trimming (count: 133845). Second best hit was Nextera (count: 151)
Adapter sequence: 'AGATCGGAAGAGC' (Illumina TruSeq, Sanger iPCR; auto-detected)
Maximum trimming error rate: 0.1 (default)
Minimum required adapter overlap (stringency): 1 bp
Minimum required sequence length for both reads before a sequence pair gets removed: 20 bp
Running FastQC on the data once trimming has completed
Output file will be GZIP compressed


This is cutadapt 4.4 with Python 3.7.16
Command line parameters: -j 4 -e 0.1 -q 20 -O 1 -a AGATCGGAAGAGC SRX6700170_1.fastq.gz
Processing single-end reads on 4 cores ...
Finished in 336.199 s (8.156 µs/read; 7.36 M reads/minute).

=== Summary ===

Total reads processed:              41,221,985
Reads with adapters:                19,532,692 (47.4%)
Reads written (passing filters):    41,221,985 (100.0%)

Total basepairs processed: 5,193,970,110 bp
Quality-trimmed:              65,342,088 bp (1.3%)
Total written (filtered):  4,952,006,986 bp (95.3%)

=== Adapter 1 ===

Sequence: AGATCGGAAGAGC; Type: regular 3'; Length: 13; Trimmed: 19532692 times

Minimum overlap: 1
No. of allowed errors:
1-9 bp: 0; 10-13 bp: 1

Bases preceding removed adapters:
  A: 26.5%
  C: 27.1%
  G: 28.8%
  T: 17.6%
  none/other: 0.0%

Overview of removed sequences
length	count	expect	max.err	error counts
1	8606575	10305496.2	0	8606575
2	1632499	2576374.1	0	1632499
3	958065	644093.5	0	958065
4	353381	161023.4	0	353381
5	339435	40255.8	0	339435
6	335311	10064.0	0	335311
7	326892	2516.0	0	326892
8	301982	629.0	0	301982
9	403991	157.2	0	403492 499
10	228456	39.3	1	223638 4818
11	302371	9.8	1	296158 6213
12	291118	2.5	1	285669 5449
13	299065	0.6	1	292962 6103
14	271196	0.6	1	265067 6129
15	264938	0.6	1	258986 5952
16	255301	0.6	1	248428 6873
17	294804	0.6	1	286025 8779
18	236625	0.6	1	231299 5326
19	245464	0.6	1	240149 5315
20	240758	0.6	1	235113 5645
21	226337	0.6	1	221575 4762
22	192400	0.6	1	188349 4051
23	208997	0.6	1	204831 4166
24	241980	0.6	1	236150 5830
25	244297	0.6	1	238178 6119
26	114076	0.6	1	111442 2634
27	181900	0.6	1	177708 4192
28	186945	0.6	1	182687 4258
29	145745	0.6	1	142052 3693
30	120121	0.6	1	117550 2571
31	145727	0.6	1	142673 3054
32	158197	0.6	1	155190 3007
33	75668	0.6	1	73781 1887
34	119404	0.6	1	116712 2692
35	89347	0.6	1	87566 1781
36	103438	0.6	1	101388 2050
37	60819	0.6	1	59593 1226
38	77045	0.6	1	75517 1528
39	75189	0.6	1	73812 1377
40	75295	0.6	1	73899 1396
41	58004	0.6	1	56858 1146
42	65314	0.6	1	64079 1235
43	128792	0.6	1	126831 1961
44	11075	0.6	1	10739 336
45	7729	0.6	1	7546 183
46	6476	0.6	1	6330 146
47	18887	0.6	1	18622 265
48	19248	0.6	1	18969 279
49	19698	0.6	1	19409 289
50	19425	0.6	1	19202 223
51	17245	0.6	1	16968 277
52	14570	0.6	1	14369 201
53	15134	0.6	1	14896 238
54	13814	0.6	1	13596 218
55	11508	0.6	1	11320 188
56	7993	0.6	1	7850 143
57	9476	0.6	1	9263 213
58	6669	0.6	1	6433 236
59	6559	0.6	1	6449 110
60	5137	0.6	1	5050 87
61	4486	0.6	1	4423 63
62	3602	0.6	1	3533 69
63	5041	0.6	1	4964 77
64	3018	0.6	1	2971 47
65	3140	0.6	1	3096 44
66	2329	0.6	1	2270 59
67	1988	0.6	1	1957 31
68	1834	0.6	1	1818 16
69	1583	0.6	1	1558 25
70	1329	0.6	1	1315 14
71	1132	0.6	1	1112 20
72	1039	0.6	1	1005 34
73	1051	0.6	1	1016 35
74	972	0.6	1	895 77
75	1429	0.6	1	1047 382
76	2231	0.6	1	2098 133
77	870	0.6	1	831 39
78	347	0.6	1	312 35
79	152	0.6	1	121 31
80	125	0.6	1	68 57
81	58	0.6	1	43 15
82	27	0.6	1	20 7
83	31	0.6	1	24 7
84	25	0.6	1	13 12
85	22	0.6	1	5 17
86	24	0.6	1	11 13
87	31	0.6	1	5 26
88	15	0.6	1	9 6
89	14	0.6	1	0 14
90	24	0.6	1	1 23
91	62	0.6	1	1 61
92	59	0.6	1	1 58
93	56	0.6	1	2 54
94	120	0.6	1	0 120
95	110	0.6	1	0 110
96	20	0.6	1	0 20
97	10	0.6	1	0 10
98	17	0.6	1	0 17
99	41	0.6	1	0 41
100	74	0.6	1	0 74
101	13	0.6	1	0 13
102	6	0.6	1	0 6
103	9	0.6	1	0 9
104	16	0.6	1	1 15
105	5	0.6	1	0 5
106	7	0.6	1	0 7
107	5	0.6	1	1 4
108	1	0.6	1	0 1
109	1	0.6	1	0 1
110	1	0.6	1	0 1
111	5	0.6	1	0 5
112	9	0.6	1	0 9
113	9	0.6	1	0 9
114	10	0.6	1	0 10
115	14	0.6	1	0 14
116	18	0.6	1	0 18
117	24	0.6	1	0 24
118	11	0.6	1	0 11
119	16	0.6	1	0 16
120	20	0.6	1	2 18
121	24	0.6	1	0 24
122	10	0.6	1	0 10
123	5	0.6	1	0 5
124	3	0.6	1	0 3
125	3	0.6	1	0 3
126	2	0.6	1	0 2

RUN STATISTICS FOR INPUT FILE: SRX6700170_1.fastq.gz
=============================================
41221985 sequences processed in total

