
SUMMARISING RUN PARAMETERS
==========================
Input filename: SRX6922027_1.fastq.gz
Trimming mode: paired-end
Trim Galore version: 0.6.10
Cutadapt version: 4.4
Python version: could not detect
Number of cores used for trimming: 4
Quality Phred score cutoff: 20
Quality encoding type selected: ASCII+33
Using Illumina adapter for trimming (count: 21704). Second best hit was smallRNA (count: 1)
Adapter sequence: 'AGATCGGAAGAGC' (Illumina TruSeq, Sanger iPCR; auto-detected)
Maximum trimming error rate: 0.1 (default)
Minimum required adapter overlap (stringency): 1 bp
Minimum required sequence length for both reads before a sequence pair gets removed: 20 bp
Running FastQC on the data once trimming has completed
Output file will be GZIP compressed


This is cutadapt 4.4 with Python 3.7.16
Command line parameters: -j 4 -e 0.1 -q 20 -O 1 -a AGATCGGAAGAGC SRX6922027_1.fastq.gz
Processing single-end reads on 4 cores ...
Finished in 142.261 s (11.858 µs/read; 5.06 M reads/minute).

=== Summary ===

Total reads processed:              11,997,303
Reads with adapters:                 3,514,262 (29.3%)
Reads written (passing filters):    11,997,303 (100.0%)

Total basepairs processed: 1,799,595,450 bp
Quality-trimmed:              12,222,927 bp (0.7%)
Total written (filtered):  1,773,133,672 bp (98.5%)

=== Adapter 1 ===

Sequence: AGATCGGAAGAGC; Type: regular 3'; Length: 13; Trimmed: 3514262 times

Minimum overlap: 1
No. of allowed errors:
1-9 bp: 0; 10-13 bp: 1

Bases preceding removed adapters:
  A: 28.8%
  C: 32.6%
  G: 20.9%
  T: 17.7%
  none/other: 0.0%

Overview of removed sequences
length	count	expect	max.err	error counts
1	2255176	2999325.8	0	2255176
2	664267	749831.4	0	664267
3	147891	187457.9	0	147891
4	54008	46864.5	0	54008
5	26107	11716.1	0	26107
6	16239	2929.0	0	16239
7	16363	732.3	0	16363
8	10851	183.1	0	10851
9	8149	45.8	0	8001 148
10	12416	11.4	1	11197 1219
11	9122	2.9	1	8355 767
12	10601	0.7	1	9631 970
13	11800	0.2	1	10479 1321
14	8934	0.2	1	8350 584
15	9716	0.2	1	8822 894
16	8663	0.2	1	8093 570
17	9587	0.2	1	8780 807
18	9387	0.2	1	8563 824
19	9008	0.2	1	8300 708
20	8662	0.2	1	7951 711
21	9282	0.2	1	8379 903
22	11501	0.2	1	10301 1200
23	7091	0.2	1	6681 410
24	6576	0.2	1	6221 355
25	7513	0.2	1	6912 601
26	7248	0.2	1	6696 552
27	7450	0.2	1	6871 579
28	8479	0.2	1	7588 891
29	6504	0.2	1	6134 370
30	6966	0.2	1	6472 494
31	6877	0.2	1	6371 506
32	7882	0.2	1	7220 662
33	5106	0.2	1	4818 288
34	6608	0.2	1	6133 475
35	4614	0.2	1	4392 222
36	5330	0.2	1	4955 375
37	5325	0.2	1	4961 364
38	5150	0.2	1	4743 407
39	6246	0.2	1	5680 566
40	3927	0.2	1	3736 191
41	3350	0.2	1	3224 126
42	3755	0.2	1	3545 210
43	5018	0.2	1	4710 308
44	2676	0.2	1	2519 157
45	3347	0.2	1	3175 172
46	3180	0.2	1	3025 155
47	3645	0.2	1	3443 202
48	2371	0.2	1	2273 98
49	2668	0.2	1	2550 118
50	2620	0.2	1	2517 103
51	2526	0.2	1	2409 117
52	2495	0.2	1	2366 129
53	2265	0.2	1	2146 119
54	2011	0.2	1	1928 83
55	1790	0.2	1	1718 72
56	1829	0.2	1	1745 84
57	1737	0.2	1	1663 74
58	1760	0.2	1	1666 94
59	1580	0.2	1	1502 78
60	1317	0.2	1	1242 75
61	1483	0.2	1	1376 107
62	1436	0.2	1	1362 74
63	1350	0.2	1	1249 101
64	2781	0.2	1	2647 134
65	1482	0.2	1	1416 66
66	985	0.2	1	939 46
67	1011	0.2	1	969 42
68	991	0.2	1	938 53
69	1368	0.2	1	1031 337
70	3333	0.2	1	3183 150
71	719	0.2	1	686 33
72	228	0.2	1	203 25
73	155	0.2	1	127 28
74	113	0.2	1	95 18
75	102	0.2	1	81 21
76	112	0.2	1	88 24
77	87	0.2	1	72 15
78	91	0.2	1	83 8
79	57	0.2	1	52 5
80	68	0.2	1	59 9
81	81	0.2	1	55 26
82	81	0.2	1	54 27
83	69	0.2	1	54 15
84	47	0.2	1	37 10
85	44	0.2	1	31 13
86	39	0.2	1	34 5
87	43	0.2	1	37 6
88	44	0.2	1	29 15
89	45	0.2	1	28 17
90	48	0.2	1	30 18
91	37	0.2	1	28 9
92	28	0.2	1	21 7
93	26	0.2	1	19 7
94	18	0.2	1	16 2
95	36	0.2	1	17 19
96	27	0.2	1	18 9
97	28	0.2	1	19 9
98	20	0.2	1	15 5
99	18	0.2	1	11 7
100	27	0.2	1	23 4
101	21	0.2	1	14 7
102	21	0.2	1	11 10
103	30	0.2	1	14 16
104	34	0.2	1	8 26
105	19	0.2	1	9 10
106	11	0.2	1	10 1
107	18	0.2	1	11 7
108	14	0.2	1	11 3
109	26	0.2	1	12 14
110	30	0.2	1	19 11
111	19	0.2	1	13 6
112	44	0.2	1	6 38
113	16	0.2	1	7 9
114	32	0.2	1	10 22
115	19	0.2	1	12 7
116	26	0.2	1	8 18
117	17	0.2	1	15 2
118	21	0.2	1	6 15
119	28	0.2	1	9 19
120	17	0.2	1	8 9
121	18	0.2	1	11 7
122	22	0.2	1	3 19
123	20	0.2	1	8 12
124	29	0.2	1	3 26
125	17	0.2	1	6 11
126	10	0.2	1	3 7
127	8	0.2	1	2 6
128	16	0.2	1	3 13
129	21	0.2	1	1 20
130	13	0.2	1	0 13
131	13	0.2	1	1 12
132	10	0.2	1	2 8
133	4	0.2	1	0 4
134	5	0.2	1	0 5
135	6	0.2	1	1 5
136	11	0.2	1	3 8
137	18	0.2	1	0 18
138	7	0.2	1	3 4
139	12	0.2	1	0 12
140	15	0.2	1	0 15
141	26	0.2	1	0 26
142	8	0.2	1	0 8
143	10	0.2	1	1 9
144	12	0.2	1	1 11
145	10	0.2	1	1 9
146	17	0.2	1	1 16
147	9	0.2	1	3 6
148	2	0.2	1	0 2
149	12	0.2	1	0 12
150	98	0.2	1	1 97

RUN STATISTICS FOR INPUT FILE: SRX6922027_1.fastq.gz
=============================================
11997303 sequences processed in total

