
SUMMARISING RUN PARAMETERS
==========================
Input filename: SRX6700173_1.fastq.gz
Trimming mode: paired-end
Trim Galore version: 0.6.10
Cutadapt version: 4.4
Python version: could not detect
Number of cores used for trimming: 4
Quality Phred score cutoff: 20
Quality encoding type selected: ASCII+33
Using Illumina adapter for trimming (count: 100740). Second best hit was Nextera (count: 100)
Adapter sequence: 'AGATCGGAAGAGC' (Illumina TruSeq, Sanger iPCR; auto-detected)
Maximum trimming error rate: 0.1 (default)
Minimum required adapter overlap (stringency): 1 bp
Minimum required sequence length for both reads before a sequence pair gets removed: 20 bp
Running FastQC on the data once trimming has completed
Output file will be GZIP compressed


This is cutadapt 4.4 with Python 3.7.16
Command line parameters: -j 4 -e 0.1 -q 20 -O 1 -a AGATCGGAAGAGC SRX6700173_1.fastq.gz
Processing single-end reads on 4 cores ...
Finished in 311.106 s (8.835 µs/read; 6.79 M reads/minute).

=== Summary ===

Total reads processed:              35,211,323
Reads with adapters:                15,029,073 (42.7%)
Reads written (passing filters):    35,211,323 (100.0%)

Total basepairs processed: 4,436,626,698 bp
Quality-trimmed:              57,552,106 bp (1.3%)
Total written (filtered):  4,262,818,364 bp (96.1%)

=== Adapter 1 ===

Sequence: AGATCGGAAGAGC; Type: regular 3'; Length: 13; Trimmed: 15029073 times

Minimum overlap: 1
No. of allowed errors:
1-9 bp: 0; 10-13 bp: 1

Bases preceding removed adapters:
  A: 27.8%
  C: 28.5%
  G: 25.6%
  T: 18.1%
  none/other: 0.0%

Overview of removed sequences
length	count	expect	max.err	error counts
1	7021516	8802830.8	0	7021516
2	1589239	2200707.7	0	1589239
3	720688	550176.9	0	720688
4	301219	137544.2	0	301219
5	264374	34386.1	0	264374
6	261546	8596.5	0	261546
7	280796	2149.1	0	280796
8	213713	537.3	0	213713
9	258844	134.3	0	258201 643
10	218881	33.6	1	213771 5110
11	172012	8.4	1	168042 3970
12	225043	2.1	1	220609 4434
13	217123	0.5	1	212531 4592
14	174363	0.5	1	170440 3923
15	198726	0.5	1	194020 4706
16	168472	0.5	1	164201 4271
17	197086	0.5	1	191271 5815
18	195452	0.5	1	190703 4749
19	148056	0.5	1	144712 3344
20	189145	0.5	1	184405 4740
21	123225	0.5	1	120298 2927
22	140301	0.5	1	136905 3396
23	132662	0.5	1	129619 3043
24	136972	0.5	1	133481 3491
25	155341	0.5	1	151557 3784
26	71273	0.5	1	69473 1800
27	110880	0.5	1	107998 2882
28	127301	0.5	1	124034 3267
29	76926	0.5	1	74835 2091
30	91252	0.5	1	89079 2173
31	76084	0.5	1	74246 1838
32	93790	0.5	1	91728 2062
33	45245	0.5	1	44187 1058
34	64813	0.5	1	63441 1372
35	52755	0.5	1	51722 1033
36	58185	0.5	1	56907 1278
37	49773	0.5	1	48652 1121
38	42398	0.5	1	41563 835
39	43827	0.5	1	43032 795
40	44305	0.5	1	43463 842
41	67278	0.5	1	66251 1027
42	10616	0.5	1	10368 248
43	13985	0.5	1	13692 293
44	10272	0.5	1	10096 176
45	17858	0.5	1	17577 281
46	16385	0.5	1	16132 253
47	16886	0.5	1	16574 312
48	12296	0.5	1	12078 218
49	13199	0.5	1	12947 252
50	10547	0.5	1	10353 194
51	10785	0.5	1	10536 249
52	10478	0.5	1	10273 205
53	9354	0.5	1	9176 178
54	4991	0.5	1	4867 124
55	7422	0.5	1	7289 133
56	4545	0.5	1	4461 84
57	4393	0.5	1	4269 124
58	4064	0.5	1	3934 130
59	2941	0.5	1	2859 82
60	2494	0.5	1	2403 91
61	3556	0.5	1	3474 82
62	2340	0.5	1	2293 47
63	2394	0.5	1	2340 54
64	1894	0.5	1	1841 53
65	1594	0.5	1	1508 86
66	1441	0.5	1	1353 88
67	1253	0.5	1	1197 56
68	1055	0.5	1	1018 37
69	936	0.5	1	891 45
70	756	0.5	1	715 41
71	734	0.5	1	685 49
72	817	0.5	1	674 143
73	1419	0.5	1	756 663
74	1975	0.5	1	1809 166
75	666	0.5	1	611 55
76	177	0.5	1	141 36
77	98	0.5	1	60 38
78	59	0.5	1	21 38
79	53	0.5	1	9 44
80	55	0.5	1	7 48
81	27	0.5	1	5 22
82	15	0.5	1	4 11
83	16	0.5	1	3 13
84	14	0.5	1	2 12
85	18	0.5	1	0 18
86	30	0.5	1	1 29
87	51	0.5	1	1 50
88	18	0.5	1	0 18
89	35	0.5	1	0 35
90	19	0.5	1	1 18
91	68	0.5	1	1 67
92	66	0.5	1	0 66
93	42	0.5	1	0 42
94	73	0.5	1	0 73
95	102	0.5	1	1 101
96	29	0.5	1	0 29
97	20	0.5	1	0 20
98	36	0.5	1	1 35
99	52	0.5	1	0 52
100	46	0.5	1	0 46
101	15	0.5	1	1 14
102	12	0.5	1	0 12
103	29	0.5	1	0 29
104	40	0.5	1	1 39
105	26	0.5	1	0 26
106	21	0.5	1	0 21
107	13	0.5	1	0 13
108	8	0.5	1	0 8
109	9	0.5	1	0 9
110	11	0.5	1	0 11
111	15	0.5	1	0 15
112	23	0.5	1	0 23
113	18	0.5	1	0 18
114	40	0.5	1	0 40
115	78	0.5	1	0 78
116	48	0.5	1	0 48
117	79	0.5	1	1 78
118	22	0.5	1	0 22
119	29	0.5	1	0 29
120	20	0.5	1	0 20
121	29	0.5	1	0 29
122	30	0.5	1	0 30
123	10	0.5	1	0 10
124	4	0.5	1	0 4
125	2	0.5	1	0 2
126	2	0.5	1	0 2

RUN STATISTICS FOR INPUT FILE: SRX6700173_1.fastq.gz
=============================================
35211323 sequences processed in total

