
SUMMARISING RUN PARAMETERS
==========================
Input filename: SRX6700172_1.fastq.gz
Trimming mode: paired-end
Trim Galore version: 0.6.10
Cutadapt version: 4.4
Python version: could not detect
Number of cores used for trimming: 4
Quality Phred score cutoff: 20
Quality encoding type selected: ASCII+33
Using Illumina adapter for trimming (count: 111175). Second best hit was Nextera (count: 108)
Adapter sequence: 'AGATCGGAAGAGC' (Illumina TruSeq, Sanger iPCR; auto-detected)
Maximum trimming error rate: 0.1 (default)
Minimum required adapter overlap (stringency): 1 bp
Minimum required sequence length for both reads before a sequence pair gets removed: 20 bp
Running FastQC on the data once trimming has completed
Output file will be GZIP compressed


This is cutadapt 4.4 with Python 3.7.16
Command line parameters: -j 4 -e 0.1 -q 20 -O 1 -a AGATCGGAAGAGC SRX6700172_1.fastq.gz
Processing single-end reads on 4 cores ...
Finished in 344.983 s (8.536 µs/read; 7.03 M reads/minute).

=== Summary ===

Total reads processed:              40,413,883
Reads with adapters:                17,905,714 (44.3%)
Reads written (passing filters):    40,413,883 (100.0%)

Total basepairs processed: 5,092,149,258 bp
Quality-trimmed:              63,116,606 bp (1.2%)
Total written (filtered):  4,883,704,919 bp (95.9%)

=== Adapter 1 ===

Sequence: AGATCGGAAGAGC; Type: regular 3'; Length: 13; Trimmed: 17905714 times

Minimum overlap: 1
No. of allowed errors:
1-9 bp: 0; 10-13 bp: 1

Bases preceding removed adapters:
  A: 26.5%
  C: 28.0%
  G: 27.8%
  T: 17.7%
  none/other: 0.0%

Overview of removed sequences
length	count	expect	max.err	error counts
1	8053494	10103470.8	0	8053494
2	1764329	2525867.7	0	1764329
3	870507	631466.9	0	870507
4	364201	157866.7	0	364201
5	332082	39466.7	0	332082
6	325183	9866.7	0	325183
7	340103	2466.7	0	340103
8	274851	616.7	0	274851
9	346114	154.2	0	345370 744
10	260357	38.5	1	254232 6125
11	234894	9.6	1	229640 5254
12	282658	2.4	1	277068 5590
13	277673	0.6	1	271385 6288
14	228858	0.6	1	223531 5327
15	240268	0.6	1	234227 6041
16	236659	0.6	1	230415 6244
17	254676	0.6	1	246869 7807
18	254851	0.6	1	248303 6548
19	182836	0.6	1	178572 4264
20	237813	0.6	1	231973 5840
21	161342	0.6	1	157582 3760
22	173947	0.6	1	170015 3932
23	170171	0.6	1	166374 3797
24	179201	0.6	1	174924 4277
25	191704	0.6	1	187013 4691
26	96692	0.6	1	94226 2466
27	140260	0.6	1	136698 3562
28	153976	0.6	1	150084 3892
29	107976	0.6	1	105235 2741
30	99551	0.6	1	97326 2225
31	116849	0.6	1	113985 2864
32	123499	0.6	1	120623 2876
33	52026	0.6	1	50548 1478
34	107974	0.6	1	105455 2519
35	44490	0.6	1	43554 936
36	71579	0.6	1	69926 1653
37	79880	0.6	1	78133 1747
38	48618	0.6	1	47583 1035
39	68921	0.6	1	67714 1207
40	31938	0.6	1	31287 651
41	81904	0.6	1	80647 1257
42	10299	0.6	1	10042 257
43	18320	0.6	1	17940 380
44	10263	0.6	1	10014 249
45	22506	0.6	1	22117 389
46	17914	0.6	1	17609 305
47	20010	0.6	1	19679 331
48	15218	0.6	1	14986 232
49	16167	0.6	1	15886 281
50	11904	0.6	1	11698 206
51	12746	0.6	1	12489 257
52	13014	0.6	1	12802 212
53	10103	0.6	1	9913 190
54	5745	0.6	1	5644 101
55	8680	0.6	1	8518 162
56	5207	0.6	1	5106 101
57	4954	0.6	1	4824 130
58	4674	0.6	1	4501 173
59	3677	0.6	1	3582 95
60	2797	0.6	1	2724 73
61	3836	0.6	1	3764 72
62	2518	0.6	1	2467 51
63	2715	0.6	1	2663 52
64	1887	0.6	1	1838 49
65	1675	0.6	1	1586 89
66	1569	0.6	1	1486 83
67	1420	0.6	1	1351 69
68	1248	0.6	1	1209 39
69	1117	0.6	1	1092 25
70	985	0.6	1	957 28
71	921	0.6	1	886 35
72	896	0.6	1	855 41
73	1130	0.6	1	930 200
74	1960	0.6	1	1873 87
75	818	0.6	1	778 40
76	265	0.6	1	235 30
77	134	0.6	1	99 35
78	90	0.6	1	44 46
79	66	0.6	1	22 44
80	72	0.6	1	10 62
81	23	0.6	1	13 10
82	11	0.6	1	3 8
83	12	0.6	1	5 7
84	16	0.6	1	3 13
85	14	0.6	1	1 13
86	21	0.6	1	1 20
87	34	0.6	1	1 33
88	21	0.6	1	0 21
89	36	0.6	1	0 36
90	24	0.6	1	0 24
91	59	0.6	1	0 59
92	64	0.6	1	0 64
93	43	0.6	1	1 42
94	90	0.6	1	0 90
95	86	0.6	1	0 86
96	26	0.6	1	0 26
97	19	0.6	1	0 19
98	23	0.6	1	0 23
99	46	0.6	1	0 46
100	70	0.6	1	0 70
101	15	0.6	1	0 15
102	19	0.6	1	0 19
103	20	0.6	1	0 20
104	35	0.6	1	0 35
105	33	0.6	1	0 33
106	13	0.6	1	0 13
107	10	0.6	1	1 9
108	8	0.6	1	1 7
109	6	0.6	1	0 6
110	12	0.6	1	1 11
111	9	0.6	1	0 9
112	14	0.6	1	0 14
113	13	0.6	1	0 13
114	23	0.6	1	0 23
115	44	0.6	1	0 44
116	38	0.6	1	0 38
117	67	0.6	1	0 67
118	24	0.6	1	0 24
119	21	0.6	1	0 21
120	25	0.6	1	0 25
121	46	0.6	1	0 46
122	31	0.6	1	0 31
123	17	0.6	1	0 17
124	4	0.6	1	0 4
125	3	0.6	1	0 3
126	1	0.6	1	0 1

RUN STATISTICS FOR INPUT FILE: SRX6700172_1.fastq.gz
=============================================
40413883 sequences processed in total

