
SUMMARISING RUN PARAMETERS
==========================
Input filename: SRX6922028_1.fastq.gz
Trimming mode: paired-end
Trim Galore version: 0.6.10
Cutadapt version: 4.4
Python version: could not detect
Number of cores used for trimming: 4
Quality Phred score cutoff: 20
Quality encoding type selected: ASCII+33
Using Illumina adapter for trimming (count: 22922). Second best hit was Nextera (count: 0)
Adapter sequence: 'AGATCGGAAGAGC' (Illumina TruSeq, Sanger iPCR; auto-detected)
Maximum trimming error rate: 0.1 (default)
Minimum required adapter overlap (stringency): 1 bp
Minimum required sequence length for both reads before a sequence pair gets removed: 20 bp
Running FastQC on the data once trimming has completed
Output file will be GZIP compressed


This is cutadapt 4.4 with Python 3.7.16
Command line parameters: -j 4 -e 0.1 -q 20 -O 1 -a AGATCGGAAGAGC SRX6922028_1.fastq.gz
Processing single-end reads on 4 cores ...
Finished in 118.301 s (11.854 µs/read; 5.06 M reads/minute).

=== Summary ===

Total reads processed:               9,979,435
Reads with adapters:                 2,931,710 (29.4%)
Reads written (passing filters):     9,979,435 (100.0%)

Total basepairs processed: 1,496,915,250 bp
Quality-trimmed:              10,384,549 bp (0.7%)
Total written (filtered):  1,474,017,830 bp (98.5%)

=== Adapter 1 ===

Sequence: AGATCGGAAGAGC; Type: regular 3'; Length: 13; Trimmed: 2931710 times

Minimum overlap: 1
No. of allowed errors:
1-9 bp: 0; 10-13 bp: 1

Bases preceding removed adapters:
  A: 28.7%
  C: 32.5%
  G: 21.0%
  T: 17.8%
  none/other: 0.0%

Overview of removed sequences
length	count	expect	max.err	error counts
1	1869306	2494858.8	0	1869306
2	552382	623714.7	0	552382
3	124326	155928.7	0	124326
4	44769	38982.2	0	44769
5	21266	9745.5	0	21266
6	13120	2436.4	0	13120
7	13144	609.1	0	13144
8	8915	152.3	0	8915
9	7188	38.1	0	7051 137
10	10349	9.5	1	9419 930
11	7360	2.4	1	6767 593
12	8784	0.6	1	8020 764
13	9969	0.1	1	8835 1134
14	7405	0.1	1	6914 491
15	8554	0.1	1	7719 835
16	7041	0.1	1	6558 483
17	7848	0.1	1	7174 674
18	8232	0.1	1	7514 718
19	7486	0.1	1	6826 660
20	7351	0.1	1	6738 613
21	7693	0.1	1	6990 703
22	9500	0.1	1	8414 1086
23	6286	0.1	1	5865 421
24	5587	0.1	1	5254 333
25	6453	0.1	1	5968 485
26	6324	0.1	1	5863 461
27	6543	0.1	1	6028 515
28	7137	0.1	1	6445 692
29	5722	0.1	1	5390 332
30	6004	0.1	1	5569 435
31	5905	0.1	1	5498 407
32	6477	0.1	1	5953 524
33	4748	0.1	1	4472 276
34	5571	0.1	1	5150 421
35	5901	0.1	1	5417 484
36	3896	0.1	1	3679 217
37	4763	0.1	1	4482 281
38	5218	0.1	1	4798 420
39	3715	0.1	1	3511 204
40	4519	0.1	1	4229 290
41	3343	0.1	1	3188 155
42	3457	0.1	1	3286 171
43	4751	0.1	1	4461 290
44	2367	0.1	1	2247 120
45	3079	0.1	1	2912 167
46	3034	0.1	1	2865 169
47	3460	0.1	1	3238 222
48	2410	0.1	1	2328 82
49	2520	0.1	1	2398 122
50	2529	0.1	1	2387 142
51	2466	0.1	1	2359 107
52	2323	0.1	1	2182 141
53	2290	0.1	1	2166 124
54	2114	0.1	1	2029 85
55	1946	0.1	1	1853 93
56	1836	0.1	1	1748 88
57	1742	0.1	1	1674 68
58	1714	0.1	1	1626 88
59	1578	0.1	1	1516 62
60	1329	0.1	1	1251 78
61	1355	0.1	1	1274 81
62	1454	0.1	1	1376 78
63	1295	0.1	1	1220 75
64	2682	0.1	1	2565 117
65	1524	0.1	1	1446 78
66	958	0.1	1	916 42
67	955	0.1	1	916 39
68	939	0.1	1	898 41
69	1249	0.1	1	1037 212
70	3247	0.1	1	3125 122
71	626	0.1	1	596 30
72	210	0.1	1	190 20
73	137	0.1	1	118 19
74	122	0.1	1	106 16
75	93	0.1	1	80 13
76	108	0.1	1	94 14
77	97	0.1	1	86 11
78	68	0.1	1	59 9
79	72	0.1	1	64 8
80	58	0.1	1	48 10
81	81	0.1	1	66 15
82	68	0.1	1	48 20
83	47	0.1	1	31 16
84	57	0.1	1	45 12
85	39	0.1	1	30 9
86	39	0.1	1	35 4
87	29	0.1	1	25 4
88	30	0.1	1	24 6
89	34	0.1	1	25 9
90	25	0.1	1	19 6
91	40	0.1	1	24 16
92	36	0.1	1	24 12
93	18	0.1	1	14 4
94	15	0.1	1	14 1
95	25	0.1	1	22 3
96	17	0.1	1	15 2
97	21	0.1	1	11 10
98	9	0.1	1	9
99	22	0.1	1	11 11
100	22	0.1	1	18 4
101	18	0.1	1	16 2
102	22	0.1	1	8 14
103	21	0.1	1	16 5
104	32	0.1	1	15 17
105	15	0.1	1	14 1
106	9	0.1	1	4 5
107	17	0.1	1	11 6
108	15	0.1	1	9 6
109	18	0.1	1	10 8
110	25	0.1	1	19 6
111	15	0.1	1	10 5
112	38	0.1	1	7 31
113	14	0.1	1	7 7
114	20	0.1	1	10 10
115	16	0.1	1	8 8
116	18	0.1	1	11 7
117	10	0.1	1	5 5
118	23	0.1	1	10 13
119	22	0.1	1	8 14
120	10	0.1	1	5 5
121	13	0.1	1	7 6
122	20	0.1	1	7 13
123	11	0.1	1	4 7
124	26	0.1	1	3 23
125	11	0.1	1	3 8
126	4	0.1	1	1 3
127	6	0.1	1	1 5
128	18	0.1	1	1 17
129	14	0.1	1	2 12
130	10	0.1	1	0 10
131	6	0.1	1	1 5
132	4	0.1	1	0 4
133	3	0.1	1	3
134	4	0.1	1	1 3
135	7	0.1	1	1 6
136	3	0.1	1	0 3
137	12	0.1	1	0 12
138	8	0.1	1	1 7
139	10	0.1	1	4 6
140	13	0.1	1	2 11
141	12	0.1	1	1 11
142	6	0.1	1	0 6
143	12	0.1	1	0 12
144	11	0.1	1	0 11
145	12	0.1	1	0 12
146	13	0.1	1	0 13
147	8	0.1	1	0 8
148	5	0.1	1	1 4
149	10	0.1	1	0 10
150	72	0.1	1	0 72

RUN STATISTICS FOR INPUT FILE: SRX6922028_1.fastq.gz
=============================================
9979435 sequences processed in total

