
SUMMARISING RUN PARAMETERS
==========================
Input filename: SRX6922019_1.fastq.gz
Trimming mode: paired-end
Trim Galore version: 0.6.10
Cutadapt version: 4.4
Python version: could not detect
Number of cores used for trimming: 4
Quality Phred score cutoff: 20
Quality encoding type selected: ASCII+33
Using Illumina adapter for trimming (count: 24686). Second best hit was Nextera (count: 0)
Adapter sequence: 'AGATCGGAAGAGC' (Illumina TruSeq, Sanger iPCR; auto-detected)
Maximum trimming error rate: 0.1 (default)
Minimum required adapter overlap (stringency): 1 bp
Minimum required sequence length for both reads before a sequence pair gets removed: 20 bp
Running FastQC on the data once trimming has completed
Output file will be GZIP compressed


This is cutadapt 4.4 with Python 3.7.16
Command line parameters: -j 4 -e 0.1 -q 20 -O 1 -a AGATCGGAAGAGC SRX6922019_1.fastq.gz
Processing single-end reads on 4 cores ...
Finished in 140.025 s (9.654 µs/read; 6.21 M reads/minute).

=== Summary ===

Total reads processed:              14,503,864
Reads with adapters:                 4,999,616 (34.5%)
Reads written (passing filters):    14,503,864 (100.0%)

Total basepairs processed: 2,175,579,600 bp
Quality-trimmed:               3,280,997 bp (0.2%)
Total written (filtered):  2,153,279,181 bp (99.0%)

=== Adapter 1 ===

Sequence: AGATCGGAAGAGC; Type: regular 3'; Length: 13; Trimmed: 4999616 times

Minimum overlap: 1
No. of allowed errors:
1-9 bp: 0; 10-13 bp: 1

Bases preceding removed adapters:
  A: 33.5%
  C: 30.6%
  G: 18.9%
  T: 16.9%
  none/other: 0.1%

Overview of removed sequences
length	count	expect	max.err	error counts
1	3404122	3625966.0	0	3404122
2	751713	906491.5	0	751713
3	233063	226622.9	0	233063
4	70903	56655.7	0	70903
5	36643	14163.9	0	36643
6	22466	3541.0	0	22466
7	18928	885.2	0	18928
8	17281	221.3	0	17281
9	16637	55.3	0	16487 150
10	17952	13.8	1	16538 1414
11	17214	3.5	1	16419 795
12	16263	0.9	1	15663 600
13	16184	0.2	1	15524 660
14	15034	0.2	1	14423 611
15	14717	0.2	1	14131 586
16	13535	0.2	1	13084 451
17	13537	0.2	1	13025 512
18	13481	0.2	1	12934 547
19	12427	0.2	1	11960 467
20	12596	0.2	1	12167 429
21	11558	0.2	1	11178 380
22	11823	0.2	1	11369 454
23	11157	0.2	1	10760 397
24	10989	0.2	1	10555 434
25	10495	0.2	1	10112 383
26	9853	0.2	1	9541 312
27	9525	0.2	1	9146 379
28	9642	0.2	1	9264 378
29	9250	0.2	1	8936 314
30	9347	0.2	1	9050 297
31	8952	0.2	1	8644 308
32	8524	0.2	1	8263 261
33	8597	0.2	1	8350 247
34	7800	0.2	1	7539 261
35	7439	0.2	1	7210 229
36	6673	0.2	1	6510 163
37	7051	0.2	1	6846 205
38	6640	0.2	1	6465 175
39	6085	0.2	1	5922 163
40	6000	0.2	1	5828 172
41	5545	0.2	1	5392 153
42	5531	0.2	1	5360 171
43	5474	0.2	1	5325 149
44	4127	0.2	1	4026 101
45	6303	0.2	1	6148 155
46	2349	0.2	1	2292 57
47	3190	0.2	1	3120 70
48	3429	0.2	1	3349 80
49	3315	0.2	1	3245 70
50	3362	0.2	1	3308 54
51	2869	0.2	1	2821 48
52	3091	0.2	1	3016 75
53	2526	0.2	1	2471 55
54	2433	0.2	1	2377 56
55	2413	0.2	1	2353 60
56	1951	0.2	1	1911 40
57	2127	0.2	1	2065 62
58	1665	0.2	1	1620 45
59	1380	0.2	1	1349 31
60	1367	0.2	1	1336 31
61	1216	0.2	1	1187 29
62	1233	0.2	1	1199 34
63	1210	0.2	1	1164 46
64	1076	0.2	1	1042 34
65	870	0.2	1	824 46
66	1016	0.2	1	979 37
67	869	0.2	1	822 47
68	793	0.2	1	715 78
69	924	0.2	1	812 112
70	963	0.2	1	828 135
71	3487	0.2	1	910 2577
72	5527	0.2	1	5055 472
73	862	0.2	1	759 103
74	261	0.2	1	227 34
75	119	0.2	1	93 26
76	75	0.2	1	66 9
77	77	0.2	1	67 10
78	87	0.2	1	63 24
79	76	0.2	1	56 20
80	67	0.2	1	49 18
81	86	0.2	1	60 26
82	92	0.2	1	39 53
83	61	0.2	1	54 7
84	63	0.2	1	50 13
85	42	0.2	1	35 7
86	55	0.2	1	45 10
87	63	0.2	1	54 9
88	37	0.2	1	28 9
89	42	0.2	1	26 16
90	33	0.2	1	20 13
91	26	0.2	1	22 4
92	38	0.2	1	29 9
93	26	0.2	1	21 5
94	24	0.2	1	16 8
95	21	0.2	1	16 5
96	25	0.2	1	19 6
97	19	0.2	1	16 3
98	34	0.2	1	17 17
99	30	0.2	1	24 6
100	45	0.2	1	31 14
101	27	0.2	1	17 10
102	34	0.2	1	21 13
103	20	0.2	1	12 8
104	37	0.2	1	11 26
105	20	0.2	1	13 7
106	15	0.2	1	13 2
107	15	0.2	1	11 4
108	24	0.2	1	21 3
109	28	0.2	1	19 9
110	24	0.2	1	20 4
111	15	0.2	1	10 5
112	16	0.2	1	9 7
113	19	0.2	1	11 8
114	22	0.2	1	20 2
115	26	0.2	1	10 16
116	26	0.2	1	12 14
117	36	0.2	1	11 25
118	30	0.2	1	14 16
119	40	0.2	1	14 26
120	31	0.2	1	11 20
121	25	0.2	1	13 12
122	18	0.2	1	5 13
123	10	0.2	1	6 4
124	34	0.2	1	2 32
125	5	0.2	1	2 3
126	10	0.2	1	1 9
127	8	0.2	1	3 5
128	3	0.2	1	1 2
129	5	0.2	1	0 5
130	8	0.2	1	3 5
131	17	0.2	1	7 10
132	7	0.2	1	3 4
133	1	0.2	1	0 1
134	8	0.2	1	1 7
135	8	0.2	1	2 6
136	9	0.2	1	1 8
137	19	0.2	1	0 19
138	6	0.2	1	2 4
139	14	0.2	1	1 13
140	16	0.2	1	1 15
141	9	0.2	1	1 8
142	7	0.2	1	1 6
143	8	0.2	1	0 8
144	6	0.2	1	0 6
145	15	0.2	1	1 14
146	9	0.2	1	0 9
147	8	0.2	1	0 8
148	20	0.2	1	1 19
149	51	0.2	1	0 51
150	534	0.2	1	1 533

RUN STATISTICS FOR INPUT FILE: SRX6922019_1.fastq.gz
=============================================
14503864 sequences processed in total

