
SUMMARISING RUN PARAMETERS
==========================
Input filename: SRX6700184_1.fastq.gz
Trimming mode: paired-end
Trim Galore version: 0.6.10
Cutadapt version: 4.4
Python version: could not detect
Number of cores used for trimming: 4
Quality Phred score cutoff: 20
Quality encoding type selected: ASCII+33
Using Illumina adapter for trimming (count: 109843). Second best hit was Nextera (count: 198)
Adapter sequence: 'AGATCGGAAGAGC' (Illumina TruSeq, Sanger iPCR; auto-detected)
Maximum trimming error rate: 0.1 (default)
Minimum required adapter overlap (stringency): 1 bp
Minimum required sequence length for both reads before a sequence pair gets removed: 20 bp
Running FastQC on the data once trimming has completed
Output file will be GZIP compressed


This is cutadapt 4.4 with Python 3.7.16
Command line parameters: -j 4 -e 0.1 -q 20 -O 1 -a AGATCGGAAGAGC SRX6700184_1.fastq.gz
Processing single-end reads on 4 cores ...
Finished in 337.714 s (8.379 µs/read; 7.16 M reads/minute).

=== Summary ===

Total reads processed:              40,303,368
Reads with adapters:                17,285,040 (42.9%)
Reads written (passing filters):    40,303,368 (100.0%)

Total basepairs processed: 5,078,224,368 bp
Quality-trimmed:              58,378,643 bp (1.1%)
Total written (filtered):  4,876,311,622 bp (96.0%)

=== Adapter 1 ===

Sequence: AGATCGGAAGAGC; Type: regular 3'; Length: 13; Trimmed: 17285040 times

Minimum overlap: 1
No. of allowed errors:
1-9 bp: 0; 10-13 bp: 1

Bases preceding removed adapters:
  A: 26.2%
  C: 27.9%
  G: 26.9%
  T: 19.0%
  none/other: 0.0%

Overview of removed sequences
length	count	expect	max.err	error counts
1	7695341	10075842.0	0	7695341
2	1804506	2518960.5	0	1804506
3	798137	629740.1	0	798137
4	355889	157435.0	0	355889
5	311393	39358.8	0	311393
6	310317	9839.7	0	310317
7	336992	2459.9	0	336992
8	256836	615.0	0	256836
9	310941	153.7	0	310445 496
10	257384	38.4	1	252216 5168
11	210038	9.6	1	205790 4248
12	264951	2.4	1	260114 4837
13	277318	0.6	1	271783 5535
14	195488	0.6	1	191397 4091
15	252531	0.6	1	246856 5675
16	197920	0.6	1	193289 4631
17	238699	0.6	1	232364 6335
18	206496	0.6	1	202135 4361
19	201233	0.6	1	196737 4496
20	212042	0.6	1	206636 5406
21	194869	0.6	1	189921 4948
22	182524	0.6	1	177912 4612
23	156329	0.6	1	152891 3438
24	168991	0.6	1	165046 3945
25	175542	0.6	1	171393 4149
26	98606	0.6	1	96291 2315
27	137598	0.6	1	134202 3396
28	154874	0.6	1	151048 3826
29	105806	0.6	1	103008 2798
30	101388	0.6	1	99266 2122
31	101135	0.6	1	98860 2275
32	108807	0.6	1	106524 2283
33	74082	0.6	1	72378 1704
34	87938	0.6	1	85811 2127
35	92650	0.6	1	90401 2249
36	84108	0.6	1	82435 1673
37	72133	0.6	1	70707 1426
38	35906	0.6	1	35352 554
39	50915	0.6	1	50185 730
40	46614	0.6	1	45925 689
41	82280	0.6	1	81253 1027
42	15431	0.6	1	15194 237
43	18778	0.6	1	18530 248
44	12613	0.6	1	12431 182
45	23475	0.6	1	23170 305
46	21848	0.6	1	21574 274
47	22474	0.6	1	22136 338
48	16138	0.6	1	15898 240
49	17742	0.6	1	17444 298
50	13727	0.6	1	13511 216
51	14591	0.6	1	14319 272
52	13798	0.6	1	13548 250
53	12547	0.6	1	12338 209
54	6808	0.6	1	6664 144
55	10091	0.6	1	9933 158
56	6255	0.6	1	6129 126
57	6109	0.6	1	5995 114
58	5434	0.6	1	5308 126
59	4206	0.6	1	4125 81
60	3542	0.6	1	3452 90
61	4577	0.6	1	4487 90
62	3314	0.6	1	3270 44
63	3394	0.6	1	3331 63
64	2582	0.6	1	2526 56
65	2115	0.6	1	2063 52
66	1948	0.6	1	1884 64
67	1751	0.6	1	1696 55
68	1474	0.6	1	1430 44
69	1235	0.6	1	1188 47
70	1092	0.6	1	1027 65
71	1017	0.6	1	943 74
72	1028	0.6	1	870 158
73	2006	0.6	1	1044 962
74	2372	0.6	1	2137 235
75	826	0.6	1	775 51
76	204	0.6	1	181 23
77	72	0.6	1	54 18
78	48	0.6	1	25 23
79	33	0.6	1	12 21
80	26	0.6	1	4 22
81	8	0.6	1	3 5
82	6	0.6	1	3 3
83	10	0.6	1	1 9
84	10	0.6	1	0 10
85	12	0.6	1	0 12
86	20	0.6	1	0 20
87	27	0.6	1	3 24
88	13	0.6	1	0 13
89	23	0.6	1	0 23
90	10	0.6	1	0 10
91	31	0.6	1	0 31
92	49	0.6	1	0 49
93	29	0.6	1	0 29
94	49	0.6	1	0 49
95	38	0.6	1	0 38
96	26	0.6	1	0 26
97	17	0.6	1	2 15
98	16	0.6	1	0 16
99	20	0.6	1	1 19
100	24	0.6	1	0 24
101	11	0.6	1	0 11
102	10	0.6	1	0 10
103	10	0.6	1	0 10
104	19	0.6	1	0 19
105	20	0.6	1	0 20
106	9	0.6	1	0 9
107	8	0.6	1	0 8
108	4	0.6	1	0 4
109	7	0.6	1	0 7
110	4	0.6	1	0 4
111	9	0.6	1	0 9
112	8	0.6	1	0 8
113	9	0.6	1	0 9
114	14	0.6	1	0 14
115	32	0.6	1	0 32
116	17	0.6	1	0 17
117	29	0.6	1	0 29
118	22	0.6	1	0 22
119	17	0.6	1	0 17
120	13	0.6	1	1 12
121	30	0.6	1	0 30
122	14	0.6	1	0 14
123	10	0.6	1	0 10
124	3	0.6	1	0 3
125	3	0.6	1	0 3
126	2	0.6	1	0 2

RUN STATISTICS FOR INPUT FILE: SRX6700184_1.fastq.gz
=============================================
40303368 sequences processed in total

