
SUMMARISING RUN PARAMETERS
==========================
Input filename: SRX6700162_1.fastq.gz
Trimming mode: paired-end
Trim Galore version: 0.6.10
Cutadapt version: 4.4
Python version: could not detect
Number of cores used for trimming: 4
Quality Phred score cutoff: 20
Quality encoding type selected: ASCII+33
Using Illumina adapter for trimming (count: 131896). Second best hit was Nextera (count: 309)
Adapter sequence: 'AGATCGGAAGAGC' (Illumina TruSeq, Sanger iPCR; auto-detected)
Maximum trimming error rate: 0.1 (default)
Minimum required adapter overlap (stringency): 1 bp
Minimum required sequence length for both reads before a sequence pair gets removed: 20 bp
Running FastQC on the data once trimming has completed
Output file will be GZIP compressed


This is cutadapt 4.4 with Python 3.7.16
Command line parameters: -j 4 -e 0.1 -q 20 -O 1 -a AGATCGGAAGAGC SRX6700162_1.fastq.gz
Processing single-end reads on 4 cores ...
Finished in 310.170 s (8.302 µs/read; 7.23 M reads/minute).

=== Summary ===

Total reads processed:              37,358,855
Reads with adapters:                17,310,679 (46.3%)
Reads written (passing filters):    37,358,855 (100.0%)

Total basepairs processed: 4,707,215,730 bp
Quality-trimmed:              45,342,321 bp (1.0%)
Total written (filtered):  4,502,161,087 bp (95.6%)

=== Adapter 1 ===

Sequence: AGATCGGAAGAGC; Type: regular 3'; Length: 13; Trimmed: 17310679 times

Minimum overlap: 1
No. of allowed errors:
1-9 bp: 0; 10-13 bp: 1

Bases preceding removed adapters:
  A: 25.9%
  C: 27.8%
  G: 30.0%
  T: 16.4%
  none/other: 0.0%

Overview of removed sequences
length	count	expect	max.err	error counts
1	7249815	9339713.8	0	7249815
2	1752293	2334928.4	0	1752293
3	782564	583732.1	0	782564
4	335884	145933.0	0	335884
5	321687	36483.3	0	321687
6	312982	9120.8	0	312982
7	329688	2280.2	0	329688
8	254388	570.1	0	254388
9	326867	142.5	0	326041 826
10	242520	35.6	1	238133 4387
11	226310	8.9	1	222341 3969
12	271026	2.2	1	266556 4470
13	282620	0.6	1	277491 5129
14	217921	0.6	1	213796 4125
15	267453	0.6	1	262219 5234
16	191553	0.6	1	187576 3977
17	259783	0.6	1	253695 6088
18	224639	0.6	1	220226 4413
19	213518	0.6	1	209149 4369
20	241052	0.6	1	235897 5155
21	189012	0.6	1	185169 3843
22	212462	0.6	1	207933 4529
23	176019	0.6	1	172769 3250
24	185655	0.6	1	181731 3924
25	237125	0.6	1	231975 5150
26	77752	0.6	1	76093 1659
27	157045	0.6	1	153759 3286
28	172404	0.6	1	168836 3568
29	115104	0.6	1	112500 2604
30	133493	0.6	1	130760 2733
31	107701	0.6	1	105706 1995
32	149952	0.6	1	147241 2711
33	64624	0.6	1	63103 1521
34	107489	0.6	1	105487 2002
35	81775	0.6	1	79781 1994
36	101610	0.6	1	99798 1812
37	50167	0.6	1	49087 1080
38	72941	0.6	1	71474 1467
39	67873	0.6	1	66682 1191
40	57722	0.6	1	56668 1054
41	56846	0.6	1	55846 1000
42	55241	0.6	1	54211 1030
43	99313	0.6	1	97580 1733
44	13279	0.6	1	12852 427
45	14780	0.6	1	14369 411
46	12882	0.6	1	12633 249
47	23774	0.6	1	23376 398
48	21819	0.6	1	21501 318
49	22393	0.6	1	22043 350
50	17826	0.6	1	17602 224
51	18072	0.6	1	17748 324
52	14272	0.6	1	14055 217
53	14529	0.6	1	14312 217
54	14087	0.6	1	13864 223
55	12319	0.6	1	12123 196
56	7266	0.6	1	7103 163
57	9936	0.6	1	9645 291
58	6759	0.6	1	6426 333
59	6570	0.6	1	6429 141
60	5921	0.6	1	5787 134
61	4473	0.6	1	4423 50
62	3482	0.6	1	3436 46
63	5052	0.6	1	4981 71
64	2887	0.6	1	2844 43
65	3042	0.6	1	2970 72
66	2449	0.6	1	2376 73
67	1879	0.6	1	1838 41
68	1810	0.6	1	1786 24
69	1613	0.6	1	1575 38
70	1486	0.6	1	1463 23
71	1332	0.6	1	1296 36
72	1141	0.6	1	1113 28
73	1130	0.6	1	1099 31
74	1120	0.6	1	1041 79
75	1515	0.6	1	1182 333
76	2745	0.6	1	2629 116
77	890	0.6	1	822 68
78	302	0.6	1	260 42
79	163	0.6	1	119 44
80	174	0.6	1	46 128
81	54	0.6	1	39 15
82	24	0.6	1	16 8
83	26	0.6	1	14 12
84	20	0.6	1	4 16
85	13	0.6	1	5 8
86	29	0.6	1	4 25
87	35	0.6	1	0 35
88	23	0.6	1	1 22
89	17	0.6	1	2 15
90	17	0.6	1	1 16
91	89	0.6	1	0 89
92	80	0.6	1	1 79
93	103	0.6	1	1 102
94	161	0.6	1	0 161
95	220	0.6	1	0 220
96	42	0.6	1	0 42
97	26	0.6	1	0 26
98	38	0.6	1	0 38
99	90	0.6	1	1 89
100	164	0.6	1	0 164
101	7	0.6	1	0 7
102	9	0.6	1	0 9
103	13	0.6	1	2 11
104	27	0.6	1	1 26
105	28	0.6	1	0 28
106	18	0.6	1	0 18
107	9	0.6	1	0 9
108	2	0.6	1	0 2
109	5	0.6	1	1 4
110	2	0.6	1	0 2
111	21	0.6	1	0 21
112	9	0.6	1	0 9
113	23	0.6	1	1 22
114	11	0.6	1	0 11
115	26	0.6	1	0 26
116	21	0.6	1	1 20
117	23	0.6	1	0 23
118	19	0.6	1	0 19
119	15	0.6	1	0 15
120	16	0.6	1	0 16
121	19	0.6	1	0 19
122	15	0.6	1	0 15
123	7	0.6	1	0 7
124	3	0.6	1	0 3
125	2	0.6	1	1 1
126	1	0.6	1	0 1

RUN STATISTICS FOR INPUT FILE: SRX6700162_1.fastq.gz
=============================================
37358855 sequences processed in total

