
SUMMARISING RUN PARAMETERS
==========================
Input filename: SRX6700171_1.fastq.gz
Trimming mode: paired-end
Trim Galore version: 0.6.10
Cutadapt version: 4.4
Python version: could not detect
Number of cores used for trimming: 4
Quality Phred score cutoff: 20
Quality encoding type selected: ASCII+33
Using Illumina adapter for trimming (count: 125721). Second best hit was Nextera (count: 123)
Adapter sequence: 'AGATCGGAAGAGC' (Illumina TruSeq, Sanger iPCR; auto-detected)
Maximum trimming error rate: 0.1 (default)
Minimum required adapter overlap (stringency): 1 bp
Minimum required sequence length for both reads before a sequence pair gets removed: 20 bp
Running FastQC on the data once trimming has completed
Output file will be GZIP compressed


This is cutadapt 4.4 with Python 3.7.16
Command line parameters: -j 4 -e 0.1 -q 20 -O 1 -a AGATCGGAAGAGC SRX6700171_1.fastq.gz
Processing single-end reads on 4 cores ...
Finished in 377.700 s (8.482 µs/read; 7.07 M reads/minute).

=== Summary ===

Total reads processed:              44,531,620
Reads with adapters:                19,973,729 (44.9%)
Reads written (passing filters):    44,531,620 (100.0%)

Total basepairs processed: 5,610,984,120 bp
Quality-trimmed:              58,711,765 bp (1.0%)
Total written (filtered):  5,370,897,020 bp (95.7%)

=== Adapter 1 ===

Sequence: AGATCGGAAGAGC; Type: regular 3'; Length: 13; Trimmed: 19973729 times

Minimum overlap: 1
No. of allowed errors:
1-9 bp: 0; 10-13 bp: 1

Bases preceding removed adapters:
  A: 26.0%
  C: 27.9%
  G: 29.0%
  T: 17.0%
  none/other: 0.0%

Overview of removed sequences
length	count	expect	max.err	error counts
1	8395007	11132905.0	0	8395007
2	2003297	2783226.2	0	2003297
3	916717	695806.6	0	916717
4	403204	173951.6	0	403204
5	369878	43487.9	0	369878
6	363848	10872.0	0	363848
7	390953	2718.0	0	390953
8	296384	679.5	0	296384
9	388434	169.9	0	387664 770
10	286146	42.5	1	280646 5500
11	254096	10.6	1	249712 4384
12	314914	2.7	1	309882 5032
13	336456	0.7	1	330417 6039
14	240774	0.7	1	236228 4546
15	318202	0.7	1	312033 6169
16	222407	0.7	1	217856 4551
17	299977	0.7	1	292815 7162
18	276279	0.7	1	270848 5431
19	227052	0.7	1	222895 4157
20	269064	0.7	1	263678 5386
21	227698	0.7	1	223129 4569
22	232626	0.7	1	228001 4625
23	206323	0.7	1	202639 3684
24	211661	0.7	1	207311 4350
25	262874	0.7	1	257289 5585
26	101712	0.7	1	99648 2064
27	179360	0.7	1	175720 3640
28	194925	0.7	1	191045 3880
29	134707	0.7	1	131876 2831
30	148541	0.7	1	145589 2952
31	139448	0.7	1	136479 2969
32	181349	0.7	1	178043 3306
33	63289	0.7	1	61693 1596
34	129467	0.7	1	127094 2373
35	81843	0.7	1	80048 1795
36	88767	0.7	1	87010 1757
37	79733	0.7	1	78183 1550
38	79177	0.7	1	77654 1523
39	72114	0.7	1	70932 1182
40	73722	0.7	1	72455 1267
41	64906	0.7	1	63777 1129
42	58656	0.7	1	57637 1019
43	86596	0.7	1	85298 1298
44	18515	0.7	1	18093 422
45	21921	0.7	1	21537 384
46	15493	0.7	1	15199 294
47	26838	0.7	1	26441 397
48	22715	0.7	1	22387 328
49	25643	0.7	1	25252 391
50	17343	0.7	1	17158 185
51	20170	0.7	1	19863 307
52	14100	0.7	1	13904 196
53	15232	0.7	1	15004 228
54	14852	0.7	1	14581 271
55	12664	0.7	1	12488 176
56	6971	0.7	1	6832 139
57	10259	0.7	1	10052 207
58	6682	0.7	1	6452 230
59	6413	0.7	1	6275 138
60	6022	0.7	1	5896 126
61	4712	0.7	1	4630 82
62	3304	0.7	1	3242 62
63	5086	0.7	1	5006 80
64	2934	0.7	1	2879 55
65	3020	0.7	1	2933 87
66	2464	0.7	1	2354 110
67	1930	0.7	1	1877 53
68	1844	0.7	1	1805 39
69	1517	0.7	1	1484 33
70	1400	0.7	1	1363 37
71	1213	0.7	1	1189 24
72	1148	0.7	1	1117 31
73	1052	0.7	1	1012 40
74	1070	0.7	1	1003 67
75	1496	0.7	1	1236 260
76	2405	0.7	1	2320 85
77	675	0.7	1	628 47
78	223	0.7	1	166 57
79	94	0.7	1	41 53
80	81	0.7	1	17 64
81	32	0.7	1	10 22
82	16	0.7	1	7 9
83	15	0.7	1	6 9
84	9	0.7	1	1 8
85	24	0.7	1	5 19
86	26	0.7	1	0 26
87	45	0.7	1	0 45
88	28	0.7	1	1 27
89	36	0.7	1	0 36
90	19	0.7	1	1 18
91	85	0.7	1	0 85
92	100	0.7	1	0 100
93	51	0.7	1	1 50
94	102	0.7	1	2 100
95	135	0.7	1	0 135
96	34	0.7	1	0 34
97	31	0.7	1	1 30
98	36	0.7	1	2 34
99	56	0.7	1	0 56
100	106	0.7	1	0 106
101	20	0.7	1	0 20
102	14	0.7	1	1 13
103	31	0.7	1	0 31
104	37	0.7	1	0 37
105	28	0.7	1	1 27
106	15	0.7	1	0 15
107	17	0.7	1	0 17
108	8	0.7	1	0 8
109	5	0.7	1	0 5
110	11	0.7	1	0 11
111	14	0.7	1	0 14
112	18	0.7	1	0 18
113	13	0.7	1	0 13
114	52	0.7	1	0 52
115	76	0.7	1	0 76
116	49	0.7	1	0 49
117	69	0.7	1	0 69
118	17	0.7	1	0 17
119	24	0.7	1	0 24
120	31	0.7	1	0 31
121	55	0.7	1	0 55
122	33	0.7	1	0 33
123	11	0.7	1	0 11
124	4	0.7	1	0 4
125	2	0.7	1	0 2
126	5	0.7	1	0 5

RUN STATISTICS FOR INPUT FILE: SRX6700171_1.fastq.gz
=============================================
44531620 sequences processed in total

