
SUMMARISING RUN PARAMETERS
==========================
Input filename: SRX6922021_1.fastq.gz
Trimming mode: paired-end
Trim Galore version: 0.6.10
Cutadapt version: 4.4
Python version: could not detect
Number of cores used for trimming: 4
Quality Phred score cutoff: 20
Quality encoding type selected: ASCII+33
Using Illumina adapter for trimming (count: 24027). Second best hit was smallRNA (count: 0)
Adapter sequence: 'AGATCGGAAGAGC' (Illumina TruSeq, Sanger iPCR; auto-detected)
Maximum trimming error rate: 0.1 (default)
Minimum required adapter overlap (stringency): 1 bp
Minimum required sequence length for both reads before a sequence pair gets removed: 20 bp
Running FastQC on the data once trimming has completed
Output file will be GZIP compressed


This is cutadapt 4.4 with Python 3.7.16
Command line parameters: -j 4 -e 0.1 -q 20 -O 1 -a AGATCGGAAGAGC SRX6922021_1.fastq.gz
Processing single-end reads on 4 cores ...
Finished in 108.941 s (9.931 µs/read; 6.04 M reads/minute).

=== Summary ===

Total reads processed:              10,970,213
Reads with adapters:                 3,768,739 (34.4%)
Reads written (passing filters):    10,970,213 (100.0%)

Total basepairs processed: 1,645,531,950 bp
Quality-trimmed:               2,717,720 bp (0.2%)
Total written (filtered):  1,628,406,459 bp (99.0%)

=== Adapter 1 ===

Sequence: AGATCGGAAGAGC; Type: regular 3'; Length: 13; Trimmed: 3768739 times

Minimum overlap: 1
No. of allowed errors:
1-9 bp: 0; 10-13 bp: 1

Bases preceding removed adapters:
  A: 33.6%
  C: 30.2%
  G: 18.8%
  T: 17.2%
  none/other: 0.1%

Overview of removed sequences
length	count	expect	max.err	error counts
1	2577571	2742553.2	0	2577571
2	568073	685638.3	0	568073
3	179013	171409.6	0	179013
4	53906	42852.4	0	53906
5	25048	10713.1	0	25048
6	15441	2678.3	0	15441
7	13281	669.6	0	13281
8	11687	167.4	0	11687
9	11082	41.8	0	10978 104
10	12227	10.5	1	11186 1041
11	11392	2.6	1	10835 557
12	11380	0.7	1	10919 461
13	11149	0.2	1	10642 507
14	10644	0.2	1	10239 405
15	10326	0.2	1	9914 412
16	9823	0.2	1	9443 380
17	9573	0.2	1	9229 344
18	9330	0.2	1	8923 407
19	9027	0.2	1	8706 321
20	8806	0.2	1	8470 336
21	8534	0.2	1	8206 328
22	8547	0.2	1	8221 326
23	7923	0.2	1	7623 300
24	7831	0.2	1	7521 310
25	7447	0.2	1	7133 314
26	6978	0.2	1	6715 263
27	6959	0.2	1	6685 274
28	6988	0.2	1	6700 288
29	6497	0.2	1	6275 222
30	6863	0.2	1	6602 261
31	6514	0.2	1	6255 259
32	6345	0.2	1	6166 179
33	6266	0.2	1	6100 166
34	5758	0.2	1	5574 184
35	5447	0.2	1	5278 169
36	5035	0.2	1	4862 173
37	5390	0.2	1	5223 167
38	5086	0.2	1	4941 145
39	4597	0.2	1	4478 119
40	4469	0.2	1	4346 123
41	4222	0.2	1	4106 116
42	3961	0.2	1	3846 115
43	3681	0.2	1	3592 89
44	3444	0.2	1	3354 90
45	4527	0.2	1	4429 98
46	2106	0.2	1	2048 58
47	2590	0.2	1	2528 62
48	2637	0.2	1	2575 62
49	2635	0.2	1	2570 65
50	2701	0.2	1	2616 85
51	2374	0.2	1	2331 43
52	2311	0.2	1	2261 50
53	2106	0.2	1	2060 46
54	1841	0.2	1	1788 53
55	1902	0.2	1	1858 44
56	1524	0.2	1	1498 26
57	1515	0.2	1	1454 61
58	1260	0.2	1	1233 27
59	1103	0.2	1	1058 45
60	1125	0.2	1	1100 25
61	1020	0.2	1	987 33
62	961	0.2	1	925 36
63	1004	0.2	1	967 37
64	875	0.2	1	843 32
65	778	0.2	1	754 24
66	877	0.2	1	839 38
67	711	0.2	1	682 29
68	713	0.2	1	633 80
69	705	0.2	1	600 105
70	841	0.2	1	676 165
71	4133	0.2	1	767 3366
72	4580	0.2	1	3940 640
73	742	0.2	1	637 105
74	198	0.2	1	157 41
75	106	0.2	1	83 23
76	89	0.2	1	71 18
77	75	0.2	1	52 23
78	73	0.2	1	34 39
79	48	0.2	1	25 23
80	59	0.2	1	48 11
81	65	0.2	1	36 29
82	100	0.2	1	45 55
83	54	0.2	1	42 12
84	56	0.2	1	47 9
85	59	0.2	1	46 13
86	31	0.2	1	27 4
87	51	0.2	1	41 10
88	30	0.2	1	26 4
89	25	0.2	1	13 12
90	25	0.2	1	12 13
91	30	0.2	1	19 11
92	24	0.2	1	20 4
93	32	0.2	1	23 9
94	26	0.2	1	17 9
95	32	0.2	1	16 16
96	23	0.2	1	10 13
97	21	0.2	1	16 5
98	23	0.2	1	9 14
99	43	0.2	1	28 15
100	21	0.2	1	16 5
101	14	0.2	1	9 5
102	32	0.2	1	20 12
103	45	0.2	1	16 29
104	30	0.2	1	13 17
105	17	0.2	1	11 6
106	13	0.2	1	10 3
107	14	0.2	1	9 5
108	18	0.2	1	10 8
109	15	0.2	1	12 3
110	16	0.2	1	7 9
111	30	0.2	1	17 13
112	15	0.2	1	5 10
113	17	0.2	1	13 4
114	21	0.2	1	14 7
115	24	0.2	1	11 13
116	27	0.2	1	12 15
117	19	0.2	1	8 11
118	32	0.2	1	14 18
119	40	0.2	1	14 26
120	24	0.2	1	4 20
121	17	0.2	1	7 10
122	17	0.2	1	4 13
123	14	0.2	1	5 9
124	32	0.2	1	2 30
125	3	0.2	1	2 1
126	9	0.2	1	2 7
127	4	0.2	1	3 1
128	7	0.2	1	4 3
129	12	0.2	1	3 9
130	6	0.2	1	1 5
131	18	0.2	1	8 10
132	3	0.2	1	0 3
133	4	0.2	1	1 3
134	2	0.2	1	0 2
135	11	0.2	1	3 8
136	11	0.2	1	2 9
137	8	0.2	1	1 7
138	15	0.2	1	5 10
139	7	0.2	1	0 7
140	16	0.2	1	1 15
141	7	0.2	1	0 7
142	5	0.2	1	0 5
143	9	0.2	1	0 9
144	5	0.2	1	0 5
145	20	0.2	1	0 20
146	16	0.2	1	2 14
147	13	0.2	1	0 13
148	26	0.2	1	0 26
149	66	0.2	1	0 66
150	716	0.2	1	2 714

RUN STATISTICS FOR INPUT FILE: SRX6922021_1.fastq.gz
=============================================
10970213 sequences processed in total

