
SUMMARISING RUN PARAMETERS
==========================
Input filename: SRX7101032_1.fastq.gz
Trimming mode: paired-end
Trim Galore version: 0.6.10
Cutadapt version: 4.4
Python version: could not detect
Number of cores used for trimming: 4
Quality Phred score cutoff: 20
Quality encoding type selected: ASCII+33
Using Illumina adapter for trimming (count: 100580). Second best hit was smallRNA (count: 0)
Adapter sequence: 'AGATCGGAAGAGC' (Illumina TruSeq, Sanger iPCR; auto-detected)
Maximum trimming error rate: 0.1 (default)
Minimum required adapter overlap (stringency): 1 bp
Minimum required sequence length for both reads before a sequence pair gets removed: 20 bp
Running FastQC on the data once trimming has completed
Output file will be GZIP compressed


This is cutadapt 4.4 with Python 3.7.16
Command line parameters: -j 4 -e 0.1 -q 20 -O 1 -a AGATCGGAAGAGC SRX7101032_1.fastq.gz
Processing single-end reads on 4 cores ...
Finished in 319.283 s (8.298 µs/read; 7.23 M reads/minute).

=== Summary ===

Total reads processed:              38,476,340
Reads with adapters:                16,301,706 (42.4%)
Reads written (passing filters):    38,476,340 (100.0%)

Total basepairs processed: 4,848,018,840 bp
Quality-trimmed:              67,637,813 bp (1.4%)
Total written (filtered):  4,652,158,963 bp (96.0%)

=== Adapter 1 ===

Sequence: AGATCGGAAGAGC; Type: regular 3'; Length: 13; Trimmed: 16301706 times

Minimum overlap: 1
No. of allowed errors:
1-9 bp: 0; 10-13 bp: 1

Bases preceding removed adapters:
  A: 27.4%
  C: 29.9%
  G: 25.3%
  T: 17.4%
  none/other: 0.0%

Overview of removed sequences
length	count	expect	max.err	error counts
1	7567391	9619085.0	0	7567391
2	1826555	2404771.2	0	1826555
3	738779	601192.8	0	738779
4	306941	150298.2	0	306941
5	278925	37574.6	0	278925
6	278168	9393.6	0	278168
7	297823	2348.4	0	297823
8	228015	587.1	0	228015
9	274300	146.8	0	273990 310
10	234919	36.7	1	229662 5257
11	186398	9.2	1	182037 4361
12	238229	2.3	1	233144 5085
13	234338	0.6	1	228628 5710
14	186962	0.6	1	182298 4664
15	212689	0.6	1	206758 5931
16	178070	0.6	1	173053 5017
17	216151	0.6	1	208919 7232
18	210750	0.6	1	204902 5848
19	163278	0.6	1	159043 4235
20	202027	0.6	1	196275 5752
21	134116	0.6	1	130860 3256
22	148899	0.6	1	145149 3750
23	142555	0.6	1	139127 3428
24	146444	0.6	1	142691 3753
25	164675	0.6	1	160305 4370
26	79836	0.6	1	77790 2046
27	119858	0.6	1	116609 3249
28	138215	0.6	1	134428 3787
29	86589	0.6	1	84270 2319
30	98542	0.6	1	96176 2366
31	84761	0.6	1	82782 1979
32	104776	0.6	1	102425 2351
33	50825	0.6	1	49605 1220
34	73611	0.6	1	71877 1734
35	60168	0.6	1	58855 1313
36	67741	0.6	1	66082 1659
37	56752	0.6	1	55289 1463
38	47736	0.6	1	46652 1084
39	50111	0.6	1	49140 971
40	51577	0.6	1	50449 1128
41	77546	0.6	1	76115 1431
42	13411	0.6	1	13134 277
43	16516	0.6	1	16225 291
44	12654	0.6	1	12455 199
45	21022	0.6	1	20708 314
46	19641	0.6	1	19331 310
47	20778	0.6	1	20426 352
48	14691	0.6	1	14463 228
49	16197	0.6	1	15915 282
50	12311	0.6	1	12088 223
51	13055	0.6	1	12819 236
52	12783	0.6	1	12565 218
53	11325	0.6	1	11157 168
54	6332	0.6	1	6232 100
55	9309	0.6	1	9163 146
56	5722	0.6	1	5630 92
57	5595	0.6	1	5504 91
58	5067	0.6	1	4968 99
59	3790	0.6	1	3724 66
60	3247	0.6	1	3189 58
61	4539	0.6	1	4470 69
62	3082	0.6	1	3026 56
63	3265	0.6	1	3205 60
64	2534	0.6	1	2480 54
65	2033	0.6	1	1982 51
66	1910	0.6	1	1853 57
67	1632	0.6	1	1583 49
68	1466	0.6	1	1404 62
69	1305	0.6	1	1251 54
70	1123	0.6	1	1061 62
71	1067	0.6	1	947 120
72	1195	0.6	1	937 258
73	2467	0.6	1	1216 1251
74	2902	0.6	1	2661 241
75	791	0.6	1	745 46
76	206	0.6	1	180 26
77	86	0.6	1	67 19
78	40	0.6	1	25 15
79	26	0.6	1	14 12
80	38	0.6	1	9 29
81	12	0.6	1	4 8
82	10	0.6	1	3 7
83	8	0.6	1	1 7
84	8	0.6	1	3 5
85	12	0.6	1	0 12
86	8	0.6	1	0 8
87	15	0.6	1	1 14
88	8	0.6	1	1 7
89	11	0.6	1	1 10
90	8	0.6	1	2 6
91	25	0.6	1	0 25
92	30	0.6	1	0 30
93	19	0.6	1	2 17
94	30	0.6	1	1 29
95	32	0.6	1	0 32
96	13	0.6	1	1 12
97	13	0.6	1	0 13
98	19	0.6	1	0 19
99	14	0.6	1	1 13
100	17	0.6	1	1 16
101	10	0.6	1	0 10
102	8	0.6	1	1 7
103	7	0.6	1	0 7
104	13	0.6	1	0 13
105	5	0.6	1	0 5
106	9	0.6	1	0 9
107	3	0.6	1	0 3
108	7	0.6	1	0 7
109	5	0.6	1	0 5
110	8	0.6	1	0 8
111	4	0.6	1	0 4
112	6	0.6	1	0 6
113	5	0.6	1	0 5
114	9	0.6	1	0 9
115	19	0.6	1	0 19
116	11	0.6	1	0 11
117	18	0.6	1	0 18
118	7	0.6	1	0 7
119	5	0.6	1	0 5
120	11	0.6	1	0 11
121	11	0.6	1	0 11
122	5	0.6	1	1 4
123	6	0.6	1	0 6
124	3	0.6	1	0 3
125	1	0.6	1	0 1
126	4	0.6	1	0 4

RUN STATISTICS FOR INPUT FILE: SRX7101032_1.fastq.gz
=============================================
38476340 sequences processed in total

