
SUMMARISING RUN PARAMETERS
==========================
Input filename: SRX7101028_1.fastq.gz
Trimming mode: paired-end
Trim Galore version: 0.6.10
Cutadapt version: 4.4
Python version: could not detect
Number of cores used for trimming: 4
Quality Phred score cutoff: 20
Quality encoding type selected: ASCII+33
Using Illumina adapter for trimming (count: 126008). Second best hit was Nextera (count: 0)
Adapter sequence: 'AGATCGGAAGAGC' (Illumina TruSeq, Sanger iPCR; auto-detected)
Maximum trimming error rate: 0.1 (default)
Minimum required adapter overlap (stringency): 1 bp
Minimum required sequence length for both reads before a sequence pair gets removed: 20 bp
Running FastQC on the data once trimming has completed
Output file will be GZIP compressed


This is cutadapt 4.4 with Python 3.7.16
Command line parameters: -j 4 -e 0.1 -q 20 -O 1 -a AGATCGGAAGAGC SRX7101028_1.fastq.gz
Processing single-end reads on 4 cores ...
Finished in 313.353 s (8.120 µs/read; 7.39 M reads/minute).

=== Summary ===

Total reads processed:              38,587,949
Reads with adapters:                17,157,201 (44.5%)
Reads written (passing filters):    38,587,949 (100.0%)

Total basepairs processed: 4,862,081,574 bp
Quality-trimmed:              91,323,508 bp (1.9%)
Total written (filtered):  4,619,155,124 bp (95.0%)

=== Adapter 1 ===

Sequence: AGATCGGAAGAGC; Type: regular 3'; Length: 13; Trimmed: 17157201 times

Minimum overlap: 1
No. of allowed errors:
1-9 bp: 0; 10-13 bp: 1

Bases preceding removed adapters:
  A: 25.9%
  C: 30.3%
  G: 27.4%
  T: 16.4%
  none/other: 0.0%

Overview of removed sequences
length	count	expect	max.err	error counts
1	7314106	9646987.2	0	7314106
2	1778384	2411746.8	0	1778384
3	758494	602936.7	0	758494
4	339915	150734.2	0	339915
5	286599	37683.5	0	286599
6	348247	9420.9	0	348247
7	334338	2355.2	0	334338
8	310291	588.8	0	310291
9	337526	147.2	0	336860 666
10	249418	36.8	1	243096 6322
11	197174	9.2	1	191827 5347
12	269370	2.3	1	262816 6554
13	285111	0.6	1	277380 7731
14	207982	0.6	1	202109 5873
15	264601	0.6	1	256805 7796
16	164307	0.6	1	159180 5127
17	261090	0.6	1	252298 8792
18	229488	0.6	1	222495 6993
19	207568	0.6	1	201573 5995
20	230330	0.6	1	223182 7148
21	169234	0.6	1	164264 4970
22	186123	0.6	1	180569 5554
23	191080	0.6	1	185728 5352
24	176307	0.6	1	171075 5232
25	230071	0.6	1	223756 6315
26	52503	0.6	1	50787 1716
27	166797	0.6	1	162201 4596
28	167085	0.6	1	162709 4376
29	105188	0.6	1	102342 2846
30	123823	0.6	1	120602 3221
31	97069	0.6	1	94623 2446
32	142955	0.6	1	139776 3179
33	49916	0.6	1	48527 1389
34	95339	0.6	1	93101 2238
35	74547	0.6	1	72402 2145
36	97999	0.6	1	95801 2198
37	36963	0.6	1	36029 934
38	67295	0.6	1	65833 1462
39	60607	0.6	1	59297 1310
40	56298	0.6	1	55116 1182
41	47477	0.6	1	46417 1060
42	56827	0.6	1	55619 1208
43	102121	0.6	1	100338 1783
44	10506	0.6	1	10260 246
45	10708	0.6	1	10495 213
46	8962	0.6	1	8803 159
47	18651	0.6	1	18365 286
48	17207	0.6	1	16943 264
49	19677	0.6	1	19364 313
50	13439	0.6	1	13214 225
51	15655	0.6	1	15379 276
52	10790	0.6	1	10616 174
53	14499	0.6	1	14259 240
54	12700	0.6	1	12471 229
55	11236	0.6	1	11066 170
56	5342	0.6	1	5236 106
57	7685	0.6	1	7528 157
58	6305	0.6	1	6178 127
59	5306	0.6	1	5220 86
60	4907	0.6	1	4800 107
61	3882	0.6	1	3810 72
62	2726	0.6	1	2659 67
63	4097	0.6	1	3997 100
64	2995	0.6	1	2938 57
65	2607	0.6	1	2530 77
66	2029	0.6	1	1977 52
67	1616	0.6	1	1581 35
68	1589	0.6	1	1547 42
69	1501	0.6	1	1465 36
70	1412	0.6	1	1359 53
71	1178	0.6	1	1119 59
72	1155	0.6	1	1090 65
73	1117	0.6	1	1018 99
74	1219	0.6	1	997 222
75	2210	0.6	1	1129 1081
76	2432	0.6	1	2166 266
77	768	0.6	1	698 70
78	207	0.6	1	170 37
79	79	0.6	1	61 18
80	57	0.6	1	32 25
81	31	0.6	1	14 17
82	21	0.6	1	11 10
83	16	0.6	1	6 10
84	12	0.6	1	3 9
85	34	0.6	1	0 34
86	20	0.6	1	3 17
87	24	0.6	1	2 22
88	20	0.6	1	2 18
89	19	0.6	1	1 18
90	6	0.6	1	2 4
91	27	0.6	1	0 27
92	19	0.6	1	0 19
93	16	0.6	1	0 16
94	35	0.6	1	0 35
95	28	0.6	1	0 28
96	19	0.6	1	0 19
97	17	0.6	1	0 17
98	25	0.6	1	0 25
99	16	0.6	1	0 16
100	23	0.6	1	0 23
101	10	0.6	1	0 10
102	12	0.6	1	1 11
103	14	0.6	1	0 14
104	20	0.6	1	0 20
105	11	0.6	1	0 11
106	5	0.6	1	0 5
107	5	0.6	1	1 4
108	11	0.6	1	0 11
109	9	0.6	1	0 9
110	12	0.6	1	0 12
111	5	0.6	1	0 5
112	16	0.6	1	0 16
113	9	0.6	1	0 9
114	35	0.6	1	0 35
115	23	0.6	1	0 23
116	36	0.6	1	0 36
117	37	0.6	1	0 37
118	11	0.6	1	0 11
119	11	0.6	1	1 10
120	16	0.6	1	0 16
121	18	0.6	1	0 18
122	24	0.6	1	0 24
123	4	0.6	1	0 4
124	1	0.6	1	0 1
125	1	0.6	1	0 1
126	3	0.6	1	0 3

RUN STATISTICS FOR INPUT FILE: SRX7101028_1.fastq.gz
=============================================
38587949 sequences processed in total

