
SUMMARISING RUN PARAMETERS
==========================
Input filename: SRX7101033_1.fastq.gz
Trimming mode: paired-end
Trim Galore version: 0.6.10
Cutadapt version: 4.4
Python version: could not detect
Number of cores used for trimming: 4
Quality Phred score cutoff: 20
Quality encoding type selected: ASCII+33
Using Illumina adapter for trimming (count: 135632). Second best hit was Nextera (count: 0)
Adapter sequence: 'AGATCGGAAGAGC' (Illumina TruSeq, Sanger iPCR; auto-detected)
Maximum trimming error rate: 0.1 (default)
Minimum required adapter overlap (stringency): 1 bp
Minimum required sequence length for both reads before a sequence pair gets removed: 20 bp
Running FastQC on the data once trimming has completed
Output file will be GZIP compressed


This is cutadapt 4.4 with Python 3.7.16
Command line parameters: -j 4 -e 0.1 -q 20 -O 1 -a AGATCGGAAGAGC SRX7101033_1.fastq.gz
Processing single-end reads on 4 cores ...
Finished in 314.417 s (8.257 µs/read; 7.27 M reads/minute).

=== Summary ===

Total reads processed:              38,077,568
Reads with adapters:                17,364,126 (45.6%)
Reads written (passing filters):    38,077,568 (100.0%)

Total basepairs processed: 4,797,773,568 bp
Quality-trimmed:              64,639,578 bp (1.3%)
Total written (filtered):  4,567,005,249 bp (95.2%)

=== Adapter 1 ===

Sequence: AGATCGGAAGAGC; Type: regular 3'; Length: 13; Trimmed: 17364126 times

Minimum overlap: 1
No. of allowed errors:
1-9 bp: 0; 10-13 bp: 1

Bases preceding removed adapters:
  A: 25.6%
  C: 29.7%
  G: 27.6%
  T: 17.2%
  none/other: 0.0%

Overview of removed sequences
length	count	expect	max.err	error counts
1	7155873	9519392.0	0	7155873
2	1738039	2379848.0	0	1738039
3	757170	594962.0	0	757170
4	303974	148740.5	0	303974
5	299323	37185.1	0	299323
6	308408	9296.3	0	308408
7	338037	2324.1	0	338037
8	258360	581.0	0	258360
9	301800	145.3	0	301472 328
10	275628	36.3	1	270030 5598
11	209726	9.1	1	205142 4584
12	273265	2.3	1	267642 5623
13	293682	0.6	1	286769 6913
14	221561	0.6	1	215996 5565
15	273940	0.6	1	266834 7106
16	194731	0.6	1	189597 5134
17	266818	0.6	1	258651 8167
18	237338	0.6	1	231402 5936
19	223307	0.6	1	217663 5644
20	238359	0.6	1	231879 6480
21	212915	0.6	1	207415 5500
22	210949	0.6	1	205198 5751
23	180862	0.6	1	176692 4170
24	192392	0.6	1	187723 4669
25	220075	0.6	1	214682 5393
26	107316	0.6	1	104779 2537
27	166679	0.6	1	162446 4233
28	193136	0.6	1	188240 4896
29	123154	0.6	1	119920 3234
30	137501	0.6	1	134166 3335
31	117278	0.6	1	114726 2552
32	150249	0.6	1	147075 3174
33	85963	0.6	1	83811 2152
34	141185	0.6	1	138120 3065
35	61066	0.6	1	59469 1597
36	106557	0.6	1	104121 2436
37	71095	0.6	1	69337 1758
38	89436	0.6	1	87601 1835
39	56291	0.6	1	55246 1045
40	78591	0.6	1	77088 1503
41	124190	0.6	1	122443 1747
42	18390	0.6	1	18081 309
43	17836	0.6	1	17524 312
44	14769	0.6	1	14526 243
45	29338	0.6	1	28931 407
46	28898	0.6	1	28531 367
47	30467	0.6	1	30009 458
48	23279	0.6	1	22950 329
49	23653	0.6	1	23263 390
50	19358	0.6	1	19044 314
51	19454	0.6	1	19126 328
52	19448	0.6	1	19164 284
53	17244	0.6	1	16978 266
54	9641	0.6	1	9485 156
55	13851	0.6	1	13642 209
56	8627	0.6	1	8506 121
57	8440	0.6	1	8277 163
58	7904	0.6	1	7751 153
59	5989	0.6	1	5887 102
60	5000	0.6	1	4912 88
61	6680	0.6	1	6570 110
62	4440	0.6	1	4369 71
63	4432	0.6	1	4372 60
64	3569	0.6	1	3511 58
65	2857	0.6	1	2809 48
66	2670	0.6	1	2621 49
67	2509	0.6	1	2448 61
68	2254	0.6	1	2205 49
69	1990	0.6	1	1930 60
70	1728	0.6	1	1672 56
71	1663	0.6	1	1586 77
72	1700	0.6	1	1522 178
73	2725	0.6	1	1798 927
74	4418	0.6	1	4183 235
75	1373	0.6	1	1336 37
76	332	0.6	1	314 18
77	146	0.6	1	123 23
78	73	0.6	1	56 17
79	33	0.6	1	21 12
80	43	0.6	1	14 29
81	20	0.6	1	14 6
82	10	0.6	1	8 2
83	18	0.6	1	8 10
84	11	0.6	1	7 4
85	13	0.6	1	4 9
86	10	0.6	1	3 7
87	16	0.6	1	3 13
88	15	0.6	1	1 14
89	11	0.6	1	1 10
90	13	0.6	1	0 13
91	40	0.6	1	0 40
92	19	0.6	1	0 19
93	31	0.6	1	0 31
94	71	0.6	1	2 69
95	55	0.6	1	1 54
96	18	0.6	1	0 18
97	4	0.6	1	0 4
98	23	0.6	1	0 23
99	26	0.6	1	0 26
100	43	0.6	1	0 43
101	3	0.6	1	0 3
102	14	0.6	1	1 13
103	13	0.6	1	0 13
104	17	0.6	1	0 17
105	6	0.6	1	1 5
106	5	0.6	1	0 5
107	1	0.6	1	0 1
108	3	0.6	1	0 3
109	3	0.6	1	0 3
110	4	0.6	1	0 4
111	3	0.6	1	0 3
112	9	0.6	1	0 9
113	6	0.6	1	0 6
114	12	0.6	1	0 12
115	27	0.6	1	0 27
116	11	0.6	1	0 11
117	23	0.6	1	0 23
118	7	0.6	1	0 7
119	9	0.6	1	0 9
120	9	0.6	1	0 9
121	11	0.6	1	0 11
122	8	0.6	1	1 7
123	5	0.6	1	1 4
124	2	0.6	1	0 2
125	3	0.6	1	0 3
126	5	0.6	1	0 5

RUN STATISTICS FOR INPUT FILE: SRX7101033_1.fastq.gz
=============================================
38077568 sequences processed in total

