
SUMMARISING RUN PARAMETERS
==========================
Input filename: SRX7101023_1.fastq.gz
Trimming mode: paired-end
Trim Galore version: 0.6.10
Cutadapt version: 4.4
Python version: could not detect
Number of cores used for trimming: 4
Quality Phred score cutoff: 20
Quality encoding type selected: ASCII+33
Using Illumina adapter for trimming (count: 131784). Second best hit was Nextera (count: 1)
Adapter sequence: 'AGATCGGAAGAGC' (Illumina TruSeq, Sanger iPCR; auto-detected)
Maximum trimming error rate: 0.1 (default)
Minimum required adapter overlap (stringency): 1 bp
Minimum required sequence length for both reads before a sequence pair gets removed: 20 bp
Running FastQC on the data once trimming has completed
Output file will be GZIP compressed


This is cutadapt 4.4 with Python 3.7.16
Command line parameters: -j 4 -e 0.1 -q 20 -O 1 -a AGATCGGAAGAGC SRX7101023_1.fastq.gz
Processing single-end reads on 4 cores ...
Finished in 334.769 s (8.672 µs/read; 6.92 M reads/minute).

=== Summary ===

Total reads processed:              38,601,924
Reads with adapters:                17,820,560 (46.2%)
Reads written (passing filters):    38,601,924 (100.0%)

Total basepairs processed: 4,863,842,424 bp
Quality-trimmed:              63,628,141 bp (1.3%)
Total written (filtered):  4,634,863,285 bp (95.3%)

=== Adapter 1 ===

Sequence: AGATCGGAAGAGC; Type: regular 3'; Length: 13; Trimmed: 17820560 times

Minimum overlap: 1
No. of allowed errors:
1-9 bp: 0; 10-13 bp: 1

Bases preceding removed adapters:
  A: 25.9%
  C: 28.8%
  G: 29.5%
  T: 15.8%
  none/other: 0.0%

Overview of removed sequences
length	count	expect	max.err	error counts
1	7363453	9650481.0	0	7363453
2	1831183	2412620.2	0	1831183
3	812034	603155.1	0	812034
4	335083	150788.8	0	335083
5	330362	37697.2	0	330362
6	330145	9424.3	0	330145
7	355037	2356.1	0	355037
8	275035	589.0	0	275035
9	344174	147.3	0	343452 722
10	267442	36.8	1	262140 5302
11	228882	9.2	1	224186 4696
12	291350	2.3	1	285533 5817
13	301464	0.6	1	294802 6662
14	225616	0.6	1	220482 5134
15	271445	0.6	1	264789 6656
16	213235	0.6	1	207761 5474
17	257312	0.6	1	249882 7430
18	235588	0.6	1	230057 5531
19	219838	0.6	1	214500 5338
20	235977	0.6	1	229978 5999
21	201007	0.6	1	196083 4924
22	205631	0.6	1	200489 5142
23	182303	0.6	1	178267 4036
24	193052	0.6	1	188433 4619
25	219616	0.6	1	214345 5271
26	107127	0.6	1	104756 2371
27	161013	0.6	1	157225 3788
28	177089	0.6	1	172838 4251
29	119753	0.6	1	116625 3128
30	125565	0.6	1	122706 2859
31	118951	0.6	1	116283 2668
32	144839	0.6	1	141689 3150
33	65858	0.6	1	64235 1623
34	104393	0.6	1	101893 2500
35	114496	0.6	1	111894 2602
36	85784	0.6	1	83694 2090
37	76701	0.6	1	75005 1696
38	92516	0.6	1	90694 1822
39	43743	0.6	1	42968 775
40	68427	0.6	1	67228 1199
41	117369	0.6	1	115696 1673
42	14530	0.6	1	14215 315
43	22951	0.6	1	22578 373
44	13067	0.6	1	12846 221
45	30495	0.6	1	30056 439
46	26562	0.6	1	26198 364
47	28977	0.6	1	28545 432
48	22585	0.6	1	22270 315
49	23925	0.6	1	23535 390
50	18434	0.6	1	18164 270
51	19734	0.6	1	19414 320
52	20147	0.6	1	19839 308
53	16648	0.6	1	16405 243
54	9372	0.6	1	9221 151
55	14310	0.6	1	14134 176
56	8578	0.6	1	8437 141
57	8349	0.6	1	8203 146
58	8234	0.6	1	8062 172
59	6092	0.6	1	5998 94
60	4986	0.6	1	4877 109
61	7349	0.6	1	7245 104
62	4866	0.6	1	4790 76
63	4903	0.6	1	4816 87
64	3720	0.6	1	3653 67
65	3104	0.6	1	3021 83
66	3018	0.6	1	2924 94
67	2677	0.6	1	2622 55
68	2436	0.6	1	2362 74
69	2289	0.6	1	2226 63
70	2040	0.6	1	1974 66
71	1843	0.6	1	1742 101
72	1930	0.6	1	1720 210
73	3230	0.6	1	2102 1128
74	4744	0.6	1	4476 268
75	1592	0.6	1	1515 77
76	428	0.6	1	390 38
77	185	0.6	1	149 36
78	106	0.6	1	70 36
79	87	0.6	1	50 37
80	67	0.6	1	20 47
81	47	0.6	1	15 32
82	32	0.6	1	11 21
83	22	0.6	1	3 19
84	28	0.6	1	6 22
85	57	0.6	1	3 54
86	57	0.6	1	3 54
87	57	0.6	1	2 55
88	61	0.6	1	1 60
89	39	0.6	1	1 38
90	19	0.6	1	0 19
91	38	0.6	1	0 38
92	47	0.6	1	1 46
93	40	0.6	1	2 38
94	92	0.6	1	0 92
95	80	0.6	1	0 80
96	35	0.6	1	0 35
97	41	0.6	1	1 40
98	97	0.6	1	0 97
99	65	0.6	1	0 65
100	54	0.6	1	1 53
101	33	0.6	1	0 33
102	14	0.6	1	0 14
103	30	0.6	1	0 30
104	41	0.6	1	0 41
105	37	0.6	1	0 37
106	26	0.6	1	0 26
107	21	0.6	1	0 21
108	38	0.6	1	0 38
109	22	0.6	1	1 21
110	18	0.6	1	0 18
111	13	0.6	1	2 11
112	35	0.6	1	1 34
113	44	0.6	1	0 44
114	67	0.6	1	0 67
115	72	0.6	1	0 72
116	72	0.6	1	0 72
117	164	0.6	1	0 164
118	40	0.6	1	2 38
119	44	0.6	1	0 44
120	66	0.6	1	0 66
121	44	0.6	1	0 44
122	82	0.6	1	0 82
123	31	0.6	1	0 31
124	7	0.6	1	0 7
125	6	0.6	1	0 6
126	7	0.6	1	0 7

RUN STATISTICS FOR INPUT FILE: SRX7101023_1.fastq.gz
=============================================
38601924 sequences processed in total

