
SUMMARISING RUN PARAMETERS
==========================
Input filename: SRX7101024_1.fastq.gz
Trimming mode: paired-end
Trim Galore version: 0.6.10
Cutadapt version: 4.4
Python version: could not detect
Number of cores used for trimming: 4
Quality Phred score cutoff: 20
Quality encoding type selected: ASCII+33
Using Illumina adapter for trimming (count: 143116). Second best hit was smallRNA (count: 0)
Adapter sequence: 'AGATCGGAAGAGC' (Illumina TruSeq, Sanger iPCR; auto-detected)
Maximum trimming error rate: 0.1 (default)
Minimum required adapter overlap (stringency): 1 bp
Minimum required sequence length for both reads before a sequence pair gets removed: 20 bp
Running FastQC on the data once trimming has completed
Output file will be GZIP compressed


This is cutadapt 4.4 with Python 3.7.16
Command line parameters: -j 4 -e 0.1 -q 20 -O 1 -a AGATCGGAAGAGC SRX7101024_1.fastq.gz
Processing single-end reads on 4 cores ...
Finished in 303.681 s (8.565 µs/read; 7.01 M reads/minute).

=== Summary ===

Total reads processed:              35,458,017
Reads with adapters:                16,880,773 (47.6%)
Reads written (passing filters):    35,458,017 (100.0%)

Total basepairs processed: 4,467,710,142 bp
Quality-trimmed:             110,722,357 bp (2.5%)
Total written (filtered):  4,202,397,715 bp (94.1%)

=== Adapter 1 ===

Sequence: AGATCGGAAGAGC; Type: regular 3'; Length: 13; Trimmed: 16880773 times

Minimum overlap: 1
No. of allowed errors:
1-9 bp: 0; 10-13 bp: 1

Bases preceding removed adapters:
  A: 26.5%
  C: 28.7%
  G: 28.6%
  T: 16.1%
  none/other: 0.0%

Overview of removed sequences
length	count	expect	max.err	error counts
1	7488326	8864504.2	0	7488326
2	1418552	2216126.1	0	1418552
3	805194	554031.5	0	805194
4	283073	138507.9	0	283073
5	272137	34627.0	0	272137
6	320229	8656.7	0	320229
7	264378	2164.2	0	264378
8	292498	541.0	0	292498
9	353766	135.3	0	353111 655
10	196087	33.8	1	189748 6339
11	237837	8.5	1	230059 7778
12	244344	2.1	1	236825 7519
13	253324	0.5	1	244557 8767
14	223775	0.5	1	215779 7996
15	221356	0.5	1	212538 8818
16	225165	0.5	1	215073 10092
17	247919	0.5	1	235918 12001
18	233982	0.5	1	224667 9315
19	189034	0.5	1	182712 6322
20	193988	0.5	1	186972 7016
21	157994	0.5	1	153081 4913
22	132998	0.5	1	128596 4402
23	196807	0.5	1	189934 6873
24	206038	0.5	1	198546 7492
25	208383	0.5	1	201082 7301
26	80824	0.5	1	77652 3172
27	181994	0.5	1	175570 6424
28	157621	0.5	1	152524 5097
29	120612	0.5	1	116455 4157
30	108222	0.5	1	104776 3446
31	120478	0.5	1	117059 3419
32	117930	0.5	1	114781 3149
33	60903	0.5	1	58743 2160
34	106235	0.5	1	102891 3344
35	106280	0.5	1	103052 3228
36	108748	0.5	1	105748 3000
37	61109	0.5	1	59504 1605
38	49335	0.5	1	48141 1194
39	70546	0.5	1	68901 1645
40	69479	0.5	1	67878 1601
41	77491	0.5	1	75746 1745
42	79808	0.5	1	78169 1639
43	99416	0.5	1	97807 1609
44	7004	0.5	1	6786 218
45	6651	0.5	1	6494 157
46	3623	0.5	1	3494 129
47	16852	0.5	1	16542 310
48	14515	0.5	1	14261 254
49	20137	0.5	1	19800 337
50	14448	0.5	1	14209 239
51	17797	0.5	1	17455 342
52	10759	0.5	1	10563 196
53	17086	0.5	1	16795 291
54	16050	0.5	1	15768 282
55	12612	0.5	1	12427 185
56	6349	0.5	1	6224 125
57	9689	0.5	1	9537 152
58	7303	0.5	1	7148 155
59	5527	0.5	1	5424 103
60	5908	0.5	1	5779 129
61	4660	0.5	1	4559 101
62	2946	0.5	1	2863 83
63	5497	0.5	1	5401 96
64	3570	0.5	1	3480 90
65	3088	0.5	1	2992 96
66	2288	0.5	1	2191 97
67	2203	0.5	1	2151 52
68	1955	0.5	1	1909 46
69	2041	0.5	1	1982 59
70	1918	0.5	1	1865 53
71	1691	0.5	1	1632 59
72	1476	0.5	1	1422 54
73	1406	0.5	1	1340 66
74	1443	0.5	1	1308 135
75	2154	0.5	1	1672 482
76	2689	0.5	1	2547 142
77	723	0.5	1	674 49
78	232	0.5	1	197 35
79	109	0.5	1	78 31
80	70	0.5	1	35 35
81	47	0.5	1	19 28
82	52	0.5	1	15 37
83	29	0.5	1	14 15
84	30	0.5	1	6 24
85	57	0.5	1	2 55
86	47	0.5	1	3 44
87	55	0.5	1	4 51
88	66	0.5	1	2 64
89	30	0.5	1	1 29
90	25	0.5	1	0 25
91	39	0.5	1	0 39
92	52	0.5	1	1 51
93	40	0.5	1	0 40
94	89	0.5	1	0 89
95	52	0.5	1	0 52
96	48	0.5	1	0 48
97	44	0.5	1	0 44
98	84	0.5	1	0 84
99	67	0.5	1	0 67
100	55	0.5	1	0 55
101	26	0.5	1	0 26
102	11	0.5	1	0 11
103	29	0.5	1	0 29
104	56	0.5	1	0 56
105	34	0.5	1	0 34
106	24	0.5	1	0 24
107	17	0.5	1	0 17
108	39	0.5	1	0 39
109	25	0.5	1	1 24
110	18	0.5	1	0 18
111	37	0.5	1	0 37
112	50	0.5	1	0 50
113	42	0.5	1	0 42
114	73	0.5	1	0 73
115	53	0.5	1	0 53
116	110	0.5	1	0 110
117	124	0.5	1	0 124
118	33	0.5	1	0 33
119	51	0.5	1	0 51
120	71	0.5	1	0 71
121	48	0.5	1	0 48
122	76	0.5	1	0 76
123	19	0.5	1	0 19
124	6	0.5	1	0 6
125	4	0.5	1	0 4
126	5	0.5	1	0 5

RUN STATISTICS FOR INPUT FILE: SRX7101024_1.fastq.gz
=============================================
35458017 sequences processed in total

