
SUMMARISING RUN PARAMETERS
==========================
Input filename: Kiley_A_DZM0422_Anaerobic_A_1.fastq.gz
Trimming mode: paired-end
Trim Galore version: 0.6.10
Cutadapt version: 4.4
Python version: could not detect
Number of cores used for trimming: 4
Quality Phred score cutoff: 20
Quality encoding type selected: ASCII+33
Using Illumina adapter for trimming (count: 301610). Second best hit was Nextera (count: 1)
Adapter sequence: 'AGATCGGAAGAGC' (Illumina TruSeq, Sanger iPCR; auto-detected)
Maximum trimming error rate: 0.1 (default)
Minimum required adapter overlap (stringency): 1 bp
Minimum required sequence length for both reads before a sequence pair gets removed: 20 bp
Running FastQC on the data once trimming has completed
Output file will be GZIP compressed


This is cutadapt 4.4 with Python 3.7.16
Command line parameters: -j 4 -e 0.1 -q 20 -O 1 -a AGATCGGAAGAGC Kiley_A_DZM0422_Anaerobic_A_1.fastq.gz
Processing single-end reads on 4 cores ...
Finished in 245.820 s (6.589 µs/read; 9.11 M reads/minute).

=== Summary ===

Total reads processed:              37,305,687
Reads with adapters:                21,565,339 (57.8%)
Reads written (passing filters):    37,305,687 (100.0%)

Total basepairs processed: 5,595,853,050 bp
Quality-trimmed:               3,813,057 bp (0.1%)
Total written (filtered):  5,092,031,721 bp (91.0%)

=== Adapter 1 ===

Sequence: AGATCGGAAGAGC; Type: regular 3'; Length: 13; Trimmed: 21565339 times

Minimum overlap: 1
No. of allowed errors:
1-9 bp: 0; 10-13 bp: 1

Bases preceding removed adapters:
  A: 21.3%
  C: 32.3%
  G: 31.0%
  T: 15.3%
  none/other: 0.2%

Overview of removed sequences
length	count	expect	max.err	error counts
1	5903861	9326421.8	0	5903861
2	1581280	2331605.4	0	1581280
3	626293	582901.4	0	626293
4	307907	145725.3	0	307907
5	248767	36431.3	0	248767
6	218115	9107.8	0	218115
7	210747	2277.0	0	210747
8	221213	569.2	0	221213
9	215318	142.3	0	214737 581
10	214208	35.6	1	210677 3531
11	228086	8.9	1	222295 5791
12	222201	2.2	1	218296 3905
13	220168	0.6	1	216057 4111
14	223797	0.6	1	218512 5285
15	222854	0.6	1	218650 4204
16	232659	0.6	1	226357 6302
17	235851	0.6	1	229764 6087
18	219976	0.6	1	216049 3927
19	215751	0.6	1	211714 4037
20	225415	0.6	1	220870 4545
21	222139	0.6	1	217734 4405
22	219173	0.6	1	215390 3783
23	226332	0.6	1	221777 4555
24	233839	0.6	1	227891 5948
25	217799	0.6	1	213354 4445
26	218972	0.6	1	214953 4019
27	217834	0.6	1	213606 4228
28	210645	0.6	1	206801 3844
29	222195	0.6	1	216401 5794
30	216182	0.6	1	212820 3362
31	215114	0.6	1	211256 3858
32	214440	0.6	1	210708 3732
33	216440	0.6	1	211431 5009
34	214409	0.6	1	209840 4569
35	209564	0.6	1	205987 3577
36	197266	0.6	1	194122 3144
37	208723	0.6	1	203373 5350
38	208102	0.6	1	204009 4093
39	196651	0.6	1	193724 2927
40	193454	0.6	1	189795 3659
41	193299	0.6	1	190011 3288
42	196411	0.6	1	193098 3313
43	194422	0.6	1	189973 4449
44	184281	0.6	1	180323 3958
45	310861	0.6	1	306952 3909
46	58211	0.6	1	56060 2151
47	173373	0.6	1	170769 2604
48	197184	0.6	1	194250 2934
49	179102	0.6	1	176175 2927
50	157273	0.6	1	154085 3188
51	169461	0.6	1	165839 3622
52	151321	0.6	1	148998 2323
53	135773	0.6	1	133573 2200
54	146779	0.6	1	143990 2789
55	140867	0.6	1	138743 2124
56	131894	0.6	1	129603 2291
57	134663	0.6	1	132422 2241
58	147541	0.6	1	145237 2304
59	125824	0.6	1	123616 2208
60	110117	0.6	1	108620 1497
61	84353	0.6	1	82842 1511
62	108393	0.6	1	106790 1603
63	103301	0.6	1	101870 1431
64	83935	0.6	1	82600 1335
65	81753	0.6	1	80031 1722
66	169986	0.6	1	168185 1801
67	132571	0.6	1	130380 2191
68	171546	0.6	1	169418 2128
69	145861	0.6	1	143522 2339
70	132304	0.6	1	130364 1940
71	4512	0.6	1	4107 405
72	6840	0.6	1	6551 289
73	42371	0.6	1	41758 613
74	54264	0.6	1	53618 646
75	57555	0.6	1	56656 899
76	59708	0.6	1	58735 973
77	55364	0.6	1	54522 842
78	49700	0.6	1	49005 695
79	54453	0.6	1	53726 727
80	42231	0.6	1	41678 553
81	28181	0.6	1	27787 394
82	27281	0.6	1	26890 391
83	22957	0.6	1	22619 338
84	21351	0.6	1	21037 314
85	20195	0.6	1	19881 314
86	18302	0.6	1	18025 277
87	14960	0.6	1	14730 230
88	18965	0.6	1	18709 256
89	14997	0.6	1	14678 319
90	14888	0.6	1	14432 456
91	12524	0.6	1	12293 231
92	10670	0.6	1	10462 208
93	8951	0.6	1	8795 156
94	8599	0.6	1	8417 182
95	10139	0.6	1	9978 161
96	8126	0.6	1	8000 126
97	15969	0.6	1	15745 224
98	9212	0.6	1	9074 138
99	15501	0.6	1	15266 235
100	14838	0.6	1	14643 195
101	5612	0.6	1	5532 80
102	4311	0.6	1	4222 89
103	3605	0.6	1	3560 45
104	4117	0.6	1	4047 70
105	3776	0.6	1	3702 74
106	4035	0.6	1	3975 60
107	3388	0.6	1	3336 52
108	2480	0.6	1	2441 39
109	2269	0.6	1	2242 27
110	1925	0.6	1	1881 44
111	1939	0.6	1	1908 31
112	1443	0.6	1	1409 34
113	1685	0.6	1	1659 26
114	1526	0.6	1	1503 23
115	1376	0.6	1	1345 31
116	1249	0.6	1	1190 59
117	1073	0.6	1	1052 21
118	1205	0.6	1	1148 57
119	725	0.6	1	650 75
120	488	0.6	1	470 18
121	439	0.6	1	411 28
122	409	0.6	1	240 169
123	242	0.6	1	175 67
124	178	0.6	1	134 44
125	111	0.6	1	82 29
126	133	0.6	1	122 11
127	146	0.6	1	122 24
128	194	0.6	1	151 43
129	238	0.6	1	179 59
130	178	0.6	1	165 13
131	321	0.6	1	301 20
132	1013	0.6	1	948 65
133	658	0.6	1	606 52
134	324	0.6	1	294 30
135	260	0.6	1	239 21
136	394	0.6	1	344 50
137	398	0.6	1	326 72
138	559	0.6	1	439 120
139	431	0.6	1	385 46
140	534	0.6	1	485 49
141	981	0.6	1	645 336
142	424	0.6	1	391 33
143	486	0.6	1	442 44
144	572	0.6	1	551 21
145	612	0.6	1	548 64
146	1143	0.6	1	950 193
147	1262	0.6	1	1142 120
148	397	0.6	1	338 59
149	237	0.6	1	75 162
150	33834	0.6	1	1911 31923

RUN STATISTICS FOR INPUT FILE: Kiley_A_DZM0422_Anaerobic_A_1.fastq.gz
=============================================
37305687 sequences processed in total

