
SUMMARISING RUN PARAMETERS
==========================
Input filename: Kiley_A_WT_Aerobic_A_1.fastq.gz
Trimming mode: paired-end
Trim Galore version: 0.6.10
Cutadapt version: 4.4
Python version: could not detect
Number of cores used for trimming: 4
Quality Phred score cutoff: 20
Quality encoding type selected: ASCII+33
Using Illumina adapter for trimming (count: 324350). Second best hit was Nextera (count: 2)
Adapter sequence: 'AGATCGGAAGAGC' (Illumina TruSeq, Sanger iPCR; auto-detected)
Maximum trimming error rate: 0.1 (default)
Minimum required adapter overlap (stringency): 1 bp
Minimum required sequence length for both reads before a sequence pair gets removed: 20 bp
Running FastQC on the data once trimming has completed
Output file will be GZIP compressed


This is cutadapt 4.4 with Python 3.7.16
Command line parameters: -j 4 -e 0.1 -q 20 -O 1 -a AGATCGGAAGAGC Kiley_A_WT_Aerobic_A_1.fastq.gz
Processing single-end reads on 4 cores ...
Finished in 217.328 s (6.637 µs/read; 9.04 M reads/minute).

=== Summary ===

Total reads processed:              32,745,805
Reads with adapters:                19,364,983 (59.1%)
Reads written (passing filters):    32,745,805 (100.0%)

Total basepairs processed: 4,911,870,750 bp
Quality-trimmed:              18,428,910 bp (0.4%)
Total written (filtered):  4,436,306,476 bp (90.3%)

=== Adapter 1 ===

Sequence: AGATCGGAAGAGC; Type: regular 3'; Length: 13; Trimmed: 19364983 times

Minimum overlap: 1
No. of allowed errors:
1-9 bp: 0; 10-13 bp: 1

Bases preceding removed adapters:
  A: 20.9%
  C: 32.6%
  G: 31.2%
  T: 15.2%
  none/other: 0.1%

Overview of removed sequences
length	count	expect	max.err	error counts
1	5039416	8186451.2	0	5039416
2	1302016	2046612.8	0	1302016
3	525870	511653.2	0	525870
4	264260	127913.3	0	264260
5	213871	31978.3	0	213871
6	190806	7994.6	0	190806
7	184990	1998.6	0	184990
8	192808	499.7	0	192808
9	188322	124.9	0	187812 510
10	188495	31.2	1	185611 2884
11	201146	7.8	1	196505 4641
12	194877	2.0	1	191713 3164
13	195445	0.5	1	192304 3141
14	197979	0.5	1	193863 4116
15	199108	0.5	1	195696 3412
16	203403	0.5	1	198967 4436
17	206759	0.5	1	202107 4652
18	195952	0.5	1	192840 3112
19	192770	0.5	1	189656 3114
20	202670	0.5	1	199044 3626
21	200239	0.5	1	196764 3475
22	197446	0.5	1	194482 2964
23	205141	0.5	1	201489 3652
24	210040	0.5	1	205494 4546
25	199298	0.5	1	195951 3347
26	200616	0.5	1	197540 3076
27	198567	0.5	1	195210 3357
28	193438	0.5	1	190491 2947
29	204288	0.5	1	199934 4354
30	199265	0.5	1	196498 2767
31	199422	0.5	1	196419 3003
32	198085	0.5	1	195179 2906
33	199941	0.5	1	196262 3679
34	193898	0.5	1	190703 3195
35	195281	0.5	1	192396 2885
36	187445	0.5	1	184335 3110
37	194140	0.5	1	190112 4028
38	197665	0.5	1	194440 3225
39	183822	0.5	1	181227 2595
40	185614	0.5	1	182642 2972
41	190007	0.5	1	187182 2825
42	178821	0.5	1	175617 3204
43	204587	0.5	1	198230 6357
44	182428	0.5	1	178563 3865
45	320719	0.5	1	316165 4554
46	64976	0.5	1	62890 2086
47	189149	0.5	1	184073 5076
48	976679	0.5	1	969367 7312
49	186424	0.5	1	183089 3335
50	38138	0.5	1	36093 2045
51	323811	0.5	1	320593 3218
52	119452	0.5	1	117629 1823
53	33341	0.5	1	32013 1328
54	237960	0.5	1	235452 2508
55	266756	0.5	1	264881 1875
56	72504	0.5	1	71381 1123
57	72165	0.5	1	71367 798
58	31371	0.5	1	30510 861
59	145983	0.5	1	144700 1283
60	13472	0.5	1	12920 552
61	22407	0.5	1	21830 577
62	104468	0.5	1	103677 791
63	26051	0.5	1	25623 428
64	11458	0.5	1	11084 374
65	63892	0.5	1	62970 922
66	130154	0.5	1	129262 892
67	10446	0.5	1	9920 526
68	49108	0.5	1	48326 782
69	76634	0.5	1	75445 1189
70	82638	0.5	1	81521 1117
71	4041	0.5	1	3642 399
72	2489	0.5	1	2230 259
73	17058	0.5	1	16681 377
74	39196	0.5	1	38759 437
75	50611	0.5	1	49962 649
76	54449	0.5	1	53745 704
77	51198	0.5	1	50408 790
78	47016	0.5	1	46447 569
79	49673	0.5	1	49120 553
80	39199	0.5	1	38704 495
81	26188	0.5	1	25850 338
82	25457	0.5	1	25108 349
83	21119	0.5	1	20858 261
84	19858	0.5	1	19607 251
85	18839	0.5	1	18555 284
86	17042	0.5	1	16802 240
87	13721	0.5	1	13540 181
88	18203	0.5	1	17967 236
89	13928	0.5	1	13661 267
90	13568	0.5	1	13101 467
91	11237	0.5	1	11030 207
92	9750	0.5	1	9572 178
93	8331	0.5	1	8185 146
94	7688	0.5	1	7561 127
95	9203	0.5	1	9056 147
96	7019	0.5	1	6922 97
97	13668	0.5	1	13488 180
98	7858	0.5	1	7755 103
99	12939	0.5	1	12776 163
100	12398	0.5	1	12241 157
101	4730	0.5	1	4662 68
102	3751	0.5	1	3695 56
103	2878	0.5	1	2834 44
104	3332	0.5	1	3265 67
105	3044	0.5	1	2981 63
106	3048	0.5	1	3008 40
107	2546	0.5	1	2518 28
108	2056	0.5	1	2023 33
109	1684	0.5	1	1652 32
110	1413	0.5	1	1383 30
111	1471	0.5	1	1438 33
112	1073	0.5	1	1049 24
113	1178	0.5	1	1162 16
114	927	0.5	1	910 17
115	902	0.5	1	879 23
116	858	0.5	1	806 52
117	699	0.5	1	674 25
118	802	0.5	1	728 74
119	555	0.5	1	445 110
120	340	0.5	1	292 48
121	355	0.5	1	317 38
122	375	0.5	1	152 223
123	183	0.5	1	122 61
124	152	0.5	1	109 43
125	126	0.5	1	90 36
126	105	0.5	1	79 26
127	120	0.5	1	97 23
128	146	0.5	1	98 48
129	199	0.5	1	135 64
130	149	0.5	1	114 35
131	202	0.5	1	186 16
132	740	0.5	1	696 44
133	488	0.5	1	406 82
134	268	0.5	1	228 40
135	212	0.5	1	195 17
136	282	0.5	1	208 74
137	347	0.5	1	231 116
138	458	0.5	1	278 180
139	299	0.5	1	225 74
140	352	0.5	1	262 90
141	798	0.5	1	395 403
142	251	0.5	1	206 45
143	308	0.5	1	264 44
144	418	0.5	1	368 50
145	428	0.5	1	361 67
146	868	0.5	1	590 278
147	860	0.5	1	723 137
148	315	0.5	1	227 88
149	208	0.5	1	57 151
150	24127	0.5	1	1727 22400

RUN STATISTICS FOR INPUT FILE: Kiley_A_WT_Aerobic_A_1.fastq.gz
=============================================
32745805 sequences processed in total

