
SUMMARISING RUN PARAMETERS
==========================
Input filename: Kiley_A_DZM0422_Anaerobic_B_2.fastq.gz
Trimming mode: paired-end
Trim Galore version: 0.6.10
Cutadapt version: 4.4
Python version: could not detect
Number of cores used for trimming: 4
Quality Phred score cutoff: 20
Quality encoding type selected: ASCII+33
Using Illumina adapter for trimming (count: 330349). Second best hit was Nextera (count: 0)
Adapter sequence: 'AGATCGGAAGAGC' (Illumina TruSeq, Sanger iPCR; auto-detected)
Maximum trimming error rate: 0.1 (default)
Minimum required adapter overlap (stringency): 1 bp
Minimum required sequence length for both reads before a sequence pair gets removed: 20 bp
Running FastQC on the data once trimming has completed
Output file will be GZIP compressed


This is cutadapt 4.4 with Python 3.7.16
Command line parameters: -j 4 -e 0.1 -q 20 -O 1 -a AGATCGGAAGAGC Kiley_A_DZM0422_Anaerobic_B_2.fastq.gz
Processing single-end reads on 4 cores ...
Finished in 216.213 s (6.855 µs/read; 8.75 M reads/minute).

=== Summary ===

Total reads processed:              31,539,542
Reads with adapters:                18,496,226 (58.6%)
Reads written (passing filters):    31,539,542 (100.0%)

Total basepairs processed: 4,730,931,300 bp
Quality-trimmed:               6,182,322 bp (0.1%)
Total written (filtered):  4,264,099,450 bp (90.1%)

=== Adapter 1 ===

Sequence: AGATCGGAAGAGC; Type: regular 3'; Length: 13; Trimmed: 18496226 times

Minimum overlap: 1
No. of allowed errors:
1-9 bp: 0; 10-13 bp: 1

Bases preceding removed adapters:
  A: 21.1%
  C: 35.9%
  G: 31.8%
  T: 11.3%
  none/other: 0.0%

Overview of removed sequences
length	count	expect	max.err	error counts
1	4559878	7884885.5	0	4559878
2	1065798	1971221.4	0	1065798
3	500782	492805.3	0	500782
4	269532	123201.3	0	269532
5	211309	30800.3	0	211309
6	196154	7700.1	0	196154
7	188241	1925.0	0	188241
8	203516	481.3	0	203516
9	176274	120.3	0	174686 1588
10	192084	30.1	1	187211 4873
11	198848	7.5	1	192907 5941
12	200418	1.9	1	194927 5491
13	194302	0.5	1	189059 5243
14	203058	0.5	1	196726 6332
15	195238	0.5	1	189748 5490
16	203852	0.5	1	198223 5629
17	227751	0.5	1	221386 6365
18	173073	0.5	1	168692 4381
19	228774	0.5	1	222718 6056
20	184792	0.5	1	180167 4625
21	189000	0.5	1	184108 4892
22	199306	0.5	1	194771 4535
23	201340	0.5	1	196632 4708
24	221144	0.5	1	215253 5891
25	219018	0.5	1	214003 5015
26	178065	0.5	1	173377 4688
27	192462	0.5	1	187173 5289
28	193856	0.5	1	189955 3901
29	197949	0.5	1	193147 4802
30	202269	0.5	1	197722 4547
31	198396	0.5	1	193667 4729
32	196729	0.5	1	192543 4186
33	198928	0.5	1	194304 4624
34	204747	0.5	1	199250 5497
35	183758	0.5	1	180086 3672
36	187640	0.5	1	183027 4613
37	196550	0.5	1	191725 4825
38	184510	0.5	1	180805 3705
39	189460	0.5	1	185328 4132
40	182596	0.5	1	178797 3799
41	178068	0.5	1	174671 3397
42	183011	0.5	1	179228 3783
43	175110	0.5	1	171595 3515
44	175893	0.5	1	172346 3547
45	194490	0.5	1	190406 4084
46	156784	0.5	1	153580 3204
47	167423	0.5	1	164530 2893
48	182186	0.5	1	178749 3437
49	161133	0.5	1	158290 2843
50	155392	0.5	1	152535 2857
51	193433	0.5	1	189833 3600
52	128471	0.5	1	126104 2367
53	127434	0.5	1	125138 2296
54	129819	0.5	1	127514 2305
55	129762	0.5	1	127786 1976
56	138341	0.5	1	135778 2563
57	112991	0.5	1	111003 1988
58	136674	0.5	1	134401 2273
59	122182	0.5	1	120112 2070
60	117015	0.5	1	114857 2158
61	137648	0.5	1	135316 2332
62	141347	0.5	1	138848 2499
63	234051	0.5	1	231276 2775
64	135949	0.5	1	134034 1915
65	41055	0.5	1	40047 1008
66	54579	0.5	1	53687 892
67	76247	0.5	1	75152 1095
68	67293	0.5	1	66203 1090
69	92272	0.5	1	90947 1325
70	84097	0.5	1	82891 1206
71	82079	0.5	1	80917 1162
72	67758	0.5	1	66710 1048
73	66916	0.5	1	65936 980
74	53269	0.5	1	52489 780
75	48786	0.5	1	48074 712
76	48194	0.5	1	47484 710
77	47895	0.5	1	47208 687
78	45601	0.5	1	45011 590
79	46375	0.5	1	45736 639
80	37236	0.5	1	36665 571
81	24813	0.5	1	24479 334
82	21689	0.5	1	21382 307
83	19788	0.5	1	19515 273
84	18445	0.5	1	18177 268
85	17573	0.5	1	17297 276
86	17506	0.5	1	17264 242
87	15647	0.5	1	15437 210
88	18935	0.5	1	18689 246
89	12982	0.5	1	12777 205
90	11984	0.5	1	11792 192
91	9620	0.5	1	9479 141
92	8758	0.5	1	8634 124
93	8193	0.5	1	8070 123
94	7387	0.5	1	7282 105
95	8946	0.5	1	8841 105
96	7713	0.5	1	7596 117
97	12683	0.5	1	12524 159
98	8652	0.5	1	8548 104
99	13969	0.5	1	13786 183
100	12953	0.5	1	12821 132
101	4859	0.5	1	4809 50
102	3627	0.5	1	3574 53
103	3084	0.5	1	3037 47
104	3755	0.5	1	3713 42
105	3247	0.5	1	3195 52
106	3616	0.5	1	3558 58
107	2838	0.5	1	2799 39
108	2313	0.5	1	2287 26
109	1961	0.5	1	1936 25
110	1495	0.5	1	1480 15
111	1631	0.5	1	1614 17
112	1259	0.5	1	1238 21
113	1500	0.5	1	1480 20
114	1259	0.5	1	1248 11
115	1147	0.5	1	1129 18
116	1081	0.5	1	1069 12
117	849	0.5	1	836 13
118	764	0.5	1	752 12
119	539	0.5	1	527 12
120	335	0.5	1	329 6
121	361	0.5	1	358 3
122	198	0.5	1	194 4
123	139	0.5	1	136 3
124	107	0.5	1	103 4
125	109	0.5	1	106 3
126	111	0.5	1	105 6
127	138	0.5	1	128 10
128	145	0.5	1	144 1
129	165	0.5	1	161 4
130	133	0.5	1	131 2
131	231	0.5	1	228 3
132	708	0.5	1	684 24
133	440	0.5	1	431 9
134	267	0.5	1	265 2
135	245	0.5	1	241 4
136	309	0.5	1	298 11
137	335	0.5	1	331 4
138	325	0.5	1	320 5
139	309	0.5	1	306 3
140	370	0.5	1	364 6
141	514	0.5	1	507 7
142	339	0.5	1	336 3
143	349	0.5	1	331 18
144	456	0.5	1	450 6
145	458	0.5	1	446 12
146	767	0.5	1	753 14
147	1005	0.5	1	978 27
148	284	0.5	1	281 3
149	83	0.5	1	75 8
150	1775	0.5	1	1594 181

RUN STATISTICS FOR INPUT FILE: Kiley_A_DZM0422_Anaerobic_B_2.fastq.gz
=============================================
31539542 sequences processed in total

Total number of sequences analysed for the sequence pair length validation: 31539542

Number of sequence pairs removed because at least one read was shorter than the length cutoff (20 bp): 35564 (0.11%)
