
SUMMARISING RUN PARAMETERS
==========================
Input filename: Kiley_A_DZM0422_Aerobic_C_1.fastq.gz
Trimming mode: paired-end
Trim Galore version: 0.6.10
Cutadapt version: 4.4
Python version: could not detect
Number of cores used for trimming: 4
Quality Phred score cutoff: 20
Quality encoding type selected: ASCII+33
Using Illumina adapter for trimming (count: 306717). Second best hit was Nextera (count: 1)
Adapter sequence: 'AGATCGGAAGAGC' (Illumina TruSeq, Sanger iPCR; auto-detected)
Maximum trimming error rate: 0.1 (default)
Minimum required adapter overlap (stringency): 1 bp
Minimum required sequence length for both reads before a sequence pair gets removed: 20 bp
Running FastQC on the data once trimming has completed
Output file will be GZIP compressed


This is cutadapt 4.4 with Python 3.7.16
Command line parameters: -j 4 -e 0.1 -q 20 -O 1 -a AGATCGGAAGAGC Kiley_A_DZM0422_Aerobic_C_1.fastq.gz
Processing single-end reads on 4 cores ...
Finished in 232.169 s (6.631 µs/read; 9.05 M reads/minute).

=== Summary ===

Total reads processed:              35,013,714
Reads with adapters:                20,280,173 (57.9%)
Reads written (passing filters):    35,013,714 (100.0%)

Total basepairs processed: 5,252,057,100 bp
Quality-trimmed:               2,746,391 bp (0.1%)
Total written (filtered):  4,774,461,067 bp (90.9%)

=== Adapter 1 ===

Sequence: AGATCGGAAGAGC; Type: regular 3'; Length: 13; Trimmed: 20280173 times

Minimum overlap: 1
No. of allowed errors:
1-9 bp: 0; 10-13 bp: 1

Bases preceding removed adapters:
  A: 21.3%
  C: 32.7%
  G: 30.6%
  T: 15.3%
  none/other: 0.2%

Overview of removed sequences
length	count	expect	max.err	error counts
1	5523629	8753428.5	0	5523629
2	1436324	2188357.1	0	1436324
3	575896	547089.3	0	575896
4	285401	136772.3	0	285401
5	234534	34193.1	0	234534
6	206703	8548.3	0	206703
7	200373	2137.1	0	200373
8	208814	534.3	0	208814
9	202573	133.6	0	202068 505
10	203941	33.4	1	200848 3093
11	217365	8.3	1	212920 4445
12	210187	2.1	1	207048 3139
13	208896	0.5	1	205570 3326
14	211981	0.5	1	207893 4088
15	213029	0.5	1	209663 3366
16	219631	0.5	1	214999 4632
17	223047	0.5	1	218474 4573
18	208346	0.5	1	205267 3079
19	206520	0.5	1	203370 3150
20	215824	0.5	1	212022 3802
21	210065	0.5	1	206626 3439
22	209280	0.5	1	206406 2874
23	216575	0.5	1	212785 3790
24	222661	0.5	1	218416 4245
25	207817	0.5	1	204563 3254
26	211224	0.5	1	208107 3117
27	207291	0.5	1	204020 3271
28	202299	0.5	1	199406 2893
29	212099	0.5	1	207931 4168
30	208386	0.5	1	205662 2724
31	203799	0.5	1	200917 2882
32	203327	0.5	1	200459 2868
33	206138	0.5	1	202465 3673
34	198879	0.5	1	195809 3070
35	199053	0.5	1	196252 2801
36	196779	0.5	1	193756 3023
37	193106	0.5	1	190239 2867
38	196514	0.5	1	192574 3940
39	185896	0.5	1	183449 2447
40	187234	0.5	1	184778 2456
41	176724	0.5	1	174355 2369
42	183634	0.5	1	181103 2531
43	176894	0.5	1	173814 3080
44	177730	0.5	1	174453 3277
45	286257	0.5	1	283460 2797
46	57001	0.5	1	55349 1652
47	159985	0.5	1	158124 1861
48	180178	0.5	1	177926 2252
49	166936	0.5	1	164827 2109
50	149022	0.5	1	146705 2317
51	154027	0.5	1	151603 2424
52	142316	0.5	1	140588 1728
53	128622	0.5	1	126996 1626
54	135847	0.5	1	133886 1961
55	129455	0.5	1	127792 1663
56	123457	0.5	1	121799 1658
57	121440	0.5	1	119819 1621
58	136709	0.5	1	134990 1719
59	111858	0.5	1	110343 1515
60	105255	0.5	1	103991 1264
61	78867	0.5	1	77711 1156
62	97768	0.5	1	96617 1151
63	93371	0.5	1	92374 997
64	79411	0.5	1	78426 985
65	74009	0.5	1	72823 1186
66	143151	0.5	1	141866 1285
67	133084	0.5	1	131404 1680
68	180787	0.5	1	178957 1830
69	140134	0.5	1	138241 1893
70	121247	0.5	1	119777 1470
71	4750	0.5	1	4452 298
72	7027	0.5	1	6750 277
73	41673	0.5	1	41150 523
74	53262	0.5	1	52715 547
75	56891	0.5	1	56164 727
76	57953	0.5	1	57199 754
77	54141	0.5	1	53411 730
78	49419	0.5	1	48828 591
79	53539	0.5	1	52962 577
80	42675	0.5	1	42174 501
81	27869	0.5	1	27543 326
82	26741	0.5	1	26446 295
83	22610	0.5	1	22335 275
84	21127	0.5	1	20874 253
85	20244	0.5	1	20019 225
86	18856	0.5	1	18645 211
87	14869	0.5	1	14707 162
88	19846	0.5	1	19581 265
89	15136	0.5	1	14899 237
90	15082	0.5	1	14693 389
91	12478	0.5	1	12290 188
92	10980	0.5	1	10810 170
93	9390	0.5	1	9259 131
94	8548	0.5	1	8422 126
95	10480	0.5	1	10308 172
96	8426	0.5	1	8327 99
97	18152	0.5	1	17964 188
98	9946	0.5	1	9842 104
99	17793	0.5	1	17583 210
100	18014	0.5	1	17818 196
101	6184	0.5	1	6120 64
102	4594	0.5	1	4543 51
103	3761	0.5	1	3713 48
104	4379	0.5	1	4299 80
105	4046	0.5	1	3974 72
106	4398	0.5	1	4330 68
107	3597	0.5	1	3563 34
108	2587	0.5	1	2549 38
109	2344	0.5	1	2307 37
110	2012	0.5	1	1974 38
111	1976	0.5	1	1940 36
112	1440	0.5	1	1417 23
113	1567	0.5	1	1545 22
114	1435	0.5	1	1422 13
115	1363	0.5	1	1334 29
116	1223	0.5	1	1185 38
117	1105	0.5	1	1067 38
118	1223	0.5	1	1135 88
119	782	0.5	1	679 103
120	511	0.5	1	480 31
121	437	0.5	1	414 23
122	490	0.5	1	271 219
123	213	0.5	1	147 66
124	223	0.5	1	139 84
125	155	0.5	1	96 59
126	152	0.5	1	127 25
127	150	0.5	1	127 23
128	211	0.5	1	170 41
129	205	0.5	1	145 60
130	200	0.5	1	173 27
131	272	0.5	1	262 10
132	1019	0.5	1	969 50
133	607	0.5	1	568 39
134	320	0.5	1	290 30
135	249	0.5	1	222 27
136	372	0.5	1	288 84
137	435	0.5	1	333 102
138	433	0.5	1	328 105
139	363	0.5	1	310 53
140	450	0.5	1	392 58
141	862	0.5	1	512 350
142	330	0.5	1	298 32
143	427	0.5	1	368 59
144	509	0.5	1	475 34
145	521	0.5	1	452 69
146	920	0.5	1	726 194
147	1089	0.5	1	1010 79
148	374	0.5	1	327 47
149	267	0.5	1	86 181
150	32862	0.5	1	2218 30644

RUN STATISTICS FOR INPUT FILE: Kiley_A_DZM0422_Aerobic_C_1.fastq.gz
=============================================
35013714 sequences processed in total

