
SUMMARISING RUN PARAMETERS
==========================
Input filename: Kiley_A_WT_Aerobic_C_1.fastq.gz
Trimming mode: paired-end
Trim Galore version: 0.6.10
Cutadapt version: 4.4
Python version: could not detect
Number of cores used for trimming: 4
Quality Phred score cutoff: 20
Quality encoding type selected: ASCII+33
Using Illumina adapter for trimming (count: 314942). Second best hit was Nextera (count: 0)
Adapter sequence: 'AGATCGGAAGAGC' (Illumina TruSeq, Sanger iPCR; auto-detected)
Maximum trimming error rate: 0.1 (default)
Minimum required adapter overlap (stringency): 1 bp
Minimum required sequence length for both reads before a sequence pair gets removed: 20 bp
Running FastQC on the data once trimming has completed
Output file will be GZIP compressed


This is cutadapt 4.4 with Python 3.7.16
Command line parameters: -j 4 -e 0.1 -q 20 -O 1 -a AGATCGGAAGAGC Kiley_A_WT_Aerobic_C_1.fastq.gz
Processing single-end reads on 4 cores ...
Finished in 214.075 s (6.601 µs/read; 9.09 M reads/minute).

=== Summary ===

Total reads processed:              32,429,765
Reads with adapters:                19,000,116 (58.6%)
Reads written (passing filters):    32,429,765 (100.0%)

Total basepairs processed: 4,864,464,750 bp
Quality-trimmed:               4,095,928 bp (0.1%)
Total written (filtered):  4,407,145,446 bp (90.6%)

=== Adapter 1 ===

Sequence: AGATCGGAAGAGC; Type: regular 3'; Length: 13; Trimmed: 19000116 times

Minimum overlap: 1
No. of allowed errors:
1-9 bp: 0; 10-13 bp: 1

Bases preceding removed adapters:
  A: 20.9%
  C: 32.4%
  G: 31.3%
  T: 15.3%
  none/other: 0.1%

Overview of removed sequences
length	count	expect	max.err	error counts
1	5010542	8107441.2	0	5010542
2	1325296	2026860.3	0	1325296
3	528882	506715.1	0	528882
4	267457	126678.8	0	267457
5	217410	31669.7	0	217410
6	193446	7917.4	0	193446
7	186807	1979.4	0	186807
8	194149	494.8	0	194149
9	188997	123.7	0	188429 568
10	190916	30.9	1	187901 3015
11	201812	7.7	1	197209 4603
12	197661	1.9	1	194437 3224
13	196612	0.5	1	193239 3373
14	198859	0.5	1	194679 4180
15	198819	0.5	1	195322 3497
16	203463	0.5	1	198786 4677
17	208013	0.5	1	203282 4731
18	195352	0.5	1	192104 3248
19	190950	0.5	1	187750 3200
20	201875	0.5	1	198188 3687
21	197449	0.5	1	193906 3543
22	195517	0.5	1	192341 3176
23	201667	0.5	1	197901 3766
24	206359	0.5	1	201959 4400
25	194968	0.5	1	191446 3522
26	196888	0.5	1	193568 3320
27	195285	0.5	1	191914 3371
28	192942	0.5	1	189847 3095
29	196796	0.5	1	192675 4121
30	196805	0.5	1	193821 2984
31	193921	0.5	1	190804 3117
32	196082	0.5	1	192898 3184
33	194301	0.5	1	190743 3558
34	190270	0.5	1	186704 3566
35	196166	0.5	1	192448 3718
36	179809	0.5	1	177026 2783
37	180233	0.5	1	177343 2890
38	184083	0.5	1	181321 2762
39	181235	0.5	1	177778 3457
40	182106	0.5	1	178708 3398
41	172856	0.5	1	170191 2665
42	169482	0.5	1	167020 2462
43	183919	0.5	1	180437 3482
44	168826	0.5	1	165138 3688
45	286852	0.5	1	283494 3358
46	63654	0.5	1	61700 1954
47	143668	0.5	1	141428 2240
48	198968	0.5	1	196243 2725
49	164130	0.5	1	161774 2356
50	120528	0.5	1	118098 2430
51	172290	0.5	1	169333 2957
52	131555	0.5	1	129761 1794
53	110507	0.5	1	108821 1686
54	135417	0.5	1	133069 2348
55	146932	0.5	1	145065 1867
56	120349	0.5	1	118451 1898
57	134234	0.5	1	132432 1802
58	129461	0.5	1	127528 1933
59	138484	0.5	1	136595 1889
60	83634	0.5	1	82427 1207
61	67282	0.5	1	66076 1206
62	117616	0.5	1	116206 1410
63	95810	0.5	1	94614 1196
64	68711	0.5	1	67698 1013
65	81416	0.5	1	79873 1543
66	202795	0.5	1	201131 1664
67	89561	0.5	1	87953 1608
68	136225	0.5	1	134548 1677
69	140320	0.5	1	138242 2078
70	121632	0.5	1	120073 1559
71	3456	0.5	1	3080 376
72	5338	0.5	1	5036 302
73	33852	0.5	1	33272 580
74	48774	0.5	1	48170 604
75	54107	0.5	1	53299 808
76	56337	0.5	1	55425 912
77	52053	0.5	1	51233 820
78	46395	0.5	1	45787 608
79	50436	0.5	1	49773 663
80	39339	0.5	1	38777 562
81	25669	0.5	1	25317 352
82	24696	0.5	1	24327 369
83	21080	0.5	1	20705 375
84	19272	0.5	1	19027 245
85	18152	0.5	1	17879 273
86	16761	0.5	1	16500 261
87	13289	0.5	1	13109 180
88	17926	0.5	1	17667 259
89	13569	0.5	1	13237 332
90	13552	0.5	1	13020 532
91	11117	0.5	1	10890 227
92	9534	0.5	1	9325 209
93	7929	0.5	1	7772 157
94	7395	0.5	1	7209 186
95	9157	0.5	1	8948 209
96	7138	0.5	1	7042 96
97	14985	0.5	1	14797 188
98	8275	0.5	1	8151 124
99	14462	0.5	1	14279 183
100	13346	0.5	1	13181 165
101	4827	0.5	1	4764 63
102	3560	0.5	1	3502 58
103	2928	0.5	1	2870 58
104	3627	0.5	1	3558 69
105	3228	0.5	1	3165 63
106	3384	0.5	1	3340 44
107	2738	0.5	1	2693 45
108	2169	0.5	1	2152 17
109	1960	0.5	1	1930 30
110	1597	0.5	1	1563 34
111	1735	0.5	1	1694 41
112	1188	0.5	1	1164 24
113	1367	0.5	1	1337 30
114	1157	0.5	1	1143 14
115	1091	0.5	1	1057 34
116	900	0.5	1	839 61
117	979	0.5	1	941 38
118	1068	0.5	1	969 99
119	637	0.5	1	529 108
120	365	0.5	1	341 24
121	389	0.5	1	364 25
122	408	0.5	1	193 215
123	166	0.5	1	113 53
124	157	0.5	1	111 46
125	138	0.5	1	79 59
126	120	0.5	1	96 24
127	118	0.5	1	98 20
128	163	0.5	1	116 47
129	211	0.5	1	148 63
130	162	0.5	1	136 26
131	226	0.5	1	210 16
132	892	0.5	1	825 67
133	609	0.5	1	527 82
134	287	0.5	1	241 46
135	199	0.5	1	173 26
136	330	0.5	1	227 103
137	378	0.5	1	229 149
138	446	0.5	1	267 179
139	383	0.5	1	280 103
140	449	0.5	1	339 110
141	1007	0.5	1	468 539
142	268	0.5	1	227 41
143	344	0.5	1	290 54
144	446	0.5	1	387 59
145	528	0.5	1	445 83
146	962	0.5	1	602 360
147	954	0.5	1	815 139
148	322	0.5	1	257 65
149	221	0.5	1	60 161
150	23623	0.5	1	1969 21654

RUN STATISTICS FOR INPUT FILE: Kiley_A_WT_Aerobic_C_1.fastq.gz
=============================================
32429765 sequences processed in total

