
SUMMARISING RUN PARAMETERS
==========================
Input filename: Kiley_A_WT_Aerobic_B_1.fastq.gz
Trimming mode: paired-end
Trim Galore version: 0.6.10
Cutadapt version: 4.4
Python version: could not detect
Number of cores used for trimming: 4
Quality Phred score cutoff: 20
Quality encoding type selected: ASCII+33
Using Illumina adapter for trimming (count: 315902). Second best hit was Nextera (count: 1)
Adapter sequence: 'AGATCGGAAGAGC' (Illumina TruSeq, Sanger iPCR; auto-detected)
Maximum trimming error rate: 0.1 (default)
Minimum required adapter overlap (stringency): 1 bp
Minimum required sequence length for both reads before a sequence pair gets removed: 20 bp
Running FastQC on the data once trimming has completed
Output file will be GZIP compressed


This is cutadapt 4.4 with Python 3.7.16
Command line parameters: -j 4 -e 0.1 -q 20 -O 1 -a AGATCGGAAGAGC Kiley_A_WT_Aerobic_B_1.fastq.gz
Processing single-end reads on 4 cores ...
Finished in 191.593 s (6.597 µs/read; 9.09 M reads/minute).

=== Summary ===

Total reads processed:              29,040,526
Reads with adapters:                16,997,067 (58.5%)
Reads written (passing filters):    29,040,526 (100.0%)

Total basepairs processed: 4,356,078,900 bp
Quality-trimmed:               3,481,835 bp (0.1%)
Total written (filtered):  3,937,965,223 bp (90.4%)

=== Adapter 1 ===

Sequence: AGATCGGAAGAGC; Type: regular 3'; Length: 13; Trimmed: 16997067 times

Minimum overlap: 1
No. of allowed errors:
1-9 bp: 0; 10-13 bp: 1

Bases preceding removed adapters:
  A: 21.0%
  C: 32.8%
  G: 30.7%
  T: 15.3%
  none/other: 0.1%

Overview of removed sequences
length	count	expect	max.err	error counts
1	4498132	7260131.5	0	4498132
2	1164717	1815032.9	0	1164717
3	467430	453758.2	0	467430
4	231373	113439.6	0	231373
5	187645	28359.9	0	187645
6	165308	7090.0	0	165308
7	160482	1772.5	0	160482
8	165696	443.1	0	165696
9	163378	110.8	0	162937 441
10	162868	27.7	1	160197 2671
11	174567	6.9	1	170525 4042
12	168559	1.7	1	165783 2776
13	166989	0.4	1	163963 3026
14	170340	0.4	1	166702 3638
15	170714	0.4	1	167570 3144
16	175781	0.4	1	171465 4316
17	177812	0.4	1	173547 4265
18	167816	0.4	1	165147 2669
19	165566	0.4	1	162706 2860
20	174989	0.4	1	171595 3394
21	170860	0.4	1	167772 3088
22	168956	0.4	1	166481 2475
23	174801	0.4	1	171401 3400
24	180767	0.4	1	176366 4401
25	169164	0.4	1	166074 3090
26	170784	0.4	1	167895 2889
27	169812	0.4	1	166855 2957
28	164553	0.4	1	161839 2714
29	175650	0.4	1	171671 3979
30	172336	0.4	1	169702 2634
31	169958	0.4	1	167236 2722
32	167966	0.4	1	165230 2736
33	172564	0.4	1	168892 3672
34	167488	0.4	1	164262 3226
35	162843	0.4	1	160617 2226
36	163838	0.4	1	160309 3529
37	160993	0.4	1	158251 2742
38	166273	0.4	1	163375 2898
39	162094	0.4	1	159295 2799
40	157465	0.4	1	154461 3004
41	154940	0.4	1	152676 2264
42	152665	0.4	1	150365 2300
43	163135	0.4	1	159650 3485
44	152256	0.4	1	149274 2982
45	254955	0.4	1	251947 3008
46	50325	0.4	1	48749 1576
47	146052	0.4	1	143964 2088
48	176792	0.4	1	174123 2669
49	155693	0.4	1	153382 2311
50	124777	0.4	1	122427 2350
51	154442	0.4	1	151505 2937
52	123667	0.4	1	121917 1750
53	111147	0.4	1	109547 1600
54	127052	0.4	1	124899 2153
55	127410	0.4	1	125620 1790
56	114314	0.4	1	112534 1780
57	121114	0.4	1	119382 1732
58	127174	0.4	1	125336 1838
59	124354	0.4	1	122451 1903
60	90585	0.4	1	89395 1190
61	70251	0.4	1	69133 1118
62	102170	0.4	1	100824 1346
63	91940	0.4	1	90825 1115
64	71047	0.4	1	70015 1032
65	79116	0.4	1	77652 1464
66	173167	0.4	1	171622 1545
67	99745	0.4	1	98171 1574
68	148815	0.4	1	147029 1786
69	138575	0.4	1	136576 1999
70	119910	0.4	1	118275 1635
71	3403	0.4	1	3055 348
72	5133	0.4	1	4865 268
73	33388	0.4	1	32883 505
74	46789	0.4	1	46180 609
75	50752	0.4	1	49975 777
76	51638	0.4	1	50821 817
77	48023	0.4	1	47305 718
78	43099	0.4	1	42475 624
79	45620	0.4	1	45053 567
80	36314	0.4	1	35830 484
81	24339	0.4	1	24049 290
82	23171	0.4	1	22881 290
83	19764	0.4	1	19492 272
84	18151	0.4	1	17894 257
85	17353	0.4	1	17131 222
86	16213	0.4	1	15963 250
87	13026	0.4	1	12816 210
88	17472	0.4	1	17199 273
89	13135	0.4	1	12853 282
90	12797	0.4	1	12352 445
91	10747	0.4	1	10538 209
92	9569	0.4	1	9356 213
93	7959	0.4	1	7819 140
94	7302	0.4	1	7133 169
95	8854	0.4	1	8698 156
96	6673	0.4	1	6592 81
97	13608	0.4	1	13425 183
98	7764	0.4	1	7653 111
99	12808	0.4	1	12646 162
100	11758	0.4	1	11602 156
101	4479	0.4	1	4423 56
102	3474	0.4	1	3421 53
103	2797	0.4	1	2756 41
104	3251	0.4	1	3193 58
105	3047	0.4	1	2989 58
106	3174	0.4	1	3127 47
107	2595	0.4	1	2562 33
108	1969	0.4	1	1942 27
109	1751	0.4	1	1725 26
110	1427	0.4	1	1387 40
111	1485	0.4	1	1448 37
112	1089	0.4	1	1072 17
113	1240	0.4	1	1219 21
114	986	0.4	1	969 17
115	917	0.4	1	897 20
116	931	0.4	1	894 37
117	734	0.4	1	710 24
118	802	0.4	1	727 75
119	528	0.4	1	422 106
120	288	0.4	1	261 27
121	306	0.4	1	282 24
122	337	0.4	1	148 189
123	176	0.4	1	111 65
124	139	0.4	1	96 43
125	127	0.4	1	86 41
126	115	0.4	1	94 21
127	93	0.4	1	81 12
128	133	0.4	1	96 37
129	166	0.4	1	100 66
130	126	0.4	1	107 19
131	183	0.4	1	167 16
132	580	0.4	1	532 48
133	395	0.4	1	345 50
134	247	0.4	1	222 25
135	212	0.4	1	173 39
136	250	0.4	1	178 72
137	345	0.4	1	226 119
138	445	0.4	1	286 159
139	267	0.4	1	217 50
140	362	0.4	1	275 87
141	790	0.4	1	398 392
142	242	0.4	1	186 56
143	326	0.4	1	274 52
144	388	0.4	1	339 49
145	426	0.4	1	357 69
146	818	0.4	1	563 255
147	723	0.4	1	628 95
148	251	0.4	1	208 43
149	152	0.4	1	51 101
150	17449	0.4	1	1375 16074

RUN STATISTICS FOR INPUT FILE: Kiley_A_WT_Aerobic_B_1.fastq.gz
=============================================
29040526 sequences processed in total

