
SUMMARISING RUN PARAMETERS
==========================
Input filename: Kiley_A_WT_Anaerobic_B_2.fastq.gz
Trimming mode: paired-end
Trim Galore version: 0.6.10
Cutadapt version: 4.4
Python version: could not detect
Number of cores used for trimming: 4
Quality Phred score cutoff: 20
Quality encoding type selected: ASCII+33
Using Illumina adapter for trimming (count: 340663). Second best hit was smallRNA (count: 0)
Adapter sequence: 'AGATCGGAAGAGC' (Illumina TruSeq, Sanger iPCR; auto-detected)
Maximum trimming error rate: 0.1 (default)
Minimum required adapter overlap (stringency): 1 bp
Minimum required sequence length for both reads before a sequence pair gets removed: 20 bp
Running FastQC on the data once trimming has completed
Output file will be GZIP compressed


This is cutadapt 4.4 with Python 3.7.16
Command line parameters: -j 4 -e 0.1 -q 20 -O 1 -a AGATCGGAAGAGC Kiley_A_WT_Anaerobic_B_2.fastq.gz
Processing single-end reads on 4 cores ...
Finished in 227.374 s (6.922 µs/read; 8.67 M reads/minute).

=== Summary ===

Total reads processed:              32,846,268
Reads with adapters:                19,655,766 (59.8%)
Reads written (passing filters):    32,846,268 (100.0%)

Total basepairs processed: 4,926,940,200 bp
Quality-trimmed:               6,573,021 bp (0.1%)
Total written (filtered):  4,431,569,883 bp (89.9%)

=== Adapter 1 ===

Sequence: AGATCGGAAGAGC; Type: regular 3'; Length: 13; Trimmed: 19655766 times

Minimum overlap: 1
No. of allowed errors:
1-9 bp: 0; 10-13 bp: 1

Bases preceding removed adapters:
  A: 20.1%
  C: 37.9%
  G: 31.4%
  T: 10.7%
  none/other: 0.0%

Overview of removed sequences
length	count	expect	max.err	error counts
1	4676712	8211567.0	0	4676712
2	1116444	2052891.8	0	1116444
3	530601	513222.9	0	530601
4	289318	128305.7	0	289318
5	230232	32076.4	0	230232
6	212438	8019.1	0	212438
7	207555	2004.8	0	207555
8	225278	501.2	0	225278
9	190010	125.3	0	188796 1214
10	211258	31.3	1	205207 6051
11	219241	7.8	1	211837 7404
12	221559	2.0	1	214597 6962
13	215019	0.5	1	208370 6649
14	224717	0.5	1	216718 7999
15	216499	0.5	1	209508 6991
16	223371	0.5	1	216250 7121
17	250445	0.5	1	242267 8178
18	187601	0.5	1	182045 5556
19	249652	0.5	1	241767 7885
20	201469	0.5	1	195569 5900
21	207370	0.5	1	201424 5946
22	219302	0.5	1	213434 5868
23	219481	0.5	1	213615 5866
24	243100	0.5	1	235612 7488
25	243580	0.5	1	237205 6375
26	191949	0.5	1	186260 5689
27	207621	0.5	1	201077 6544
28	213892	0.5	1	208701 5191
29	219105	0.5	1	213137 5968
30	223249	0.5	1	217527 5722
31	219690	0.5	1	213716 5974
32	218250	0.5	1	212814 5436
33	217118	0.5	1	211453 5665
34	224666	0.5	1	217989 6677
35	203090	0.5	1	198228 4862
36	205236	0.5	1	199542 5694
37	212970	0.5	1	207155 5815
38	200988	0.5	1	196176 4812
39	205055	0.5	1	199910 5145
40	200088	0.5	1	195388 4700
41	195312	0.5	1	190878 4434
42	200694	0.5	1	195869 4825
43	187742	0.5	1	183294 4448
44	191465	0.5	1	186912 4553
45	211609	0.5	1	206620 4989
46	169299	0.5	1	165362 3937
47	178952	0.5	1	175368 3584
48	194701	0.5	1	190491 4210
49	170133	0.5	1	166549 3584
50	164691	0.5	1	161289 3402
51	205836	0.5	1	201413 4423
52	134480	0.5	1	131663 2817
53	132474	0.5	1	129748 2726
54	134293	0.5	1	131605 2688
55	138596	0.5	1	135977 2619
56	149311	0.5	1	146161 3150
57	122227	0.5	1	119833 2394
58	149821	0.5	1	146870 2951
59	129907	0.5	1	127395 2512
60	125763	0.5	1	123245 2518
61	148374	0.5	1	145569 2805
62	149984	0.5	1	147070 2914
63	245399	0.5	1	242130 3269
64	133642	0.5	1	131418 2224
65	43497	0.5	1	42274 1223
66	57578	0.5	1	56487 1091
67	90278	0.5	1	88759 1519
68	70081	0.5	1	68765 1316
69	105725	0.5	1	103981 1744
70	88963	0.5	1	87458 1505
71	84167	0.5	1	82882 1285
72	68718	0.5	1	67575 1143
73	64260	0.5	1	63222 1038
74	51397	0.5	1	50514 883
75	50329	0.5	1	49469 860
76	47036	0.5	1	46282 754
77	46659	0.5	1	45914 745
78	42509	0.5	1	41809 700
79	41746	0.5	1	41071 675
80	34643	0.5	1	34110 533
81	24622	0.5	1	24214 408
82	20679	0.5	1	20332 347
83	19112	0.5	1	18821 291
84	17417	0.5	1	17161 256
85	16181	0.5	1	15900 281
86	16314	0.5	1	16076 238
87	14780	0.5	1	14542 238
88	17881	0.5	1	17623 258
89	12083	0.5	1	11900 183
90	10880	0.5	1	10710 170
91	9015	0.5	1	8850 165
92	7689	0.5	1	7578 111
93	7314	0.5	1	7212 102
94	6896	0.5	1	6782 114
95	8053	0.5	1	7935 118
96	6987	0.5	1	6884 103
97	11940	0.5	1	11791 149
98	7714	0.5	1	7603 111
99	11797	0.5	1	11632 165
100	9375	0.5	1	9244 131
101	3985	0.5	1	3919 66
102	3240	0.5	1	3196 44
103	2692	0.5	1	2653 39
104	3108	0.5	1	3067 41
105	2935	0.5	1	2891 44
106	3044	0.5	1	2998 46
107	2620	0.5	1	2579 41
108	2133	0.5	1	2113 20
109	1947	0.5	1	1929 18
110	1642	0.5	1	1615 27
111	1675	0.5	1	1648 27
112	1226	0.5	1	1203 23
113	1439	0.5	1	1413 26
114	1174	0.5	1	1156 18
115	1205	0.5	1	1184 21
116	1044	0.5	1	1026 18
117	955	0.5	1	941 14
118	793	0.5	1	775 18
119	541	0.5	1	530 11
120	423	0.5	1	413 10
121	397	0.5	1	390 7
122	205	0.5	1	203 2
123	160	0.5	1	153 7
124	97	0.5	1	93 4
125	93	0.5	1	88 5
126	90	0.5	1	87 3
127	124	0.5	1	122 2
128	137	0.5	1	131 6
129	179	0.5	1	173 6
130	149	0.5	1	144 5
131	264	0.5	1	258 6
132	947	0.5	1	921 26
133	571	0.5	1	561 10
134	299	0.5	1	294 5
135	310	0.5	1	302 8
136	372	0.5	1	361 11
137	334	0.5	1	328 6
138	408	0.5	1	399 9
139	397	0.5	1	395 2
140	479	0.5	1	470 9
141	571	0.5	1	560 11
142	393	0.5	1	385 8
143	477	0.5	1	461 16
144	573	0.5	1	562 11
145	546	0.5	1	541 5
146	936	0.5	1	926 10
147	1143	0.5	1	1113 30
148	335	0.5	1	325 10
149	75	0.5	1	72 3
150	2645	0.5	1	2416 229

RUN STATISTICS FOR INPUT FILE: Kiley_A_WT_Anaerobic_B_2.fastq.gz
=============================================
32846268 sequences processed in total

Total number of sequences analysed for the sequence pair length validation: 32846268

Number of sequence pairs removed because at least one read was shorter than the length cutoff (20 bp): 43108 (0.13%)
