
SUMMARISING RUN PARAMETERS
==========================
Input filename: Kiley_A_DZM0422_Aerobic_A_1.fastq.gz
Trimming mode: paired-end
Trim Galore version: 0.6.10
Cutadapt version: 4.4
Python version: could not detect
Number of cores used for trimming: 4
Quality Phred score cutoff: 20
Quality encoding type selected: ASCII+33
Using Illumina adapter for trimming (count: 333476). Second best hit was smallRNA (count: 0)
Adapter sequence: 'AGATCGGAAGAGC' (Illumina TruSeq, Sanger iPCR; auto-detected)
Maximum trimming error rate: 0.1 (default)
Minimum required adapter overlap (stringency): 1 bp
Minimum required sequence length for both reads before a sequence pair gets removed: 20 bp
Running FastQC on the data once trimming has completed
Output file will be GZIP compressed


This is cutadapt 4.4 with Python 3.7.16
Command line parameters: -j 4 -e 0.1 -q 20 -O 1 -a AGATCGGAAGAGC Kiley_A_DZM0422_Aerobic_A_1.fastq.gz
Processing single-end reads on 4 cores ...
Finished in 237.806 s (6.561 µs/read; 9.15 M reads/minute).

=== Summary ===

Total reads processed:              36,247,731
Reads with adapters:                21,675,561 (59.8%)
Reads written (passing filters):    36,247,731 (100.0%)

Total basepairs processed: 5,437,159,650 bp
Quality-trimmed:               3,295,003 bp (0.1%)
Total written (filtered):  4,896,779,577 bp (90.1%)

=== Adapter 1 ===

Sequence: AGATCGGAAGAGC; Type: regular 3'; Length: 13; Trimmed: 21675561 times

Minimum overlap: 1
No. of allowed errors:
1-9 bp: 0; 10-13 bp: 1

Bases preceding removed adapters:
  A: 20.7%
  C: 32.5%
  G: 31.5%
  T: 15.2%
  none/other: 0.1%

Overview of removed sequences
length	count	expect	max.err	error counts
1	5459515	9061932.8	0	5459515
2	1433693	2265483.2	0	1433693
3	581117	566370.8	0	581117
4	294719	141592.7	0	294719
5	244092	35398.2	0	244092
6	217279	8849.5	0	217279
7	211341	2212.4	0	211341
8	218739	553.1	0	218739
9	215381	138.3	0	214745 636
10	215756	34.6	1	212358 3398
11	229018	8.6	1	223859 5159
12	223097	2.2	1	219345 3752
13	222306	0.5	1	218520 3786
14	225216	0.5	1	220453 4763
15	227760	0.5	1	223833 3927
16	234080	0.5	1	228713 5367
17	237335	0.5	1	231957 5378
18	222510	0.5	1	218966 3544
19	221599	0.5	1	218028 3571
20	232995	0.5	1	228585 4410
21	226874	0.5	1	222998 3876
22	225900	0.5	1	222539 3361
23	234704	0.5	1	230595 4109
24	241230	0.5	1	235932 5298
25	224875	0.5	1	220986 3889
26	228459	0.5	1	224868 3591
27	225085	0.5	1	221201 3884
28	220043	0.5	1	216607 3436
29	233266	0.5	1	228209 5057
30	228227	0.5	1	224922 3305
31	226403	0.5	1	222901 3502
32	226343	0.5	1	222789 3554
33	227630	0.5	1	223205 4425
34	223609	0.5	1	219663 3946
35	226983	0.5	1	222846 4137
36	209232	0.5	1	206224 3008
37	219625	0.5	1	215900 3725
38	214382	0.5	1	211362 3020
39	215096	0.5	1	211263 3833
40	218398	0.5	1	214610 3788
41	204408	0.5	1	201298 3110
42	202521	0.5	1	199632 2889
43	208834	0.5	1	204839 3995
44	205940	0.5	1	201823 4117
45	332569	0.5	1	329101 3468
46	67242	0.5	1	65314 1928
47	186490	0.5	1	184048 2442
48	210550	0.5	1	207634 2916
49	195531	0.5	1	192799 2732
50	175014	0.5	1	172067 2947
51	181555	0.5	1	178324 3231
52	171375	0.5	1	169184 2191
53	152772	0.5	1	150575 2197
54	161912	0.5	1	159262 2650
55	156962	0.5	1	154802 2160
56	147579	0.5	1	145445 2134
57	147552	0.5	1	145354 2198
58	163013	0.5	1	160756 2257
59	135149	0.5	1	133088 2061
60	125739	0.5	1	124128 1611
61	94825	0.5	1	93321 1504
62	119265	0.5	1	117606 1659
63	115124	0.5	1	113681 1443
64	96149	0.5	1	94834 1315
65	87876	0.5	1	86233 1643
66	183473	0.5	1	181622 1851
67	151613	0.5	1	149442 2171
68	207833	0.5	1	205508 2325
69	151039	0.5	1	148808 2231
70	126193	0.5	1	124347 1846
71	5230	0.5	1	4857 373
72	8512	0.5	1	8175 337
73	48937	0.5	1	48233 704
74	63003	0.5	1	62299 704
75	66551	0.5	1	65605 946
76	68919	0.5	1	67856 1063
77	63475	0.5	1	62679 796
78	57956	0.5	1	57204 752
79	63177	0.5	1	62374 803
80	50550	0.5	1	49915 635
81	32772	0.5	1	32354 418
82	31549	0.5	1	31091 458
83	26474	0.5	1	26113 361
84	25064	0.5	1	24737 327
85	23458	0.5	1	23097 361
86	21590	0.5	1	21285 305
87	17372	0.5	1	17145 227
88	21163	0.5	1	20871 292
89	16850	0.5	1	16554 296
90	16739	0.5	1	16332 407
91	14392	0.5	1	14162 230
92	12148	0.5	1	11968 180
93	10583	0.5	1	10432 151
94	9764	0.5	1	9606 158
95	11643	0.5	1	11470 173
96	9130	0.5	1	9021 109
97	16948	0.5	1	16729 219
98	10669	0.5	1	10508 161
99	17172	0.5	1	16948 224
100	16930	0.5	1	16713 217
101	6667	0.5	1	6575 92
102	4936	0.5	1	4861 75
103	4138	0.5	1	4088 50
104	4589	0.5	1	4524 65
105	4253	0.5	1	4180 73
106	4464	0.5	1	4378 86
107	3753	0.5	1	3710 43
108	2835	0.5	1	2802 33
109	2443	0.5	1	2411 32
110	1974	0.5	1	1943 31
111	2145	0.5	1	2109 36
112	1496	0.5	1	1468 28
113	1770	0.5	1	1740 30
114	1471	0.5	1	1453 18
115	1357	0.5	1	1319 38
116	1219	0.5	1	1188 31
117	1256	0.5	1	1228 28
118	1206	0.5	1	1128 78
119	859	0.5	1	751 108
120	465	0.5	1	431 34
121	490	0.5	1	461 29
122	402	0.5	1	221 181
123	262	0.5	1	188 74
124	203	0.5	1	137 66
125	123	0.5	1	98 25
126	116	0.5	1	99 17
127	167	0.5	1	144 23
128	190	0.5	1	145 45
129	198	0.5	1	145 53
130	162	0.5	1	144 18
131	250	0.5	1	235 15
132	825	0.5	1	785 40
133	494	0.5	1	458 36
134	269	0.5	1	243 26
135	251	0.5	1	228 23
136	340	0.5	1	260 80
137	353	0.5	1	261 92
138	404	0.5	1	289 115
139	326	0.5	1	277 49
140	424	0.5	1	364 60
141	813	0.5	1	498 315
142	280	0.5	1	252 28
143	385	0.5	1	338 47
144	453	0.5	1	422 31
145	471	0.5	1	398 73
146	930	0.5	1	708 222
147	983	0.5	1	846 137
148	309	0.5	1	265 44
149	233	0.5	1	87 146
150	22430	0.5	1	2183 20247

RUN STATISTICS FOR INPUT FILE: Kiley_A_DZM0422_Aerobic_A_1.fastq.gz
=============================================
36247731 sequences processed in total

