
SUMMARISING RUN PARAMETERS
==========================
Input filename: Kiley_A_DZM0422_Anaerobic_B_1.fastq.gz
Trimming mode: paired-end
Trim Galore version: 0.6.10
Cutadapt version: 4.4
Python version: could not detect
Number of cores used for trimming: 4
Quality Phred score cutoff: 20
Quality encoding type selected: ASCII+33
Using Illumina adapter for trimming (count: 330349). Second best hit was Nextera (count: 0)
Adapter sequence: 'AGATCGGAAGAGC' (Illumina TruSeq, Sanger iPCR; auto-detected)
Maximum trimming error rate: 0.1 (default)
Minimum required adapter overlap (stringency): 1 bp
Minimum required sequence length for both reads before a sequence pair gets removed: 20 bp
Running FastQC on the data once trimming has completed
Output file will be GZIP compressed


This is cutadapt 4.4 with Python 3.7.16
Command line parameters: -j 4 -e 0.1 -q 20 -O 1 -a AGATCGGAAGAGC Kiley_A_DZM0422_Anaerobic_B_1.fastq.gz
Processing single-end reads on 4 cores ...
Finished in 205.311 s (6.510 µs/read; 9.22 M reads/minute).

=== Summary ===

Total reads processed:              31,539,542
Reads with adapters:                18,920,908 (60.0%)
Reads written (passing filters):    31,539,542 (100.0%)

Total basepairs processed: 4,730,931,300 bp
Quality-trimmed:               3,739,391 bp (0.1%)
Total written (filtered):  4,262,249,405 bp (90.1%)

=== Adapter 1 ===

Sequence: AGATCGGAAGAGC; Type: regular 3'; Length: 13; Trimmed: 18920908 times

Minimum overlap: 1
No. of allowed errors:
1-9 bp: 0; 10-13 bp: 1

Bases preceding removed adapters:
  A: 20.7%
  C: 32.4%
  G: 31.6%
  T: 15.2%
  none/other: 0.1%

Overview of removed sequences
length	count	expect	max.err	error counts
1	4769483	7884885.5	0	4769483
2	1276959	1971221.4	0	1276959
3	519381	492805.3	0	519381
4	261792	123201.3	0	261792
5	213831	30800.3	0	213831
6	189751	7700.1	0	189751
7	183293	1925.0	0	183293
8	193162	481.3	0	193162
9	187747	120.3	0	187279 468
10	187717	30.1	1	184767 2950
11	201275	7.5	1	196244 5031
12	195133	1.9	1	191866 3267
13	194372	0.5	1	191030 3342
14	197870	0.5	1	193338 4532
15	198210	0.5	1	194603 3607
16	206310	0.5	1	200762 5548
17	210005	0.5	1	204800 5205
18	195740	0.5	1	192451 3289
19	193082	0.5	1	189614 3468
20	202886	0.5	1	198879 4007
21	198461	0.5	1	194661 3800
22	197692	0.5	1	194594 3098
23	203893	0.5	1	199936 3957
24	211235	0.5	1	205840 5395
25	196396	0.5	1	192781 3615
26	198981	0.5	1	195718 3263
27	198539	0.5	1	194890 3649
28	191617	0.5	1	188392 3225
29	204056	0.5	1	198913 5143
30	199843	0.5	1	196872 2971
31	196150	0.5	1	192844 3306
32	195829	0.5	1	192868 2961
33	199424	0.5	1	195112 4312
34	191703	0.5	1	188644 3059
35	199670	0.5	1	194825 4845
36	183729	0.5	1	181219 2510
37	189393	0.5	1	185929 3464
38	191528	0.5	1	188789 2739
39	182480	0.5	1	179308 3172
40	193520	0.5	1	187931 5589
41	176078	0.5	1	173697 2381
42	179172	0.5	1	176099 3073
43	189547	0.5	1	184651 4896
44	173530	0.5	1	170081 3449
45	289236	0.5	1	285617 3619
46	58977	0.5	1	57180 1797
47	164303	0.5	1	161923 2380
48	187377	0.5	1	184570 2807
49	172042	0.5	1	169352 2690
50	144274	0.5	1	141428 2846
51	167909	0.5	1	164522 3387
52	141636	0.5	1	139761 1875
53	128181	0.5	1	126272 1909
54	140530	0.5	1	138071 2459
55	139612	0.5	1	137608 2004
56	124569	0.5	1	122604 1965
57	133269	0.5	1	131306 1963
58	138473	0.5	1	136528 1945
59	126748	0.5	1	124674 2074
60	102509	0.5	1	101241 1268
61	77751	0.5	1	76470 1281
62	109367	0.5	1	107933 1434
63	102120	0.5	1	100842 1278
64	78886	0.5	1	77788 1098
65	80127	0.5	1	78506 1621
66	178872	0.5	1	177321 1551
67	115466	0.5	1	113777 1689
68	157935	0.5	1	156091 1844
69	138466	0.5	1	136425 2041
70	120366	0.5	1	118655 1711
71	3710	0.5	1	3365 345
72	6294	0.5	1	6028 266
73	38242	0.5	1	37725 517
74	51251	0.5	1	50693 558
75	55228	0.5	1	54479 749
76	57157	0.5	1	56369 788
77	54004	0.5	1	53266 738
78	47420	0.5	1	46813 607
79	52725	0.5	1	52095 630
80	40413	0.5	1	39874 539
81	26857	0.5	1	26499 358
82	25742	0.5	1	25374 368
83	21751	0.5	1	21482 269
84	20463	0.5	1	20191 272
85	19639	0.5	1	19369 270
86	17658	0.5	1	17428 230
87	14326	0.5	1	14090 236
88	18086	0.5	1	17827 259
89	13949	0.5	1	13702 247
90	13990	0.5	1	13643 347
91	11331	0.5	1	11145 186
92	10377	0.5	1	10219 158
93	8753	0.5	1	8622 131
94	8097	0.5	1	7952 145
95	9494	0.5	1	9326 168
96	7799	0.5	1	7695 104
97	14580	0.5	1	14408 172
98	8778	0.5	1	8653 125
99	14297	0.5	1	14090 207
100	13930	0.5	1	13761 169
101	5196	0.5	1	5133 63
102	3948	0.5	1	3898 50
103	3237	0.5	1	3191 46
104	3749	0.5	1	3694 55
105	3448	0.5	1	3405 43
106	3654	0.5	1	3604 50
107	3029	0.5	1	2982 47
108	2318	0.5	1	2291 27
109	2070	0.5	1	2040 30
110	1640	0.5	1	1604 36
111	1733	0.5	1	1697 36
112	1301	0.5	1	1280 21
113	1477	0.5	1	1448 29
114	1235	0.5	1	1219 16
115	1192	0.5	1	1163 29
116	1081	0.5	1	1051 30
117	918	0.5	1	895 23
118	916	0.5	1	856 60
119	620	0.5	1	560 60
120	370	0.5	1	348 22
121	387	0.5	1	371 16
122	347	0.5	1	206 141
123	177	0.5	1	138 39
124	146	0.5	1	105 41
125	125	0.5	1	101 24
126	114	0.5	1	99 15
127	145	0.5	1	131 14
128	186	0.5	1	141 45
129	208	0.5	1	161 47
130	153	0.5	1	137 16
131	233	0.5	1	215 18
132	740	0.5	1	701 39
133	474	0.5	1	444 30
134	284	0.5	1	265 19
135	234	0.5	1	220 14
136	338	0.5	1	303 35
137	415	0.5	1	333 82
138	413	0.5	1	319 94
139	356	0.5	1	307 49
140	414	0.5	1	360 54
141	764	0.5	1	505 259
142	358	0.5	1	334 24
143	375	0.5	1	331 44
144	481	0.5	1	455 26
145	496	0.5	1	452 44
146	966	0.5	1	752 214
147	1080	0.5	1	987 93
148	331	0.5	1	280 51
149	189	0.5	1	69 120
150	21040	0.5	1	1570 19470

RUN STATISTICS FOR INPUT FILE: Kiley_A_DZM0422_Anaerobic_B_1.fastq.gz
=============================================
31539542 sequences processed in total

