
SUMMARISING RUN PARAMETERS
==========================
Input filename: Kiley_A_WT_Anaerobic_B_1.fastq.gz
Trimming mode: paired-end
Trim Galore version: 0.6.10
Cutadapt version: 4.4
Python version: could not detect
Number of cores used for trimming: 4
Quality Phred score cutoff: 20
Quality encoding type selected: ASCII+33
Using Illumina adapter for trimming (count: 340663). Second best hit was smallRNA (count: 0)
Adapter sequence: 'AGATCGGAAGAGC' (Illumina TruSeq, Sanger iPCR; auto-detected)
Maximum trimming error rate: 0.1 (default)
Minimum required adapter overlap (stringency): 1 bp
Minimum required sequence length for both reads before a sequence pair gets removed: 20 bp
Running FastQC on the data once trimming has completed
Output file will be GZIP compressed


This is cutadapt 4.4 with Python 3.7.16
Command line parameters: -j 4 -e 0.1 -q 20 -O 1 -a AGATCGGAAGAGC Kiley_A_WT_Anaerobic_B_1.fastq.gz
Processing single-end reads on 4 cores ...
Finished in 213.918 s (6.513 µs/read; 9.21 M reads/minute).

=== Summary ===

Total reads processed:              32,846,268
Reads with adapters:                20,034,147 (61.0%)
Reads written (passing filters):    32,846,268 (100.0%)

Total basepairs processed: 4,926,940,200 bp
Quality-trimmed:               3,555,509 bp (0.1%)
Total written (filtered):  4,429,503,347 bp (89.9%)

=== Adapter 1 ===

Sequence: AGATCGGAAGAGC; Type: regular 3'; Length: 13; Trimmed: 20034147 times

Minimum overlap: 1
No. of allowed errors:
1-9 bp: 0; 10-13 bp: 1

Bases preceding removed adapters:
  A: 20.1%
  C: 32.0%
  G: 32.1%
  T: 15.7%
  none/other: 0.1%

Overview of removed sequences
length	count	expect	max.err	error counts
1	4858077	8211567.0	0	4858077
2	1318107	2052891.8	0	1318107
3	538229	513222.9	0	538229
4	281136	128305.7	0	281136
5	230348	32076.4	0	230348
6	206058	8019.1	0	206058
7	201861	2004.8	0	201861
8	210487	501.2	0	210487
9	207995	125.3	0	207416 579
10	206384	31.3	1	203109 3275
11	221720	7.8	1	216113 5607
12	215417	2.0	1	211647 3770
13	215859	0.5	1	211910 3949
14	217574	0.5	1	212655 4919
15	221804	0.5	1	217554 4250
16	224739	0.5	1	218921 5818
17	228943	0.5	1	223182 5761
18	215703	0.5	1	211890 3813
19	207665	0.5	1	203685 3980
20	221780	0.5	1	217153 4627
21	218896	0.5	1	214650 4246
22	218151	0.5	1	214282 3869
23	220834	0.5	1	216346 4488
24	231125	0.5	1	225263 5862
25	215065	0.5	1	210807 4258
26	218489	0.5	1	214564 3925
27	217855	0.5	1	213680 4175
28	211968	0.5	1	208157 3811
29	224670	0.5	1	219032 5638
30	219319	0.5	1	215811 3508
31	218125	0.5	1	214178 3947
32	217265	0.5	1	213643 3622
33	218031	0.5	1	213147 4884
34	213965	0.5	1	209894 4071
35	212109	0.5	1	208337 3772
36	208885	0.5	1	203851 5034
37	201464	0.5	1	198512 2952
38	207948	0.5	1	204230 3718
39	205391	0.5	1	200766 4625
40	196881	0.5	1	193901 2980
41	199676	0.5	1	194964 4712
42	198351	0.5	1	195125 3226
43	204469	0.5	1	198605 5864
44	186509	0.5	1	182643 3866
45	311928	0.5	1	307963 3965
46	63127	0.5	1	61124 2003
47	176537	0.5	1	173837 2700
48	191305	0.5	1	188215 3090
49	176380	0.5	1	173427 2953
50	162891	0.5	1	159491 3400
51	167966	0.5	1	164389 3577
52	152542	0.5	1	150199 2343
53	139280	0.5	1	136968 2312
54	144092	0.5	1	141331 2761
55	141971	0.5	1	139567 2404
56	135338	0.5	1	132959 2379
57	138009	0.5	1	135636 2373
58	156183	0.5	1	153844 2339
59	121642	0.5	1	119233 2409
60	119639	0.5	1	117927 1712
61	90821	0.5	1	89201 1620
62	108276	0.5	1	106615 1661
63	105343	0.5	1	103800 1543
64	92390	0.5	1	90951 1439
65	84795	0.5	1	82929 1866
66	159146	0.5	1	157180 1966
67	163144	0.5	1	160604 2540
68	200680	0.5	1	198139 2541
69	145585	0.5	1	143198 2387
70	105597	0.5	1	103851 1746
71	4841	0.5	1	4476 365
72	7751	0.5	1	7461 290
73	41843	0.5	1	41242 601
74	50664	0.5	1	50037 627
75	56162	0.5	1	55386 776
76	54733	0.5	1	53918 815
77	51480	0.5	1	50677 803
78	43479	0.5	1	42837 642
79	45838	0.5	1	45176 662
80	36762	0.5	1	36215 547
81	25325	0.5	1	24943 382
82	23807	0.5	1	23475 332
83	20677	0.5	1	20353 324
84	18859	0.5	1	18552 307
85	17713	0.5	1	17441 272
86	16382	0.5	1	16120 262
87	13453	0.5	1	13246 207
88	17166	0.5	1	16912 254
89	13108	0.5	1	12802 306
90	12761	0.5	1	12372 389
91	10628	0.5	1	10453 175
92	8973	0.5	1	8762 211
93	7850	0.5	1	7685 165
94	7461	0.5	1	7313 148
95	8444	0.5	1	8291 153
96	6792	0.5	1	6695 97
97	13153	0.5	1	12993 160
98	7639	0.5	1	7529 110
99	12213	0.5	1	12033 180
100	10439	0.5	1	10291 148
101	4374	0.5	1	4312 62
102	3398	0.5	1	3359 39
103	2736	0.5	1	2697 39
104	3186	0.5	1	3135 51
105	2991	0.5	1	2943 48
106	2980	0.5	1	2926 54
107	2648	0.5	1	2622 26
108	2111	0.5	1	2084 27
109	1991	0.5	1	1957 34
110	1709	0.5	1	1674 35
111	1764	0.5	1	1735 29
112	1278	0.5	1	1246 32
113	1405	0.5	1	1379 26
114	1153	0.5	1	1138 15
115	1225	0.5	1	1200 25
116	1045	0.5	1	997 48
117	1056	0.5	1	1028 28
118	981	0.5	1	924 57
119	627	0.5	1	548 79
120	460	0.5	1	431 29
121	417	0.5	1	400 17
122	297	0.5	1	209 88
123	178	0.5	1	148 30
124	130	0.5	1	102 28
125	123	0.5	1	90 33
126	105	0.5	1	89 16
127	142	0.5	1	120 22
128	151	0.5	1	129 22
129	221	0.5	1	173 48
130	155	0.5	1	144 11
131	259	0.5	1	242 17
132	993	0.5	1	945 48
133	626	0.5	1	569 57
134	326	0.5	1	290 36
135	304	0.5	1	285 19
136	429	0.5	1	361 68
137	436	0.5	1	337 99
138	536	0.5	1	395 141
139	442	0.5	1	397 45
140	562	0.5	1	466 96
141	920	0.5	1	572 348
142	425	0.5	1	388 37
143	544	0.5	1	463 81
144	613	0.5	1	568 45
145	600	0.5	1	547 53
146	1211	0.5	1	918 293
147	1221	0.5	1	1133 88
148	366	0.5	1	316 50
149	245	0.5	1	54 191
150	25722	0.5	1	2387 23335

RUN STATISTICS FOR INPUT FILE: Kiley_A_WT_Anaerobic_B_1.fastq.gz
=============================================
32846268 sequences processed in total

