
SUMMARISING RUN PARAMETERS
==========================
Input filename: Kiley_A_WT_Anaerobic_C_1.fastq.gz
Trimming mode: paired-end
Trim Galore version: 0.6.10
Cutadapt version: 4.4
Python version: could not detect
Number of cores used for trimming: 4
Quality Phred score cutoff: 20
Quality encoding type selected: ASCII+33
Using Illumina adapter for trimming (count: 314752). Second best hit was Nextera (count: 0)
Adapter sequence: 'AGATCGGAAGAGC' (Illumina TruSeq, Sanger iPCR; auto-detected)
Maximum trimming error rate: 0.1 (default)
Minimum required adapter overlap (stringency): 1 bp
Minimum required sequence length for both reads before a sequence pair gets removed: 20 bp
Running FastQC on the data once trimming has completed
Output file will be GZIP compressed


This is cutadapt 4.4 with Python 3.7.16
Command line parameters: -j 4 -e 0.1 -q 20 -O 1 -a AGATCGGAAGAGC Kiley_A_WT_Anaerobic_C_1.fastq.gz
Processing single-end reads on 4 cores ...
Finished in 187.275 s (6.619 µs/read; 9.06 M reads/minute).

=== Summary ===

Total reads processed:              28,293,671
Reads with adapters:                16,802,742 (59.4%)
Reads written (passing filters):    28,293,671 (100.0%)

Total basepairs processed: 4,244,050,650 bp
Quality-trimmed:               3,887,172 bp (0.1%)
Total written (filtered):  3,860,963,448 bp (91.0%)

=== Adapter 1 ===

Sequence: AGATCGGAAGAGC; Type: regular 3'; Length: 13; Trimmed: 16802742 times

Minimum overlap: 1
No. of allowed errors:
1-9 bp: 0; 10-13 bp: 1

Bases preceding removed adapters:
  A: 20.9%
  C: 31.5%
  G: 32.1%
  T: 15.4%
  none/other: 0.1%

Overview of removed sequences
length	count	expect	max.err	error counts
1	4359833	7073417.8	0	4359833
2	1196632	1768354.4	0	1196632
3	479790	442088.6	0	479790
4	250957	110522.2	0	250957
5	206055	27630.5	0	206055
6	182597	6907.6	0	182597
7	176463	1726.9	0	176463
8	185970	431.7	0	185970
9	181880	107.9	0	181398 482
10	182304	27.0	1	179500 2804
11	194057	6.7	1	189462 4595
12	187196	1.7	1	184008 3188
13	186519	0.4	1	183259 3260
14	192176	0.4	1	187766 4410
15	190478	0.4	1	187021 3457
16	197605	0.4	1	192489 5116
17	200548	0.4	1	195719 4829
18	186143	0.4	1	183045 3098
19	184436	0.4	1	180977 3459
20	193892	0.4	1	190137 3755
21	189939	0.4	1	186232 3707
22	188579	0.4	1	185494 3085
23	191078	0.4	1	187493 3585
24	199176	0.4	1	193987 5189
25	185293	0.4	1	181712 3581
26	187761	0.4	1	184483 3278
27	186577	0.4	1	183217 3360
28	182782	0.4	1	179650 3132
29	190116	0.4	1	185552 4564
30	186198	0.4	1	183393 2805
31	183250	0.4	1	180087 3163
32	185638	0.4	1	182510 3128
33	181736	0.4	1	177843 3893
34	180101	0.4	1	176583 3518
35	183252	0.4	1	179036 4216
36	185328	0.4	1	182193 3135
37	217585	0.4	1	214783 2802
38	105532	0.4	1	102782 2750
39	163467	0.4	1	160524 2943
40	162285	0.4	1	159623 2662
41	160639	0.4	1	157906 2733
42	159518	0.4	1	156982 2536
43	164415	0.4	1	160557 3858
44	150496	0.4	1	147344 3152
45	249726	0.4	1	246710 3016
46	46610	0.4	1	44946 1664
47	136467	0.4	1	134372 2095
48	164980	0.4	1	162481 2499
49	144163	0.4	1	141903 2260
50	103003	0.4	1	100675 2328
51	148392	0.4	1	145583 2809
52	109561	0.4	1	107968 1593
53	94188	0.4	1	92710 1478
54	111535	0.4	1	109447 2088
55	121020	0.4	1	119388 1632
56	97365	0.4	1	95702 1663
57	109049	0.4	1	107576 1473
58	98535	0.4	1	97095 1440
59	108226	0.4	1	106533 1693
60	64112	0.4	1	63137 975
61	52872	0.4	1	51863 1009
62	90051	0.4	1	88885 1166
63	74604	0.4	1	73726 878
64	51790	0.4	1	51013 777
65	60016	0.4	1	58678 1338
66	148802	0.4	1	147489 1313
67	61703	0.4	1	60616 1087
68	93735	0.4	1	92488 1247
69	92332	0.4	1	90887 1445
70	83655	0.4	1	82436 1219
71	2418	0.4	1	2177 241
72	3683	0.4	1	3495 188
73	22805	0.4	1	22479 326
74	32688	0.4	1	32316 372
75	36313	0.4	1	35787 526
76	37180	0.4	1	36611 569
77	34565	0.4	1	34047 518
78	30222	0.4	1	29836 386
79	32806	0.4	1	32370 436
80	26234	0.4	1	25893 341
81	17269	0.4	1	17023 246
82	16549	0.4	1	16315 234
83	13698	0.4	1	13528 170
84	12832	0.4	1	12619 213
85	11676	0.4	1	11483 193
86	10723	0.4	1	10588 135
87	8891	0.4	1	8737 154
88	10902	0.4	1	10738 164
89	8939	0.4	1	8765 174
90	8415	0.4	1	8078 337
91	7507	0.4	1	7337 170
92	6013	0.4	1	5869 144
93	5207	0.4	1	5089 118
94	5079	0.4	1	4971 108
95	5553	0.4	1	5431 122
96	4382	0.4	1	4322 60
97	8483	0.4	1	8347 136
98	5109	0.4	1	5028 81
99	8111	0.4	1	8000 111
100	8146	0.4	1	8036 110
101	3065	0.4	1	3029 36
102	2476	0.4	1	2436 40
103	1865	0.4	1	1835 30
104	2107	0.4	1	2076 31
105	2091	0.4	1	2060 31
106	2063	0.4	1	2038 25
107	1786	0.4	1	1758 28
108	1323	0.4	1	1302 21
109	1197	0.4	1	1179 18
110	1026	0.4	1	1002 24
111	1132	0.4	1	1092 40
112	773	0.4	1	747 26
113	888	0.4	1	876 12
114	739	0.4	1	729 10
115	762	0.4	1	724 38
116	763	0.4	1	712 51
117	659	0.4	1	634 25
118	671	0.4	1	621 50
119	439	0.4	1	378 61
120	302	0.4	1	284 18
121	319	0.4	1	311 8
122	221	0.4	1	162 59
123	107	0.4	1	72 35
124	150	0.4	1	103 47
125	76	0.4	1	59 17
126	79	0.4	1	64 15
127	83	0.4	1	73 10
128	89	0.4	1	69 20
129	125	0.4	1	94 31
130	94	0.4	1	75 19
131	152	0.4	1	143 9
132	768	0.4	1	725 43
133	431	0.4	1	397 34
134	240	0.4	1	202 38
135	139	0.4	1	130 9
136	228	0.4	1	173 55
137	265	0.4	1	191 74
138	265	0.4	1	175 90
139	263	0.4	1	231 32
140	296	0.4	1	239 57
141	605	0.4	1	300 305
142	185	0.4	1	167 18
143	294	0.4	1	261 33
144	295	0.4	1	272 23
145	341	0.4	1	273 68
146	726	0.4	1	500 226
147	657	0.4	1	566 91
148	263	0.4	1	213 50
149	176	0.4	1	48 128
150	23521	0.4	1	1473 22048

RUN STATISTICS FOR INPUT FILE: Kiley_A_WT_Anaerobic_C_1.fastq.gz
=============================================
28293671 sequences processed in total

