
SUMMARISING RUN PARAMETERS
==========================
Input filename: Kiley_A_WT_Anaerobic_C_2.fastq.gz
Trimming mode: paired-end
Trim Galore version: 0.6.10
Cutadapt version: 4.4
Python version: could not detect
Number of cores used for trimming: 4
Quality Phred score cutoff: 20
Quality encoding type selected: ASCII+33
Using Illumina adapter for trimming (count: 314752). Second best hit was Nextera (count: 0)
Adapter sequence: 'AGATCGGAAGAGC' (Illumina TruSeq, Sanger iPCR; auto-detected)
Maximum trimming error rate: 0.1 (default)
Minimum required adapter overlap (stringency): 1 bp
Minimum required sequence length for both reads before a sequence pair gets removed: 20 bp
Running FastQC on the data once trimming has completed
Output file will be GZIP compressed


This is cutadapt 4.4 with Python 3.7.16
Command line parameters: -j 4 -e 0.1 -q 20 -O 1 -a AGATCGGAAGAGC Kiley_A_WT_Anaerobic_C_2.fastq.gz
Processing single-end reads on 4 cores ...
Finished in 193.107 s (6.825 µs/read; 8.79 M reads/minute).

=== Summary ===

Total reads processed:              28,293,671
Reads with adapters:                16,365,367 (57.8%)
Reads written (passing filters):    28,293,671 (100.0%)

Total basepairs processed: 4,244,050,650 bp
Quality-trimmed:               4,552,116 bp (0.1%)
Total written (filtered):  3,863,859,471 bp (91.0%)

=== Adapter 1 ===

Sequence: AGATCGGAAGAGC; Type: regular 3'; Length: 13; Trimmed: 16365367 times

Minimum overlap: 1
No. of allowed errors:
1-9 bp: 0; 10-13 bp: 1

Bases preceding removed adapters:
  A: 20.8%
  C: 37.0%
  G: 31.1%
  T: 11.1%
  none/other: 0.0%

Overview of removed sequences
length	count	expect	max.err	error counts
1	4164918	7073417.8	0	4164918
2	969262	1768354.4	0	969262
3	457540	442088.6	0	457540
4	257869	110522.2	0	257869
5	203163	27630.5	0	203163
6	188839	6907.6	0	188839
7	181699	1726.9	0	181699
8	194977	431.7	0	194977
9	171207	107.9	0	170058 1149
10	185506	27.0	1	181450 4056
11	192349	6.7	1	187484 4865
12	191769	1.7	1	186976 4793
13	186732	0.4	1	182303 4429
14	195364	0.4	1	189927 5437
15	187836	0.4	1	183082 4754
16	196213	0.4	1	191585 4628
17	214767	0.4	1	209514 5253
18	167492	0.4	1	163605 3887
19	214923	0.4	1	209752 5171
20	177933	0.4	1	173822 4111
21	182156	0.4	1	178073 4083
22	189932	0.4	1	186002 3930
23	189903	0.4	1	185846 4057
24	204951	0.4	1	200141 4810
25	206620	0.4	1	202456 4164
26	167977	0.4	1	163907 4070
27	181435	0.4	1	176839 4596
28	183330	0.4	1	180001 3329
29	186126	0.4	1	181990 4136
30	188362	0.4	1	184585 3777
31	185072	0.4	1	181155 3917
32	183437	0.4	1	179860 3577
33	182812	0.4	1	178970 3842
34	187928	0.4	1	183344 4584
35	170035	0.4	1	166935 3100
36	171617	0.4	1	167924 3693
37	176323	0.4	1	172521 3802
38	164638	0.4	1	161643 2995
39	168115	0.4	1	164888 3227
40	162494	0.4	1	159498 2996
41	158473	0.4	1	155761 2712
42	165093	0.4	1	161915 3178
43	147163	0.4	1	144487 2676
44	151412	0.4	1	148646 2766
45	162316	0.4	1	159315 3001
46	133989	0.4	1	131430 2559
47	141625	0.4	1	139399 2226
48	144424	0.4	1	141966 2458
49	132010	0.4	1	129765 2245
50	128877	0.4	1	126518 2359
51	153885	0.4	1	151171 2714
52	104591	0.4	1	102820 1771
53	101402	0.4	1	99718 1684
54	102034	0.4	1	100384 1650
55	102290	0.4	1	100797 1493
56	107528	0.4	1	105660 1868
57	87993	0.4	1	86568 1425
58	101264	0.4	1	99735 1529
59	91218	0.4	1	89730 1488
60	86148	0.4	1	84679 1469
61	103428	0.4	1	101857 1571
62	104206	0.4	1	102439 1767
63	166715	0.4	1	164861 1854
64	86625	0.4	1	85406 1219
65	28207	0.4	1	27560 647
66	38839	0.4	1	38238 601
67	54394	0.4	1	53698 696
68	46194	0.4	1	45498 696
69	65320	0.4	1	64453 867
70	60737	0.4	1	59933 804
71	57565	0.4	1	56802 763
72	47485	0.4	1	46851 634
73	46139	0.4	1	45493 646
74	36407	0.4	1	35917 490
75	33290	0.4	1	32841 449
76	32084	0.4	1	31653 431
77	31390	0.4	1	30966 424
78	29416	0.4	1	29039 377
79	29675	0.4	1	29276 399
80	24656	0.4	1	24335 321
81	16470	0.4	1	16238 232
82	14328	0.4	1	14125 203
83	12586	0.4	1	12410 176
84	11850	0.4	1	11676 174
85	10635	0.4	1	10481 154
86	10724	0.4	1	10584 140
87	9576	0.4	1	9457 119
88	11467	0.4	1	11309 158
89	8380	0.4	1	8266 114
90	7401	0.4	1	7302 99
91	6462	0.4	1	6381 81
92	5068	0.4	1	5014 54
93	4878	0.4	1	4813 65
94	4680	0.4	1	4625 55
95	5212	0.4	1	5130 82
96	4439	0.4	1	4387 52
97	7487	0.4	1	7398 89
98	5176	0.4	1	5106 70
99	7922	0.4	1	7831 91
100	7637	0.4	1	7549 88
101	2929	0.4	1	2895 34
102	2226	0.4	1	2200 26
103	1696	0.4	1	1672 24
104	1901	0.4	1	1884 17
105	2002	0.4	1	1984 18
106	2084	0.4	1	2062 22
107	1751	0.4	1	1732 19
108	1334	0.4	1	1316 18
109	1182	0.4	1	1163 19
110	952	0.4	1	940 12
111	1049	0.4	1	1034 15
112	741	0.4	1	733 8
113	892	0.4	1	876 16
114	746	0.4	1	734 12
115	750	0.4	1	740 10
116	726	0.4	1	718 8
117	600	0.4	1	591 9
118	559	0.4	1	551 8
119	359	0.4	1	356 3
120	283	0.4	1	277 6
121	308	0.4	1	304 4
122	158	0.4	1	157 1
123	72	0.4	1	66 6
124	101	0.4	1	99 2
125	61	0.4	1	59 2
126	68	0.4	1	64 4
127	76	0.4	1	71 5
128	71	0.4	1	67 4
129	98	0.4	1	91 7
130	74	0.4	1	70 4
131	156	0.4	1	155 1
132	737	0.4	1	725 12
133	396	0.4	1	392 4
134	210	0.4	1	206 4
135	148	0.4	1	144 4
136	174	0.4	1	171 3
137	196	0.4	1	192 4
138	176	0.4	1	174 2
139	239	0.4	1	236 3
140	242	0.4	1	239 3
141	302	0.4	1	294 8
142	171	0.4	1	170 1
143	268	0.4	1	258 10
144	274	0.4	1	268 6
145	269	0.4	1	264 5
146	502	0.4	1	495 7
147	578	0.4	1	569 9
148	220	0.4	1	215 5
149	55	0.4	1	49 6
150	1699	0.4	1	1486 213

RUN STATISTICS FOR INPUT FILE: Kiley_A_WT_Anaerobic_C_2.fastq.gz
=============================================
28293671 sequences processed in total

Total number of sequences analysed for the sequence pair length validation: 28293671

Number of sequence pairs removed because at least one read was shorter than the length cutoff (20 bp): 34603 (0.12%)
