
SUMMARISING RUN PARAMETERS
==========================
Input filename: Kiley_A_WT_Aerobic_B_2.fastq.gz
Trimming mode: paired-end
Trim Galore version: 0.6.10
Cutadapt version: 4.4
Python version: could not detect
Number of cores used for trimming: 4
Quality Phred score cutoff: 20
Quality encoding type selected: ASCII+33
Using Illumina adapter for trimming (count: 315902). Second best hit was Nextera (count: 1)
Adapter sequence: 'AGATCGGAAGAGC' (Illumina TruSeq, Sanger iPCR; auto-detected)
Maximum trimming error rate: 0.1 (default)
Minimum required adapter overlap (stringency): 1 bp
Minimum required sequence length for both reads before a sequence pair gets removed: 20 bp
Running FastQC on the data once trimming has completed
Output file will be GZIP compressed


This is cutadapt 4.4 with Python 3.7.16
Command line parameters: -j 4 -e 0.1 -q 20 -O 1 -a AGATCGGAAGAGC Kiley_A_WT_Aerobic_B_2.fastq.gz
Processing single-end reads on 4 cores ...
Finished in 197.046 s (6.785 µs/read; 8.84 M reads/minute).

=== Summary ===

Total reads processed:              29,040,526
Reads with adapters:                16,617,305 (57.2%)
Reads written (passing filters):    29,040,526 (100.0%)

Total basepairs processed: 4,356,078,900 bp
Quality-trimmed:               5,199,299 bp (0.1%)
Total written (filtered):  3,939,820,333 bp (90.4%)

=== Adapter 1 ===

Sequence: AGATCGGAAGAGC; Type: regular 3'; Length: 13; Trimmed: 16617305 times

Minimum overlap: 1
No. of allowed errors:
1-9 bp: 0; 10-13 bp: 1

Bases preceding removed adapters:
  A: 21.1%
  C: 35.9%
  G: 31.7%
  T: 11.3%
  none/other: 0.0%

Overview of removed sequences
length	count	expect	max.err	error counts
1	4290206	7260131.5	0	4290206
2	1008603	1815032.9	0	1008603
3	443044	453758.2	0	443044
4	240816	113439.6	0	240816
5	185256	28359.9	0	185256
6	170227	7090.0	0	170227
7	165019	1772.5	0	165019
8	175506	443.1	0	175506
9	152336	110.8	0	151081 1255
10	166125	27.7	1	162344 3781
11	172569	6.9	1	168122 4447
12	172171	1.7	1	168016 4155
13	167062	0.4	1	163193 3869
14	173604	0.4	1	168900 4704
15	168565	0.4	1	164440 4125
16	174082	0.4	1	169964 4118
17	190448	0.4	1	185881 4567
18	150994	0.4	1	147772 3222
19	192724	0.4	1	188350 4374
20	160113	0.4	1	156772 3341
21	164420	0.4	1	160865 3555
22	171027	0.4	1	167723 3304
23	172791	0.4	1	169292 3499
24	187073	0.4	1	182732 4341
25	189417	0.4	1	185713 3704
26	151925	0.4	1	148661 3264
27	163946	0.4	1	160208 3738
28	165950	0.4	1	163052 2898
29	171146	0.4	1	167671 3475
30	174410	0.4	1	171152 3258
31	171958	0.4	1	168407 3551
32	168330	0.4	1	165141 3189
33	171279	0.4	1	167873 3406
34	173489	0.4	1	169606 3883
35	159414	0.4	1	156586 2828
36	160140	0.4	1	156880 3260
37	167631	0.4	1	164248 3383
38	160627	0.4	1	157838 2789
39	162220	0.4	1	159162 3058
40	156971	0.4	1	154283 2688
41	153770	0.4	1	151250 2520
42	154740	0.4	1	151993 2747
43	154326	0.4	1	151631 2695
44	153327	0.4	1	150736 2591
45	169619	0.4	1	166667 2952
46	136686	0.4	1	134301 2385
47	149647	0.4	1	147412 2235
48	166725	0.4	1	164113 2612
49	144930	0.4	1	142731 2199
50	140091	0.4	1	137874 2217
51	168359	0.4	1	165602 2757
52	114704	0.4	1	112871 1833
53	113970	0.4	1	112160 1810
54	117813	0.4	1	116080 1733
55	115764	0.4	1	114208 1556
56	124773	0.4	1	122781 1992
57	101089	0.4	1	99642 1447
58	128612	0.4	1	126842 1770
59	111564	0.4	1	109870 1694
60	108843	0.4	1	107148 1695
61	125313	0.4	1	123540 1773
62	130147	0.4	1	128160 1987
63	219772	0.4	1	217537 2235
64	120350	0.4	1	118796 1554
65	37745	0.4	1	36910 835
66	51186	0.4	1	50482 704
67	75880	0.4	1	74911 969
68	64625	0.4	1	63795 830
69	91157	0.4	1	90010 1147
70	80322	0.4	1	79281 1041
71	77636	0.4	1	76670 966
72	64119	0.4	1	63348 771
73	65371	0.4	1	64516 855
74	50869	0.4	1	50241 628
75	46481	0.4	1	45931 550
76	44698	0.4	1	44113 585
77	43489	0.4	1	42956 533
78	41764	0.4	1	41260 504
79	40881	0.4	1	40380 501
80	33922	0.4	1	33504 418
81	23014	0.4	1	22761 253
82	19952	0.4	1	19709 243
83	18157	0.4	1	17945 212
84	16699	0.4	1	16496 203
85	15677	0.4	1	15482 195
86	15929	0.4	1	15739 190
87	13952	0.4	1	13795 157
88	18482	0.4	1	18267 215
89	12555	0.4	1	12402 153
90	11506	0.4	1	11347 159
91	9380	0.4	1	9271 109
92	8038	0.4	1	7948 90
93	7373	0.4	1	7270 103
94	6585	0.4	1	6511 74
95	8147	0.4	1	8062 85
96	6719	0.4	1	6645 74
97	12096	0.4	1	11962 134
98	7715	0.4	1	7623 92
99	12567	0.4	1	12431 136
100	10632	0.4	1	10530 102
101	4053	0.4	1	4014 39
102	3294	0.4	1	3260 34
103	2695	0.4	1	2665 30
104	2935	0.4	1	2898 37
105	2778	0.4	1	2746 32
106	3136	0.4	1	3108 28
107	2477	0.4	1	2448 29
108	1980	0.4	1	1966 14
109	1670	0.4	1	1654 16
110	1288	0.4	1	1275 13
111	1417	0.4	1	1397 20
112	1045	0.4	1	1030 15
113	1254	0.4	1	1241 13
114	991	0.4	1	974 17
115	908	0.4	1	894 14
116	922	0.4	1	915 7
117	656	0.4	1	644 12
118	661	0.4	1	650 11
119	412	0.4	1	405 7
120	269	0.4	1	265 4
121	275	0.4	1	271 4
122	143	0.4	1	140 3
123	111	0.4	1	110 1
124	92	0.4	1	89 3
125	95	0.4	1	86 9
126	99	0.4	1	95 4
127	82	0.4	1	78 4
128	102	0.4	1	100 2
129	108	0.4	1	108
130	106	0.4	1	99 7
131	174	0.4	1	169 5
132	547	0.4	1	525 22
133	349	0.4	1	348 1
134	224	0.4	1	221 3
135	195	0.4	1	188 7
136	189	0.4	1	182 7
137	230	0.4	1	225 5
138	295	0.4	1	291 4
139	220	0.4	1	215 5
140	279	0.4	1	272 7
141	401	0.4	1	394 7
142	190	0.4	1	189 1
143	284	0.4	1	274 10
144	349	0.4	1	343 6
145	364	0.4	1	358 6
146	575	0.4	1	563 12
147	633	0.4	1	614 19
148	214	0.4	1	208 6
149	57	0.4	1	51 6
150	1594	0.4	1	1409 185

RUN STATISTICS FOR INPUT FILE: Kiley_A_WT_Aerobic_B_2.fastq.gz
=============================================
29040526 sequences processed in total

Total number of sequences analysed for the sequence pair length validation: 29040526

Number of sequence pairs removed because at least one read was shorter than the length cutoff (20 bp): 30403 (0.10%)
