
SUMMARISING RUN PARAMETERS
==========================
Input filename: SRX19817114_1.fastq.gz
Trimming mode: paired-end
Trim Galore version: 0.6.10
Cutadapt version: 4.4
Python version: could not detect
Number of cores used for trimming: 4
Quality Phred score cutoff: 20
Quality encoding type selected: ASCII+33
Using Illumina adapter for trimming (count: 82078). Second best hit was Nextera (count: 1)
Adapter sequence: 'AGATCGGAAGAGC' (Illumina TruSeq, Sanger iPCR; auto-detected)
Maximum trimming error rate: 0.1 (default)
Minimum required adapter overlap (stringency): 1 bp
Minimum required sequence length for both reads before a sequence pair gets removed: 20 bp
Running FastQC on the data once trimming has completed
Output file will be GZIP compressed


This is cutadapt 4.4 with Python 3.7.16
Command line parameters: -j 4 -e 0.1 -q 20 -O 1 -a AGATCGGAAGAGC SRX19817114_1.fastq.gz
Processing single-end reads on 4 cores ...
Finished in 206.863 s (19.305 µs/read; 3.11 M reads/minute).

=== Summary ===

Total reads processed:              10,715,450
Reads with adapters:                 4,355,983 (40.7%)
Reads written (passing filters):    10,715,450 (100.0%)

Total basepairs processed: 1,607,317,500 bp
Quality-trimmed:               1,530,769 bp (0.1%)
Total written (filtered):  1,533,637,558 bp (95.4%)

=== Adapter 1 ===

Sequence: AGATCGGAAGAGC; Type: regular 3'; Length: 13; Trimmed: 4355983 times

Minimum overlap: 1
No. of allowed errors:
1-9 bp: 0; 10-13 bp: 1

Bases preceding removed adapters:
  A: 36.5%
  C: 26.7%
  G: 17.0%
  T: 19.7%
  none/other: 0.0%

Overview of removed sequences
length	count	expect	max.err	error counts
1	2472169	2678862.5	0	2472169
2	550433	669715.6	0	550433
3	179142	167428.9	0	179142
4	56783	41857.2	0	56783
5	31143	10464.3	0	31143
6	21026	2616.1	0	21026
7	19174	654.0	0	19174
8	20338	163.5	0	20338
9	18134	40.9	0	17904 230
10	18417	10.2	1	17373 1044
11	20178	2.6	1	18724 1454
12	19901	0.6	1	18831 1070
13	18890	0.2	1	17800 1090
14	19357	0.2	1	18239 1118
15	19141	0.2	1	18093 1048
16	18410	0.2	1	17260 1150
17	17393	0.2	1	16191 1202
18	14721	0.2	1	14002 719
19	14450	0.2	1	13705 745
20	14839	0.2	1	13943 896
21	14297	0.2	1	13489 808
22	14860	0.2	1	14131 729
23	15442	0.2	1	14588 854
24	14173	0.2	1	13382 791
25	14911	0.2	1	14095 816
26	14346	0.2	1	13683 663
27	15133	0.2	1	14337 796
28	13045	0.2	1	12362 683
29	12751	0.2	1	11978 773
30	12007	0.2	1	11484 523
31	11373	0.2	1	10817 556
32	11187	0.2	1	10644 543
33	10930	0.2	1	10399 531
34	11196	0.2	1	10538 658
35	11440	0.2	1	10816 624
36	10252	0.2	1	9759 493
37	10656	0.2	1	10162 494
38	11390	0.2	1	10821 569
39	9776	0.2	1	9238 538
40	10283	0.2	1	9738 545
41	10683	0.2	1	10245 438
42	10826	0.2	1	10302 524
43	11166	0.2	1	10541 625
44	10357	0.2	1	9689 668
45	13800	0.2	1	13244 556
46	5882	0.2	1	5471 411
47	7591	0.2	1	7205 386
48	11697	0.2	1	11203 494
49	9001	0.2	1	8559 442
50	5830	0.2	1	5400 430
51	12576	0.2	1	11953 623
52	8147	0.2	1	7767 380
53	3591	0.2	1	3371 220
54	6630	0.2	1	6293 337
55	10160	0.2	1	9854 306
56	7326	0.2	1	6965 361
57	6080	0.2	1	5867 213
58	6751	0.2	1	6491 260
59	8811	0.2	1	8500 311
60	2084	0.2	1	1908 176
61	3794	0.2	1	3551 243
62	8483	0.2	1	8212 271
63	3148	0.2	1	2975 173
64	3073	0.2	1	2925 148
65	3638	0.2	1	3410 228
66	9022	0.2	1	8795 227
67	2078	0.2	1	1917 161
68	3249	0.2	1	3098 151
69	1864	0.2	1	1762 102
70	1233	0.2	1	1148 85
71	652	0.2	1	597 55
72	961	0.2	1	896 65
73	1731	0.2	1	1641 90
74	2341	0.2	1	2216 125
75	2377	0.2	1	2271 106
76	2443	0.2	1	2321 122
77	2506	0.2	1	2398 108
78	2175	0.2	1	2076 99
79	2043	0.2	1	1940 103
80	1972	0.2	1	1882 90
81	1644	0.2	1	1541 103
82	1409	0.2	1	1313 96
83	1417	0.2	1	1321 96
84	1350	0.2	1	1272 78
85	1249	0.2	1	1184 65
86	1334	0.2	1	1270 64
87	1301	0.2	1	1235 66
88	1081	0.2	1	1029 52
89	843	0.2	1	789 54
90	895	0.2	1	828 67
91	769	0.2	1	704 65
92	647	0.2	1	610 37
93	557	0.2	1	531 26
94	454	0.2	1	427 27
95	491	0.2	1	454 37
96	428	0.2	1	406 22
97	404	0.2	1	377 27
98	325	0.2	1	295 30
99	298	0.2	1	274 24
100	270	0.2	1	245 25
101	205	0.2	1	187 18
102	217	0.2	1	196 21
103	194	0.2	1	176 18
104	165	0.2	1	137 28
105	184	0.2	1	172 12
106	186	0.2	1	169 17
107	183	0.2	1	167 16
108	136	0.2	1	123 13
109	87	0.2	1	75 12
110	90	0.2	1	71 19
111	100	0.2	1	88 12
112	55	0.2	1	44 11
113	60	0.2	1	42 18
114	72	0.2	1	54 18
115	65	0.2	1	29 36
116	43	0.2	1	35 8
117	57	0.2	1	42 15
118	63	0.2	1	26 37
119	38	0.2	1	22 16
120	32	0.2	1	26 6
121	31	0.2	1	18 13
122	36	0.2	1	26 10
123	53	0.2	1	19 34
124	30	0.2	1	22 8
125	31	0.2	1	16 15
126	21	0.2	1	15 6
127	25	0.2	1	20 5
128	32	0.2	1	21 11
129	29	0.2	1	23 6
130	45	0.2	1	39 6
131	96	0.2	1	57 39
132	606	0.2	1	519 87
133	79483	0.2	1	77305 2178
134	1254	0.2	1	1185 69
135	201	0.2	1	186 15
136	114	0.2	1	98 16
137	79	0.2	1	68 11
138	91	0.2	1	79 12
139	69	0.2	1	64 5
140	79	0.2	1	67 12
141	175	0.2	1	167 8
142	76	0.2	1	55 21
143	25	0.2	1	16 9
144	75	0.2	1	47 28
145	134	0.2	1	70 64
146	96	0.2	1	81 15
147	197	0.2	1	167 30
148	1272	0.2	1	1146 126
149	210246	0.2	1	204756 5490
150	625	0.2	1	604 21

RUN STATISTICS FOR INPUT FILE: SRX19817114_1.fastq.gz
=============================================
10715450 sequences processed in total

