
SUMMARISING RUN PARAMETERS
==========================
Input filename: SRX19817117_2.fastq.gz
Trimming mode: paired-end
Trim Galore version: 0.6.10
Cutadapt version: 4.4
Python version: could not detect
Number of cores used for trimming: 4
Quality Phred score cutoff: 20
Quality encoding type selected: ASCII+33
Using Illumina adapter for trimming (count: 68349). Second best hit was smallRNA (count: 1)
Adapter sequence: 'AGATCGGAAGAGC' (Illumina TruSeq, Sanger iPCR; auto-detected)
Maximum trimming error rate: 0.1 (default)
Minimum required adapter overlap (stringency): 1 bp
Minimum required sequence length for both reads before a sequence pair gets removed: 20 bp
Running FastQC on the data once trimming has completed
Output file will be GZIP compressed


This is cutadapt 4.4 with Python 3.7.16
Command line parameters: -j 4 -e 0.1 -q 20 -O 1 -a AGATCGGAAGAGC SRX19817117_2.fastq.gz
Processing single-end reads on 4 cores ...
Finished in 216.369 s (18.927 µs/read; 3.17 M reads/minute).

=== Summary ===

Total reads processed:              11,431,887
Reads with adapters:                 4,117,501 (36.0%)
Reads written (passing filters):    11,431,887 (100.0%)

Total basepairs processed: 1,714,783,050 bp
Quality-trimmed:               2,634,662 bp (0.2%)
Total written (filtered):  1,649,982,809 bp (96.2%)

=== Adapter 1 ===

Sequence: AGATCGGAAGAGC; Type: regular 3'; Length: 13; Trimmed: 4117501 times

Minimum overlap: 1
No. of allowed errors:
1-9 bp: 0; 10-13 bp: 1

Bases preceding removed adapters:
  A: 43.7%
  C: 22.4%
  G: 18.4%
  T: 15.4%
  none/other: 0.0%

Overview of removed sequences
length	count	expect	max.err	error counts
1	2404436	2857971.8	0	2404436
2	518105	714492.9	0	518105
3	175127	178623.2	0	175127
4	62980	44655.8	0	62980
5	31246	11164.0	0	31246
6	20142	2791.0	0	20142
7	19231	697.7	0	19231
8	19570	174.4	0	19570
9	15433	43.6	0	15062 371
10	17015	10.9	1	16029 986
11	17795	2.7	1	16812 983
12	18075	0.7	1	17068 1007
13	16522	0.2	1	15747 775
14	17484	0.2	1	16642 842
15	16382	0.2	1	15612 770
16	16919	0.2	1	16109 810
17	16382	0.2	1	15588 794
18	12184	0.2	1	11719 465
19	16220	0.2	1	15562 658
20	12263	0.2	1	11786 477
21	12853	0.2	1	12347 506
22	13473	0.2	1	12949 524
23	13480	0.2	1	12974 506
24	14119	0.2	1	13499 620
25	15252	0.2	1	14675 577
26	11197	0.2	1	10740 457
27	12645	0.2	1	12142 503
28	11736	0.2	1	11317 419
29	10843	0.2	1	10393 450
30	11706	0.2	1	11296 410
31	9742	0.2	1	9384 358
32	10153	0.2	1	9811 342
33	9734	0.2	1	9346 388
34	9695	0.2	1	9328 367
35	9147	0.2	1	8873 274
36	9100	0.2	1	8792 308
37	8671	0.2	1	8419 252
38	9172	0.2	1	8864 308
39	8796	0.2	1	8520 276
40	8663	0.2	1	8357 306
41	8399	0.2	1	8122 277
42	8553	0.2	1	8307 246
43	9244	0.2	1	8925 319
44	8378	0.2	1	8113 265
45	8268	0.2	1	8000 268
46	8156	0.2	1	7852 304
47	6581	0.2	1	6381 200
48	6898	0.2	1	6665 233
49	7321	0.2	1	7121 200
50	5882	0.2	1	5716 166
51	6449	0.2	1	6260 189
52	5440	0.2	1	5263 177
53	5039	0.2	1	4908 131
54	5450	0.2	1	5279 171
55	4929	0.2	1	4794 135
56	5145	0.2	1	4992 153
57	5232	0.2	1	5066 166
58	4702	0.2	1	4546 156
59	4560	0.2	1	4446 114
60	5325	0.2	1	5159 166
61	4423	0.2	1	4298 125
62	3746	0.2	1	3628 118
63	5308	0.2	1	5136 172
64	3255	0.2	1	3169 86
65	3003	0.2	1	2920 83
66	3256	0.2	1	3163 93
67	2940	0.2	1	2855 85
68	3196	0.2	1	3094 102
69	2636	0.2	1	2558 78
70	3007	0.2	1	2928 79
71	3017	0.2	1	2954 63
72	2582	0.2	1	2505 77
73	3516	0.2	1	3430 86
74	3005	0.2	1	2917 88
75	3410	0.2	1	3321 89
76	2003	0.2	1	1948 55
77	1193	0.2	1	1153 40
78	1117	0.2	1	1075 42
79	1036	0.2	1	999 37
80	1119	0.2	1	1075 44
81	1009	0.2	1	963 46
82	939	0.2	1	900 39
83	890	0.2	1	841 49
84	837	0.2	1	784 53
85	828	0.2	1	799 29
86	834	0.2	1	792 42
87	743	0.2	1	703 40
88	691	0.2	1	657 34
89	632	0.2	1	596 36
90	607	0.2	1	578 29
91	516	0.2	1	495 21
92	489	0.2	1	463 26
93	431	0.2	1	405 26
94	324	0.2	1	299 25
95	350	0.2	1	325 25
96	309	0.2	1	289 20
97	293	0.2	1	270 23
98	273	0.2	1	240 33
99	213	0.2	1	201 12
100	246	0.2	1	221 25
101	169	0.2	1	153 16
102	149	0.2	1	132 17
103	156	0.2	1	145 11
104	103	0.2	1	90 13
105	140	0.2	1	120 20
106	129	0.2	1	115 14
107	143	0.2	1	132 11
108	107	0.2	1	92 15
109	80	0.2	1	65 15
110	74	0.2	1	62 12
111	60	0.2	1	49 11
112	52	0.2	1	39 13
113	47	0.2	1	36 11
114	57	0.2	1	47 10
115	48	0.2	1	37 11
116	48	0.2	1	39 9
117	31	0.2	1	21 10
118	42	0.2	1	33 9
119	27	0.2	1	21 6
120	42	0.2	1	32 10
121	21	0.2	1	19 2
122	23	0.2	1	17 6
123	14	0.2	1	7 7
124	33	0.2	1	22 11
125	20	0.2	1	17 3
126	42	0.2	1	32 10
127	49	0.2	1	45 4
128	53	0.2	1	44 9
129	46	0.2	1	43 3
130	71	0.2	1	62 9
131	124	0.2	1	109 15
132	909	0.2	1	863 46
133	71968	0.2	1	71185 783
134	1191	0.2	1	1177 14
135	187	0.2	1	183 4
136	116	0.2	1	94 22
137	55	0.2	1	53 2
138	93	0.2	1	87 6
139	85	0.2	1	82 3
140	51	0.2	1	46 5
141	148	0.2	1	141 7
142	55	0.2	1	52 3
143	26	0.2	1	21 5
144	48	0.2	1	40 8
145	124	0.2	1	87 37
146	84	0.2	1	73 11
147	93	0.2	1	84 9
148	916	0.2	1	870 46
149	176756	0.2	1	174224 2532
150	535	0.2	1	528 7

RUN STATISTICS FOR INPUT FILE: SRX19817117_2.fastq.gz
=============================================
11431887 sequences processed in total

Total number of sequences analysed for the sequence pair length validation: 11431887

Number of sequence pairs removed because at least one read was shorter than the length cutoff (20 bp): 259993 (2.27%)
