
SUMMARISING RUN PARAMETERS
==========================
Input filename: SRX14563846_1.fastq.gz
Trimming mode: paired-end
Trim Galore version: 0.6.10
Cutadapt version: 4.4
Python version: could not detect
Number of cores used for trimming: 4
Quality Phred score cutoff: 20
Quality encoding type selected: ASCII+33
Using Illumina adapter for trimming (count: 108856). Second best hit was Nextera (count: 0)
Adapter sequence: 'AGATCGGAAGAGC' (Illumina TruSeq, Sanger iPCR; auto-detected)
Maximum trimming error rate: 0.1 (default)
Minimum required adapter overlap (stringency): 1 bp
Minimum required sequence length for both reads before a sequence pair gets removed: 20 bp
Running FastQC on the data once trimming has completed
Output file will be GZIP compressed


This is cutadapt 4.4 with Python 3.7.16
Command line parameters: -j 4 -e 0.1 -q 20 -O 1 -a AGATCGGAAGAGC SRX14563846_1.fastq.gz
Processing single-end reads on 4 cores ...
Finished in 240.776 s (10.371 µs/read; 5.79 M reads/minute).

=== Summary ===

Total reads processed:              23,215,484
Reads with adapters:                10,682,811 (46.0%)
Reads written (passing filters):    23,215,484 (100.0%)

Total basepairs processed: 3,505,538,084 bp
Quality-trimmed:               8,452,114 bp (0.2%)
Total written (filtered):  3,389,345,883 bp (96.7%)

=== Adapter 1 ===

Sequence: AGATCGGAAGAGC; Type: regular 3'; Length: 13; Trimmed: 10682811 times

Minimum overlap: 1
No. of allowed errors:
1-9 bp: 0; 10-13 bp: 1

Bases preceding removed adapters:
  A: 23.8%
  C: 34.4%
  G: 23.3%
  T: 17.3%
  none/other: 1.2%

Overview of removed sequences
length	count	expect	max.err	error counts
1	4769023	5803871.0	0	4769023
2	1284190	1450967.8	0	1284190
3	455614	362741.9	0	455614
4	235676	90685.5	0	235676
5	168967	22671.4	0	168967
6	156455	5667.8	0	156455
7	155233	1417.0	0	155233
8	141915	354.2	0	141915
9	148931	88.6	0	148747 184
10	148704	22.1	1	145281 3423
11	132485	5.5	1	129355 3130
12	134895	1.4	1	131597 3298
13	129241	0.3	1	125798 3443
14	124959	0.3	1	121744 3215
15	120667	0.3	1	117563 3104
16	114882	0.3	1	111926 2956
17	112206	0.3	1	109248 2958
18	113512	0.3	1	110455 3057
19	100184	0.3	1	97723 2461
20	98301	0.3	1	95880 2421
21	95520	0.3	1	93249 2271
22	92936	0.3	1	90608 2328
23	86843	0.3	1	84791 2052
24	85529	0.3	1	83432 2097
25	86306	0.3	1	84142 2164
26	75424	0.3	1	73689 1735
27	72739	0.3	1	71032 1707
28	71715	0.3	1	69985 1730
29	63601	0.3	1	61971 1630
30	63585	0.3	1	62068 1517
31	55176	0.3	1	53944 1232
32	55161	0.3	1	53867 1294
33	49275	0.3	1	48045 1230
34	51931	0.3	1	50627 1304
35	46490	0.3	1	45435 1055
36	43957	0.3	1	42921 1036
37	42217	0.3	1	41236 981
38	41562	0.3	1	40666 896
39	39166	0.3	1	38205 961
40	33492	0.3	1	32769 723
41	32134	0.3	1	31383 751
42	30080	0.3	1	29431 649
43	31589	0.3	1	30863 726
44	24269	0.3	1	23687 582
45	35291	0.3	1	34638 653
46	14053	0.3	1	13629 424
47	19652	0.3	1	19285 367
48	19637	0.3	1	19226 411
49	16918	0.3	1	16554 364
50	17199	0.3	1	16864 335
51	14726	0.3	1	14397 329
52	14053	0.3	1	13749 304
53	13425	0.3	1	13138 287
54	12910	0.3	1	12600 310
55	13145	0.3	1	12849 296
56	10147	0.3	1	9923 224
57	10425	0.3	1	10219 206
58	9770	0.3	1	9603 167
59	8977	0.3	1	8770 207
60	7701	0.3	1	7547 154
61	7446	0.3	1	7295 151
62	6919	0.3	1	6764 155
63	7249	0.3	1	7092 157
64	6070	0.3	1	5939 131
65	5260	0.3	1	5117 143
66	5660	0.3	1	5523 137
67	4857	0.3	1	4713 144
68	4791	0.3	1	4596 195
69	4423	0.3	1	4138 285
70	4735	0.3	1	3858 877
71	50632	0.3	1	3770 46862
72	32655	0.3	1	18835 13820
73	9834	0.3	1	6215 3619
74	4870	0.3	1	2394 2476
75	2492	0.3	1	1344 1148
76	2069	0.3	1	1071 998
77	1589	0.3	1	903 686
78	1334	0.3	1	816 518
79	1194	0.3	1	749 445
80	1079	0.3	1	644 435
81	1069	0.3	1	676 393
82	976	0.3	1	600 376
83	944	0.3	1	611 333
84	764	0.3	1	485 279
85	735	0.3	1	473 262
86	669	0.3	1	417 252
87	608	0.3	1	400 208
88	574	0.3	1	400 174
89	551	0.3	1	354 197
90	507	0.3	1	313 194
91	464	0.3	1	279 185
92	440	0.3	1	289 151
93	369	0.3	1	234 135
94	370	0.3	1	228 142
95	339	0.3	1	206 133
96	344	0.3	1	209 135
97	330	0.3	1	205 125
98	299	0.3	1	167 132
99	285	0.3	1	180 105
100	248	0.3	1	138 110
101	211	0.3	1	105 106
102	197	0.3	1	104 93
103	225	0.3	1	122 103
104	174	0.3	1	83 91
105	187	0.3	1	98 89
106	163	0.3	1	79 84
107	143	0.3	1	75 68
108	147	0.3	1	62 85
109	166	0.3	1	79 87
110	122	0.3	1	58 64
111	120	0.3	1	47 73
112	120	0.3	1	43 77
113	101	0.3	1	28 73
114	95	0.3	1	25 70
115	91	0.3	1	17 74
116	156	0.3	1	14 142
117	82	0.3	1	13 69
118	108	0.3	1	14 94
119	112	0.3	1	9 103
120	298	0.3	1	11 287
121	101	0.3	1	1 100
122	71	0.3	1	5 66
123	75	0.3	1	1 74
124	73	0.3	1	1 72
125	96	0.3	1	6 90
126	75	0.3	1	2 73
127	88	0.3	1	3 85
128	74	0.3	1	2 72
129	92	0.3	1	0 92
130	74	0.3	1	1 73
131	70	0.3	1	0 70
132	83	0.3	1	4 79
133	95	0.3	1	1 94
134	86	0.3	1	0 86
135	92	0.3	1	0 92
136	123	0.3	1	1 122
137	138	0.3	1	0 138
138	142	0.3	1	3 139
139	169	0.3	1	2 167
140	180	0.3	1	0 180
141	185	0.3	1	0 185
142	250	0.3	1	1 249
143	294	0.3	1	3 291
144	357	0.3	1	3 354
145	430	0.3	1	3 427
146	567	0.3	1	0 567
147	764	0.3	1	3 761
148	1096	0.3	1	4 1092
149	1575	0.3	1	1 1574
150	4982	0.3	1	1 4981
151	36487	0.3	1	6 36481

RUN STATISTICS FOR INPUT FILE: SRX14563846_1.fastq.gz
=============================================
23215484 sequences processed in total

