
SUMMARISING RUN PARAMETERS
==========================
Input filename: SRX19817113_1.fastq.gz
Trimming mode: paired-end
Trim Galore version: 0.6.10
Cutadapt version: 4.4
Python version: could not detect
Number of cores used for trimming: 4
Quality Phred score cutoff: 20
Quality encoding type selected: ASCII+33
Using Illumina adapter for trimming (count: 80391). Second best hit was smallRNA (count: 0)
Adapter sequence: 'AGATCGGAAGAGC' (Illumina TruSeq, Sanger iPCR; auto-detected)
Maximum trimming error rate: 0.1 (default)
Minimum required adapter overlap (stringency): 1 bp
Minimum required sequence length for both reads before a sequence pair gets removed: 20 bp
Running FastQC on the data once trimming has completed
Output file will be GZIP compressed


This is cutadapt 4.4 with Python 3.7.16
Command line parameters: -j 4 -e 0.1 -q 20 -O 1 -a AGATCGGAAGAGC SRX19817113_1.fastq.gz
Processing single-end reads on 4 cores ...
Finished in 190.001 s (18.853 µs/read; 3.18 M reads/minute).

=== Summary ===

Total reads processed:              10,078,022
Reads with adapters:                 4,082,860 (40.5%)
Reads written (passing filters):    10,078,022 (100.0%)

Total basepairs processed: 1,511,703,300 bp
Quality-trimmed:               1,250,678 bp (0.1%)
Total written (filtered):  1,442,962,234 bp (95.5%)

=== Adapter 1 ===

Sequence: AGATCGGAAGAGC; Type: regular 3'; Length: 13; Trimmed: 4082860 times

Minimum overlap: 1
No. of allowed errors:
1-9 bp: 0; 10-13 bp: 1

Bases preceding removed adapters:
  A: 34.9%
  C: 27.4%
  G: 17.6%
  T: 20.0%
  none/other: 0.0%

Overview of removed sequences
length	count	expect	max.err	error counts
1	2316293	2519505.5	0	2316293
2	515814	629876.4	0	515814
3	167526	157469.1	0	167526
4	52802	39367.3	0	52802
5	28671	9841.8	0	28671
6	20080	2460.5	0	20080
7	18403	615.1	0	18403
8	18926	153.8	0	18926
9	16975	38.4	0	16808 167
10	17150	9.6	1	16153 997
11	18146	2.4	1	16916 1230
12	18065	0.6	1	17140 925
13	17294	0.2	1	16384 910
14	17202	0.2	1	16238 964
15	17301	0.2	1	16393 908
16	16983	0.2	1	15905 1078
17	16270	0.2	1	15201 1069
18	14359	0.2	1	13727 632
19	13965	0.2	1	13291 674
20	13681	0.2	1	12929 752
21	14039	0.2	1	13335 704
22	13862	0.2	1	13171 691
23	14829	0.2	1	14047 782
24	13638	0.2	1	12870 768
25	14254	0.2	1	13492 762
26	13902	0.2	1	13264 638
27	14148	0.2	1	13457 691
28	12236	0.2	1	11663 573
29	12009	0.2	1	11345 664
30	11738	0.2	1	11258 480
31	10623	0.2	1	10128 495
32	10550	0.2	1	10087 463
33	10588	0.2	1	10070 518
34	10542	0.2	1	10003 539
35	11277	0.2	1	10720 557
36	9465	0.2	1	9058 407
37	10266	0.2	1	9843 423
38	10896	0.2	1	10413 483
39	9054	0.2	1	8577 477
40	9334	0.2	1	8864 470
41	9396	0.2	1	8980 416
42	10220	0.2	1	9773 447
43	9742	0.2	1	9245 497
44	10330	0.2	1	9737 593
45	14874	0.2	1	14407 467
46	4796	0.2	1	4473 323
47	6884	0.2	1	6523 361
48	11927	0.2	1	11463 464
49	8136	0.2	1	7793 343
50	5214	0.2	1	4825 389
51	11515	0.2	1	11011 504
52	7657	0.2	1	7375 282
53	3272	0.2	1	3077 195
54	6145	0.2	1	5832 313
55	10287	0.2	1	9986 301
56	7090	0.2	1	6829 261
57	5833	0.2	1	5623 210
58	6164	0.2	1	5901 263
59	8479	0.2	1	8230 249
60	1847	0.2	1	1704 143
61	3369	0.2	1	3166 203
62	8031	0.2	1	7822 209
63	2910	0.2	1	2765 145
64	2634	0.2	1	2506 128
65	3185	0.2	1	2990 195
66	8499	0.2	1	8281 218
67	1954	0.2	1	1810 144
68	3156	0.2	1	3032 124
69	1777	0.2	1	1671 106
70	1135	0.2	1	1067 68
71	690	0.2	1	645 45
72	1015	0.2	1	973 42
73	1792	0.2	1	1710 82
74	2187	0.2	1	2081 106
75	2305	0.2	1	2181 124
76	2396	0.2	1	2288 108
77	2295	0.2	1	2179 116
78	2095	0.2	1	2023 72
79	1886	0.2	1	1795 91
80	1878	0.2	1	1789 89
81	1682	0.2	1	1602 80
82	1464	0.2	1	1373 91
83	1398	0.2	1	1309 89
84	1217	0.2	1	1146 71
85	1141	0.2	1	1097 44
86	1184	0.2	1	1111 73
87	1116	0.2	1	1065 51
88	946	0.2	1	905 41
89	849	0.2	1	810 39
90	821	0.2	1	763 58
91	700	0.2	1	666 34
92	554	0.2	1	517 37
93	570	0.2	1	537 33
94	437	0.2	1	418 19
95	415	0.2	1	378 37
96	344	0.2	1	327 17
97	306	0.2	1	292 14
98	258	0.2	1	244 14
99	222	0.2	1	206 16
100	205	0.2	1	189 16
101	167	0.2	1	154 13
102	151	0.2	1	138 13
103	176	0.2	1	158 18
104	132	0.2	1	121 11
105	132	0.2	1	122 10
106	151	0.2	1	129 22
107	144	0.2	1	132 12
108	116	0.2	1	99 17
109	84	0.2	1	65 19
110	83	0.2	1	47 36
111	100	0.2	1	85 15
112	37	0.2	1	30 7
113	44	0.2	1	32 12
114	44	0.2	1	33 11
115	60	0.2	1	29 31
116	37	0.2	1	29 8
117	34	0.2	1	19 15
118	45	0.2	1	18 27
119	22	0.2	1	13 9
120	30	0.2	1	16 14
121	15	0.2	1	11 4
122	15	0.2	1	6 9
123	30	0.2	1	14 16
124	16	0.2	1	11 5
125	12	0.2	1	7 5
126	20	0.2	1	10 10
127	13	0.2	1	8 5
128	35	0.2	1	21 14
129	14	0.2	1	9 5
130	34	0.2	1	29 5
131	121	0.2	1	59 62
132	658	0.2	1	575 83
133	90467	0.2	1	88138 2329
134	1333	0.2	1	1250 83
135	195	0.2	1	181 14
136	92	0.2	1	72 20
137	75	0.2	1	58 17
138	82	0.2	1	75 7
139	84	0.2	1	74 10
140	52	0.2	1	47 5
141	162	0.2	1	151 11
142	79	0.2	1	51 28
143	16	0.2	1	8 8
144	64	0.2	1	38 26
145	118	0.2	1	50 68
146	102	0.2	1	84 18
147	140	0.2	1	118 22
148	1072	0.2	1	964 108
149	181434	0.2	1	176697 4737
150	539	0.2	1	504 35

RUN STATISTICS FOR INPUT FILE: SRX19817113_1.fastq.gz
=============================================
10078022 sequences processed in total

