
SUMMARISING RUN PARAMETERS
==========================
Input filename: SRX14563847_2.fastq.gz
Trimming mode: paired-end
Trim Galore version: 0.6.10
Cutadapt version: 4.4
Python version: could not detect
Number of cores used for trimming: 4
Quality Phred score cutoff: 20
Quality encoding type selected: ASCII+33
Using Illumina adapter for trimming (count: 88688). Second best hit was smallRNA (count: 0)
Adapter sequence: 'AGATCGGAAGAGC' (Illumina TruSeq, Sanger iPCR; auto-detected)
Maximum trimming error rate: 0.1 (default)
Minimum required adapter overlap (stringency): 1 bp
Minimum required sequence length for both reads before a sequence pair gets removed: 20 bp
Running FastQC on the data once trimming has completed
Output file will be GZIP compressed


This is cutadapt 4.4 with Python 3.7.16
Command line parameters: -j 4 -e 0.1 -q 20 -O 1 -a AGATCGGAAGAGC SRX14563847_2.fastq.gz
Processing single-end reads on 4 cores ...
Finished in 174.599 s (7.686 µs/read; 7.81 M reads/minute).

=== Summary ===

Total reads processed:              22,717,430
Reads with adapters:                10,109,914 (44.5%)
Reads written (passing filters):    22,717,430 (100.0%)

Total basepairs processed: 3,430,331,930 bp
Quality-trimmed:              99,963,810 bp (2.9%)
Total written (filtered):  3,149,458,052 bp (91.8%)

=== Adapter 1 ===

Sequence: AGATCGGAAGAGC; Type: regular 3'; Length: 13; Trimmed: 10109914 times

Minimum overlap: 1
No. of allowed errors:
1-9 bp: 0; 10-13 bp: 1

Bases preceding removed adapters:
  A: 24.2%
  C: 29.2%
  G: 23.7%
  T: 10.6%
  none/other: 12.2%

Overview of removed sequences
length	count	expect	max.err	error counts
1	4217039	5679357.5	0	4217039
2	1065296	1419839.4	0	1065296
3	385322	354959.8	0	385322
4	187636	88740.0	0	187636
5	138389	22185.0	0	138389
6	127784	5546.2	0	127784
7	127118	1386.6	0	127118
8	110061	346.6	0	110061
9	120467	86.7	0	118617 1850
10	119860	21.7	1	116228 3632
11	102072	5.4	1	99905 2167
12	113113	1.4	1	110427 2686
13	92698	0.3	1	90742 1956
14	134457	0.3	1	130973 3484
15	67182	0.3	1	65791 1391
16	87731	0.3	1	86033 1698
17	120217	0.3	1	117851 2366
18	48596	0.3	1	47651 945
19	98816	0.3	1	96775 2041
20	61031	0.3	1	59873 1158
21	66709	0.3	1	65650 1059
22	71139	0.3	1	69712 1427
23	70361	0.3	1	68841 1520
24	79508	0.3	1	77558 1950
25	54177	0.3	1	53304 873
26	62379	0.3	1	61294 1085
27	59067	0.3	1	57912 1155
28	58036	0.3	1	56919 1117
29	45213	0.3	1	44455 758
30	68612	0.3	1	67316 1296
31	24403	0.3	1	24000 403
32	46902	0.3	1	46065 837
33	35986	0.3	1	35427 559
34	39495	0.3	1	38813 682
35	36814	0.3	1	36181 633
36	33626	0.3	1	33073 553
37	33625	0.3	1	33104 521
38	30187	0.3	1	29741 446
39	29332	0.3	1	28887 445
40	26239	0.3	1	25858 381
41	24877	0.3	1	24481 396
42	29114	0.3	1	28594 520
43	18073	0.3	1	17813 260
44	21649	0.3	1	21263 386
45	25229	0.3	1	24786 443
46	15961	0.3	1	15741 220
47	15125	0.3	1	14920 205
48	16710	0.3	1	16404 306
49	12933	0.3	1	12754 179
50	13295	0.3	1	13071 224
51	17753	0.3	1	17520 233
52	6939	0.3	1	6797 142
53	10758	0.3	1	10620 138
54	9633	0.3	1	9501 132
55	9973	0.3	1	9819 154
56	8777	0.3	1	8609 168
57	8368	0.3	1	8211 157
58	7818	0.3	1	7637 181
59	6970	0.3	1	6739 231
60	7010	0.3	1	6674 336
61	6955	0.3	1	6137 818
62	9981	0.3	1	5990 3991
63	520492	0.3	1	6513 513979
64	220189	0.3	1	40238 179951
65	59395	0.3	1	11841 47554
66	42028	0.3	1	3546 38482
67	20898	0.3	1	1849 19049
68	15756	0.3	1	1338 14418
69	9882	0.3	1	1063 8819
70	7359	0.3	1	908 6451
71	8080	0.3	1	858 7222
72	8002	0.3	1	908 7094
73	9398	0.3	1	805 8593
74	10843	0.3	1	817 10026
75	9394	0.3	1	784 8610
76	7633	0.3	1	689 6944
77	6706	0.3	1	604 6102
78	5810	0.3	1	583 5227
79	4382	0.3	1	518 3864
80	3666	0.3	1	436 3230
81	3430	0.3	1	434 2996
82	3164	0.3	1	392 2772
83	2604	0.3	1	311 2293
84	2404	0.3	1	277 2127
85	2467	0.3	1	343 2124
86	2267	0.3	1	289 1978
87	2332	0.3	1	278 2054
88	2162	0.3	1	272 1890
89	1932	0.3	1	213 1719
90	1826	0.3	1	247 1579
91	1549	0.3	1	192 1357
92	1383	0.3	1	204 1179
93	1218	0.3	1	162 1056
94	1257	0.3	1	166 1091
95	1105	0.3	1	133 972
96	1131	0.3	1	148 983
97	1134	0.3	1	158 976
98	1148	0.3	1	136 1012
99	1142	0.3	1	145 997
100	1121	0.3	1	157 964
101	1090	0.3	1	100 990
102	1274	0.3	1	112 1162
103	1259	0.3	1	95 1164
104	1370	0.3	1	94 1276
105	1212	0.3	1	78 1134
106	1101	0.3	1	66 1035
107	952	0.3	1	80 872
108	862	0.3	1	80 782
109	764	0.3	1	56 708
110	800	0.3	1	57 743
111	933	0.3	1	56 877
112	853	0.3	1	46 807
113	1098	0.3	1	52 1046
114	894	0.3	1	39 855
115	902	0.3	1	27 875
116	824	0.3	1	20 804
117	765	0.3	1	18 747
118	727	0.3	1	14 713
119	700	0.3	1	20 680
120	737	0.3	1	12 725
121	709	0.3	1	5 704
122	758	0.3	1	12 746
123	794	0.3	1	7 787
124	694	0.3	1	8 686
125	694	0.3	1	3 691
126	641	0.3	1	3 638
127	614	0.3	1	3 611
128	631	0.3	1	4 627
129	630	0.3	1	1 629
130	664	0.3	1	3 661
131	690	0.3	1	1 689
132	891	0.3	1	2 889
133	941	0.3	1	2 939
134	1097	0.3	1	0 1097
135	1099	0.3	1	0 1099
136	1149	0.3	1	2 1147
137	1137	0.3	1	0 1137
138	1132	0.3	1	0 1132
139	1168	0.3	1	2 1166
140	1171	0.3	1	1 1170
141	1276	0.3	1	2 1274
142	1362	0.3	1	1 1361
143	1634	0.3	1	0 1634
144	1892	0.3	1	0 1892
145	2697	0.3	1	2 2695
146	3501	0.3	1	2 3499
147	4968	0.3	1	2 4966
148	6866	0.3	1	1 6865
149	9998	0.3	1	5 9993
150	29315	0.3	1	5 29310
151	202699	0.3	1	29 202670

RUN STATISTICS FOR INPUT FILE: SRX14563847_2.fastq.gz
=============================================
22717430 sequences processed in total

Total number of sequences analysed for the sequence pair length validation: 22717430

Number of sequence pairs removed because at least one read was shorter than the length cutoff (20 bp): 1275551 (5.61%)
