
SUMMARISING RUN PARAMETERS
==========================
Input filename: SRX14563846_2.fastq.gz
Trimming mode: paired-end
Trim Galore version: 0.6.10
Cutadapt version: 4.4
Python version: could not detect
Number of cores used for trimming: 4
Quality Phred score cutoff: 20
Quality encoding type selected: ASCII+33
Using Illumina adapter for trimming (count: 108856). Second best hit was smallRNA (count: 0)
Adapter sequence: 'AGATCGGAAGAGC' (Illumina TruSeq, Sanger iPCR; auto-detected)
Maximum trimming error rate: 0.1 (default)
Minimum required adapter overlap (stringency): 1 bp
Minimum required sequence length for both reads before a sequence pair gets removed: 20 bp
Running FastQC on the data once trimming has completed
Output file will be GZIP compressed


This is cutadapt 4.4 with Python 3.7.16
Command line parameters: -j 4 -e 0.1 -q 20 -O 1 -a AGATCGGAAGAGC SRX14563846_2.fastq.gz
Processing single-end reads on 4 cores ...
Finished in 183.001 s (7.883 µs/read; 7.61 M reads/minute).

=== Summary ===

Total reads processed:              23,215,484
Reads with adapters:                10,082,476 (43.4%)
Reads written (passing filters):    23,215,484 (100.0%)

Total basepairs processed: 3,505,538,084 bp
Quality-trimmed:              22,187,577 bp (0.6%)
Total written (filtered):  3,379,871,805 bp (96.4%)

=== Adapter 1 ===

Sequence: AGATCGGAAGAGC; Type: regular 3'; Length: 13; Trimmed: 10082476 times

Minimum overlap: 1
No. of allowed errors:
1-9 bp: 0; 10-13 bp: 1

Bases preceding removed adapters:
  A: 24.4%
  C: 36.9%
  G: 25.6%
  T: 11.9%
  none/other: 1.2%

Overview of removed sequences
length	count	expect	max.err	error counts
1	4378530	5803871.0	0	4378530
2	1140586	1450967.8	0	1140586
3	426338	362741.9	0	426338
4	217836	90685.5	0	217836
5	170873	22671.4	0	170873
6	158218	5667.8	0	158218
7	159609	1417.0	0	159609
8	137418	354.2	0	137418
9	151173	88.6	0	149433 1740
10	150958	22.1	1	146372 4586
11	127576	5.5	1	124530 3046
12	141707	1.4	1	137710 3997
13	118770	0.3	1	115827 2943
14	168772	0.3	1	163761 5011
15	86043	0.3	1	83976 2067
16	112477	0.3	1	109897 2580
17	151979	0.3	1	148289 3690
18	63462	0.3	1	62029 1433
19	125985	0.3	1	122906 3079
20	78490	0.3	1	76775 1715
21	84598	0.3	1	82929 1669
22	91365	0.3	1	89318 2047
23	88232	0.3	1	86069 2163
24	100613	0.3	1	97784 2829
25	69466	0.3	1	68177 1289
26	77725	0.3	1	76005 1720
27	73558	0.3	1	71839 1719
28	74293	0.3	1	72544 1749
29	57936	0.3	1	56684 1252
30	87451	0.3	1	85567 1884
31	31183	0.3	1	30524 659
32	59030	0.3	1	57772 1258
33	45340	0.3	1	44491 849
34	50600	0.3	1	49557 1043
35	47000	0.3	1	46002 998
36	43295	0.3	1	42428 867
37	43270	0.3	1	42466 804
38	38646	0.3	1	37884 762
39	37774	0.3	1	37042 732
40	33100	0.3	1	32504 596
41	31480	0.3	1	30895 585
42	36988	0.3	1	36227 761
43	22274	0.3	1	21900 374
44	26559	0.3	1	26057 502
45	30989	0.3	1	30378 611
46	19761	0.3	1	19432 329
47	18627	0.3	1	18348 279
48	20704	0.3	1	20321 383
49	16131	0.3	1	15868 263
50	16344	0.3	1	16106 238
51	21645	0.3	1	21293 352
52	8480	0.3	1	8310 170
53	13258	0.3	1	13016 242
54	11626	0.3	1	11454 172
55	11997	0.3	1	11801 196
56	10864	0.3	1	10654 210
57	10127	0.3	1	9940 187
58	9752	0.3	1	9574 178
59	8561	0.3	1	8412 149
60	7917	0.3	1	7767 150
61	7880	0.3	1	7670 210
62	7714	0.3	1	7188 526
63	59637	0.3	1	7636 52001
64	61535	0.3	1	43279 18256
65	17354	0.3	1	12370 4984
66	7869	0.3	1	3895 3974
67	4105	0.3	1	2119 1986
68	2923	0.3	1	1437 1486
69	2191	0.3	1	1220 971
70	1699	0.3	1	1020 679
71	1641	0.3	1	939 702
72	1629	0.3	1	926 703
73	1729	0.3	1	832 897
74	1931	0.3	1	901 1030
75	1665	0.3	1	805 860
76	1538	0.3	1	776 762
77	1354	0.3	1	711 643
78	1201	0.3	1	647 554
79	919	0.3	1	500 419
80	784	0.3	1	436 348
81	737	0.3	1	404 333
82	670	0.3	1	389 281
83	650	0.3	1	385 265
84	534	0.3	1	310 224
85	522	0.3	1	293 229
86	477	0.3	1	298 179
87	525	0.3	1	281 244
88	510	0.3	1	303 207
89	472	0.3	1	253 219
90	389	0.3	1	201 188
91	338	0.3	1	180 158
92	327	0.3	1	177 150
93	285	0.3	1	143 142
94	271	0.3	1	139 132
95	230	0.3	1	117 113
96	237	0.3	1	128 109
97	271	0.3	1	161 110
98	216	0.3	1	117 99
99	204	0.3	1	96 108
100	202	0.3	1	93 109
101	169	0.3	1	71 98
102	154	0.3	1	76 78
103	185	0.3	1	77 108
104	165	0.3	1	69 96
105	160	0.3	1	57 103
106	160	0.3	1	64 96
107	148	0.3	1	59 89
108	121	0.3	1	36 85
109	129	0.3	1	48 81
110	122	0.3	1	36 86
111	132	0.3	1	37 95
112	106	0.3	1	32 74
113	104	0.3	1	20 84
114	110	0.3	1	19 91
115	87	0.3	1	18 69
116	103	0.3	1	14 89
117	99	0.3	1	12 87
118	77	0.3	1	12 65
119	86	0.3	1	12 74
120	71	0.3	1	9 62
121	75	0.3	1	5 70
122	78	0.3	1	6 72
123	89	0.3	1	6 83
124	60	0.3	1	0 60
125	67	0.3	1	5 62
126	59	0.3	1	1 58
127	74	0.3	1	1 73
128	81	0.3	1	2 79
129	74	0.3	1	2 72
130	96	0.3	1	2 94
131	86	0.3	1	0 86
132	113	0.3	1	2 111
133	114	0.3	1	2 112
134	129	0.3	1	2 127
135	120	0.3	1	1 119
136	135	0.3	1	1 134
137	133	0.3	1	0 133
138	114	0.3	1	1 113
139	120	0.3	1	1 119
140	131	0.3	1	0 131
141	128	0.3	1	0 128
142	143	0.3	1	0 143
143	151	0.3	1	1 150
144	185	0.3	1	2 183
145	323	0.3	1	1 322
146	374	0.3	1	2 372
147	536	0.3	1	2 534
148	762	0.3	1	1 761
149	1019	0.3	1	0 1019
150	2956	0.3	1	2 2954
151	20739	0.3	1	3 20736

RUN STATISTICS FOR INPUT FILE: SRX14563846_2.fastq.gz
=============================================
23215484 sequences processed in total

Total number of sequences analysed for the sequence pair length validation: 23215484

Number of sequence pairs removed because at least one read was shorter than the length cutoff (20 bp): 143796 (0.62%)
