
SUMMARISING RUN PARAMETERS
==========================
Input filename: SRX19817112_1.fastq.gz
Trimming mode: paired-end
Trim Galore version: 0.6.10
Cutadapt version: 4.4
Python version: could not detect
Number of cores used for trimming: 4
Quality Phred score cutoff: 20
Quality encoding type selected: ASCII+33
Using Illumina adapter for trimming (count: 67109). Second best hit was Nextera (count: 0)
Adapter sequence: 'AGATCGGAAGAGC' (Illumina TruSeq, Sanger iPCR; auto-detected)
Maximum trimming error rate: 0.1 (default)
Minimum required adapter overlap (stringency): 1 bp
Minimum required sequence length for both reads before a sequence pair gets removed: 20 bp
Running FastQC on the data once trimming has completed
Output file will be GZIP compressed


This is cutadapt 4.4 with Python 3.7.16
Command line parameters: -j 4 -e 0.1 -q 20 -O 1 -a AGATCGGAAGAGC SRX19817112_1.fastq.gz
Processing single-end reads on 4 cores ...
Finished in 218.440 s (19.590 µs/read; 3.06 M reads/minute).

=== Summary ===

Total reads processed:              11,150,484
Reads with adapters:                 4,412,524 (39.6%)
Reads written (passing filters):    11,150,484 (100.0%)

Total basepairs processed: 1,672,572,600 bp
Quality-trimmed:               1,557,265 bp (0.1%)
Total written (filtered):  1,610,391,975 bp (96.3%)

=== Adapter 1 ===

Sequence: AGATCGGAAGAGC; Type: regular 3'; Length: 13; Trimmed: 4412524 times

Minimum overlap: 1
No. of allowed errors:
1-9 bp: 0; 10-13 bp: 1

Bases preceding removed adapters:
  A: 35.0%
  C: 28.0%
  G: 17.9%
  T: 19.0%
  none/other: 0.0%

Overview of removed sequences
length	count	expect	max.err	error counts
1	2603569	2787621.0	0	2603569
2	576742	696905.2	0	576742
3	187485	174226.3	0	187485
4	58481	43556.6	0	58481
5	31033	10889.1	0	31033
6	21090	2722.3	0	21090
7	18924	680.6	0	18924
8	19851	170.1	0	19851
9	17650	42.5	0	17489 161
10	17507	10.6	1	16530 977
11	19104	2.7	1	17838 1266
12	18756	0.7	1	17774 982
13	17861	0.2	1	16840 1021
14	17916	0.2	1	16859 1057
15	17859	0.2	1	16928 931
16	17526	0.2	1	16453 1073
17	16712	0.2	1	15566 1146
18	14474	0.2	1	13846 628
19	14328	0.2	1	13674 654
20	14524	0.2	1	13726 798
21	14330	0.2	1	13540 790
22	14194	0.2	1	13558 636
23	14988	0.2	1	14186 802
24	13470	0.2	1	12697 773
25	14535	0.2	1	13791 744
26	13881	0.2	1	13204 677
27	14743	0.2	1	14033 710
28	12350	0.2	1	11740 610
29	12637	0.2	1	11924 713
30	12191	0.2	1	11654 537
31	10806	0.2	1	10343 463
32	10825	0.2	1	10326 499
33	10609	0.2	1	10063 546
34	10812	0.2	1	10217 595
35	10872	0.2	1	10281 591
36	9475	0.2	1	9077 398
37	10105	0.2	1	9655 450
38	10767	0.2	1	10284 483
39	9053	0.2	1	8572 481
40	9565	0.2	1	9032 533
41	9496	0.2	1	9055 441
42	9984	0.2	1	9555 429
43	9652	0.2	1	9143 509
44	10395	0.2	1	9725 670
45	14294	0.2	1	13845 449
46	4685	0.2	1	4363 322
47	6854	0.2	1	6483 371
48	11974	0.2	1	11501 473
49	8010	0.2	1	7705 305
50	4869	0.2	1	4505 364
51	11068	0.2	1	10594 474
52	7411	0.2	1	7111 300
53	3144	0.2	1	2945 199
54	5677	0.2	1	5375 302
55	10090	0.2	1	9829 261
56	6772	0.2	1	6510 262
57	5460	0.2	1	5248 212
58	5706	0.2	1	5469 237
59	7571	0.2	1	7327 244
60	1756	0.2	1	1643 113
61	3054	0.2	1	2820 234
62	7646	0.2	1	7418 228
63	2687	0.2	1	2562 125
64	2339	0.2	1	2213 126
65	2851	0.2	1	2663 188
66	7880	0.2	1	7672 208
67	1716	0.2	1	1574 142
68	2666	0.2	1	2545 121
69	1568	0.2	1	1465 103
70	1052	0.2	1	976 76
71	657	0.2	1	608 49
72	1068	0.2	1	1017 51
73	1661	0.2	1	1584 77
74	2004	0.2	1	1904 100
75	1936	0.2	1	1849 87
76	2103	0.2	1	2010 93
77	2049	0.2	1	1927 122
78	1845	0.2	1	1771 74
79	1720	0.2	1	1641 79
80	1690	0.2	1	1611 79
81	1503	0.2	1	1424 79
82	1235	0.2	1	1160 75
83	1116	0.2	1	1033 83
84	1084	0.2	1	1015 69
85	999	0.2	1	954 45
86	972	0.2	1	929 43
87	897	0.2	1	852 45
88	781	0.2	1	736 45
89	722	0.2	1	683 39
90	748	0.2	1	685 63
91	624	0.2	1	599 25
92	457	0.2	1	425 32
93	436	0.2	1	407 29
94	366	0.2	1	340 26
95	329	0.2	1	302 27
96	282	0.2	1	259 23
97	256	0.2	1	234 22
98	216	0.2	1	194 22
99	208	0.2	1	182 26
100	189	0.2	1	176 13
101	153	0.2	1	134 19
102	134	0.2	1	117 17
103	122	0.2	1	96 26
104	121	0.2	1	103 18
105	102	0.2	1	84 18
106	136	0.2	1	122 14
107	124	0.2	1	106 18
108	95	0.2	1	82 13
109	79	0.2	1	57 22
110	105	0.2	1	58 47
111	82	0.2	1	65 17
112	41	0.2	1	27 14
113	49	0.2	1	35 14
114	40	0.2	1	31 9
115	82	0.2	1	45 37
116	57	0.2	1	40 17
117	38	0.2	1	18 20
118	46	0.2	1	21 25
119	37	0.2	1	17 20
120	28	0.2	1	18 10
121	26	0.2	1	8 18
122	31	0.2	1	17 14
123	47	0.2	1	22 25
124	24	0.2	1	13 11
125	28	0.2	1	15 13
126	22	0.2	1	16 6
127	33	0.2	1	17 16
128	20	0.2	1	15 5
129	25	0.2	1	16 9
130	33	0.2	1	27 6
131	102	0.2	1	45 57
132	614	0.2	1	524 90
133	79824	0.2	1	77614 2210
134	1309	0.2	1	1241 68
135	179	0.2	1	159 20
136	97	0.2	1	89 8
137	61	0.2	1	56 5
138	98	0.2	1	86 12
139	76	0.2	1	63 13
140	52	0.2	1	48 4
141	152	0.2	1	135 17
142	80	0.2	1	58 22
143	13	0.2	1	7 6
144	58	0.2	1	31 27
145	149	0.2	1	73 76
146	86	0.2	1	78 8
147	136	0.2	1	115 21
148	929	0.2	1	838 91
149	145998	0.2	1	142239 3759
150	471	0.2	1	448 23

RUN STATISTICS FOR INPUT FILE: SRX19817112_1.fastq.gz
=============================================
11150484 sequences processed in total

