
SUMMARISING RUN PARAMETERS
==========================
Input filename: SRX14563849_2.fastq.gz
Trimming mode: paired-end
Trim Galore version: 0.6.10
Cutadapt version: 4.4
Python version: could not detect
Number of cores used for trimming: 4
Quality Phred score cutoff: 20
Quality encoding type selected: ASCII+33
Using Illumina adapter for trimming (count: 106257). Second best hit was Nextera (count: 0)
Adapter sequence: 'AGATCGGAAGAGC' (Illumina TruSeq, Sanger iPCR; auto-detected)
Maximum trimming error rate: 0.1 (default)
Minimum required adapter overlap (stringency): 1 bp
Minimum required sequence length for both reads before a sequence pair gets removed: 20 bp
Running FastQC on the data once trimming has completed
Output file will be GZIP compressed


This is cutadapt 4.4 with Python 3.7.16
Command line parameters: -j 4 -e 0.1 -q 20 -O 1 -a AGATCGGAAGAGC SRX14563849_2.fastq.gz
Processing single-end reads on 4 cores ...
Finished in 186.028 s (7.771 µs/read; 7.72 M reads/minute).

=== Summary ===

Total reads processed:              23,937,958
Reads with adapters:                10,614,571 (44.3%)
Reads written (passing filters):    23,937,958 (100.0%)

Total basepairs processed: 3,614,631,658 bp
Quality-trimmed:              53,365,007 bp (1.5%)
Total written (filtered):  3,418,821,429 bp (94.6%)

=== Adapter 1 ===

Sequence: AGATCGGAAGAGC; Type: regular 3'; Length: 13; Trimmed: 10614571 times

Minimum overlap: 1
No. of allowed errors:
1-9 bp: 0; 10-13 bp: 1

Bases preceding removed adapters:
  A: 23.7%
  C: 34.2%
  G: 25.5%
  T: 11.3%
  none/other: 5.4%

Overview of removed sequences
length	count	expect	max.err	error counts
1	4453592	5984489.5	0	4453592
2	1132523	1496122.4	0	1132523
3	422767	374030.6	0	422767
4	219138	93507.6	0	219138
5	169849	23376.9	0	169849
6	157798	5844.2	0	157798
7	157516	1461.1	0	157516
8	136834	365.3	0	136834
9	150095	91.3	0	148116 1979
10	150724	22.8	1	146168 4556
11	128120	5.7	1	124986 3134
12	141243	1.4	1	137344 3899
13	118575	0.4	1	115498 3077
14	170192	0.4	1	165230 4962
15	86628	0.4	1	84512 2116
16	113428	0.4	1	110714 2714
17	153332	0.4	1	149651 3681
18	63235	0.4	1	61658 1577
19	127154	0.4	1	124072 3082
20	77659	0.4	1	75911 1748
21	85167	0.4	1	83427 1740
22	91967	0.4	1	89850 2117
23	90077	0.4	1	87825 2252
24	101045	0.4	1	98263 2782
25	70586	0.4	1	69117 1469
26	78936	0.4	1	77193 1743
27	75630	0.4	1	73884 1746
28	75633	0.4	1	73924 1709
29	58836	0.4	1	57553 1283
30	89476	0.4	1	87518 1958
31	30994	0.4	1	30343 651
32	60308	0.4	1	58968 1340
33	46471	0.4	1	45516 955
34	50915	0.4	1	49850 1065
35	47873	0.4	1	46883 990
36	43982	0.4	1	43040 942
37	42956	0.4	1	42177 779
38	38688	0.4	1	37943 745
39	37110	0.4	1	36441 669
40	34220	0.4	1	33509 711
41	32193	0.4	1	31522 671
42	37589	0.4	1	36818 771
43	22384	0.4	1	22009 375
44	27363	0.4	1	26795 568
45	31204	0.4	1	30579 625
46	19702	0.4	1	19342 360
47	18831	0.4	1	18504 327
48	21239	0.4	1	20808 431
49	16183	0.4	1	15906 277
50	16360	0.4	1	16038 322
51	22039	0.4	1	21711 328
52	8574	0.4	1	8395 179
53	13759	0.4	1	13508 251
54	11998	0.4	1	11805 193
55	12072	0.4	1	11859 213
56	10829	0.4	1	10645 184
57	10270	0.4	1	10059 211
58	9652	0.4	1	9460 192
59	8572	0.4	1	8353 219
60	8172	0.4	1	7935 237
61	8179	0.4	1	7660 519
62	9247	0.4	1	7078 2169
63	243182	0.4	1	7650 235532
64	126230	0.4	1	44427 81803
65	35262	0.4	1	13004 22258
66	22116	0.4	1	4014 18102
67	11221	0.4	1	2216 9005
68	8585	0.4	1	1559 7026
69	5476	0.4	1	1244 4232
70	4136	0.4	1	1009 3127
71	4428	0.4	1	943 3485
72	4530	0.4	1	1019 3511
73	4888	0.4	1	895 3993
74	5593	0.4	1	921 4672
75	4856	0.4	1	905 3951
76	4060	0.4	1	798 3262
77	3454	0.4	1	704 2750
78	3098	0.4	1	603 2495
79	2267	0.4	1	492 1775
80	1988	0.4	1	505 1483
81	1869	0.4	1	445 1424
82	1762	0.4	1	428 1334
83	1428	0.4	1	380 1048
84	1416	0.4	1	331 1085
85	1323	0.4	1	326 997
86	1294	0.4	1	330 964
87	1201	0.4	1	285 916
88	1209	0.4	1	295 914
89	1096	0.4	1	281 815
90	981	0.4	1	239 742
91	887	0.4	1	194 693
92	827	0.4	1	195 632
93	814	0.4	1	206 608
94	676	0.4	1	140 536
95	656	0.4	1	165 491
96	675	0.4	1	152 523
97	595	0.4	1	133 462
98	620	0.4	1	135 485
99	622	0.4	1	131 491
100	589	0.4	1	109 480
101	562	0.4	1	86 476
102	592	0.4	1	99 493
103	572	0.4	1	99 473
104	591	0.4	1	93 498
105	490	0.4	1	80 410
106	457	0.4	1	86 371
107	449	0.4	1	77 372
108	418	0.4	1	78 340
109	361	0.4	1	52 309
110	337	0.4	1	40 297
111	432	0.4	1	38 394
112	396	0.4	1	45 351
113	468	0.4	1	34 434
114	390	0.4	1	34 356
115	417	0.4	1	27 390
116	373	0.4	1	18 355
117	365	0.4	1	15 350
118	333	0.4	1	13 320
119	355	0.4	1	11 344
120	348	0.4	1	16 332
121	351	0.4	1	7 344
122	359	0.4	1	6 353
123	350	0.4	1	6 344
124	316	0.4	1	1 315
125	305	0.4	1	5 300
126	307	0.4	1	0 307
127	300	0.4	1	0 300
128	309	0.4	1	2 307
129	302	0.4	1	1 301
130	313	0.4	1	2 311
131	346	0.4	1	3 343
132	431	0.4	1	4 427
133	472	0.4	1	0 472
134	554	0.4	1	0 554
135	494	0.4	1	2 492
136	567	0.4	1	0 567
137	534	0.4	1	1 533
138	517	0.4	1	2 515
139	515	0.4	1	1 514
140	538	0.4	1	1 537
141	570	0.4	1	0 570
142	693	0.4	1	2 691
143	769	0.4	1	5 764
144	925	0.4	1	0 925
145	1254	0.4	1	0 1254
146	1658	0.4	1	0 1658
147	2275	0.4	1	1 2274
148	3322	0.4	1	2 3320
149	4699	0.4	1	1 4698
150	13475	0.4	1	3 13472
151	94452	0.4	1	15 94437

RUN STATISTICS FOR INPUT FILE: SRX14563849_2.fastq.gz
=============================================
23937958 sequences processed in total

Total number of sequences analysed for the sequence pair length validation: 23937958

Number of sequence pairs removed because at least one read was shorter than the length cutoff (20 bp): 598256 (2.50%)
