
SUMMARISING RUN PARAMETERS
==========================
Input filename: SRX14563848_2.fastq.gz
Trimming mode: paired-end
Trim Galore version: 0.6.10
Cutadapt version: 4.4
Python version: could not detect
Number of cores used for trimming: 4
Quality Phred score cutoff: 20
Quality encoding type selected: ASCII+33
Using Illumina adapter for trimming (count: 167674). Second best hit was smallRNA (count: 0)
Adapter sequence: 'AGATCGGAAGAGC' (Illumina TruSeq, Sanger iPCR; auto-detected)
Maximum trimming error rate: 0.1 (default)
Minimum required adapter overlap (stringency): 1 bp
Minimum required sequence length for both reads before a sequence pair gets removed: 20 bp
Running FastQC on the data once trimming has completed
Output file will be GZIP compressed


This is cutadapt 4.4 with Python 3.7.16
Command line parameters: -j 4 -e 0.1 -q 20 -O 1 -a AGATCGGAAGAGC SRX14563848_2.fastq.gz
Processing single-end reads on 4 cores ...
Finished in 256.536 s (10.461 µs/read; 5.74 M reads/minute).

=== Summary ===

Total reads processed:              24,522,616
Reads with adapters:                12,151,737 (49.6%)
Reads written (passing filters):    24,522,616 (100.0%)

Total basepairs processed: 3,702,915,016 bp
Quality-trimmed:              42,662,546 bp (1.2%)
Total written (filtered):  3,474,011,016 bp (93.8%)

=== Adapter 1 ===

Sequence: AGATCGGAAGAGC; Type: regular 3'; Length: 13; Trimmed: 12151737 times

Minimum overlap: 1
No. of allowed errors:
1-9 bp: 0; 10-13 bp: 1

Bases preceding removed adapters:
  A: 21.0%
  C: 33.6%
  G: 30.9%
  T: 11.0%
  none/other: 3.4%

Overview of removed sequences
length	count	expect	max.err	error counts
1	4070540	6130654.0	0	4070540
2	1165044	1532663.5	0	1165044
3	479142	383165.9	0	479142
4	254865	95791.5	0	254865
5	209375	23947.9	0	209375
6	202239	5987.0	0	202239
7	207364	1496.7	0	207364
8	180178	374.2	0	180178
9	197668	93.5	0	192774 4894
10	202806	23.4	1	197785 5021
11	173649	5.8	1	170090 3559
12	191371	1.5	1	186942 4429
13	162032	0.4	1	158591 3441
14	236407	0.4	1	230366 6041
15	120064	0.4	1	117580 2484
16	160010	0.4	1	156759 3251
17	219488	0.4	1	215226 4262
18	86521	0.4	1	84731 1790
19	186006	0.4	1	182303 3703
20	113187	0.4	1	111121 2066
21	124568	0.4	1	122608 1960
22	139123	0.4	1	136394 2729
23	137388	0.4	1	134317 3071
24	152382	0.4	1	148600 3782
25	103388	0.4	1	101659 1729
26	119339	0.4	1	117096 2243
27	115773	0.4	1	113654 2119
28	115941	0.4	1	113719 2222
29	90018	0.4	1	88400 1618
30	138849	0.4	1	136260 2589
31	49523	0.4	1	48563 960
32	95793	0.4	1	94040 1753
33	76305	0.4	1	75079 1226
34	84934	0.4	1	83515 1419
35	79984	0.4	1	78520 1464
36	77390	0.4	1	76010 1380
37	75100	0.4	1	73941 1159
38	68936	0.4	1	67859 1077
39	64234	0.4	1	63240 994
40	58200	0.4	1	57332 868
41	57053	0.4	1	56101 952
42	66751	0.4	1	65633 1118
43	40853	0.4	1	40346 507
44	49867	0.4	1	49014 853
45	59541	0.4	1	58599 942
46	38579	0.4	1	38054 525
47	36917	0.4	1	36470 447
48	41750	0.4	1	41019 731
49	31291	0.4	1	30887 404
50	32051	0.4	1	31567 484
51	44210	0.4	1	43628 582
52	17223	0.4	1	16937 286
53	27889	0.4	1	27495 394
54	25225	0.4	1	24925 300
55	25265	0.4	1	24923 342
56	23198	0.4	1	22880 318
57	21348	0.4	1	21074 274
58	20684	0.4	1	20399 285
59	17874	0.4	1	17600 274
60	16340	0.4	1	16060 280
61	16729	0.4	1	16185 544
62	16905	0.4	1	15195 1710
63	189065	0.4	1	17261 171804
64	173826	0.4	1	112143 61683
65	48744	0.4	1	32428 16316
66	22972	0.4	1	9492 13480
67	11888	0.4	1	5130 6758
68	8684	0.4	1	3645 5039
69	6307	0.4	1	3110 3197
70	4799	0.4	1	2474 2325
71	4970	0.4	1	2306 2664
72	5095	0.4	1	2478 2617
73	5404	0.4	1	2377 3027
74	5766	0.4	1	2291 3475
75	5292	0.4	1	2275 3017
76	4494	0.4	1	2051 2443
77	3998	0.4	1	1851 2147
78	3341	0.4	1	1599 1742
79	2664	0.4	1	1329 1335
80	2244	0.4	1	1150 1094
81	2163	0.4	1	1074 1089
82	1976	0.4	1	1016 960
83	1834	0.4	1	1009 825
84	1632	0.4	1	860 772
85	1608	0.4	1	829 779
86	1546	0.4	1	820 726
87	1573	0.4	1	841 732
88	1509	0.4	1	844 665
89	1358	0.4	1	762 596
90	1180	0.4	1	675 505
91	1061	0.4	1	552 509
92	1040	0.4	1	563 477
93	925	0.4	1	523 402
94	812	0.4	1	430 382
95	768	0.4	1	412 356
96	764	0.4	1	410 354
97	799	0.4	1	483 316
98	700	0.4	1	380 320
99	750	0.4	1	389 361
100	639	0.4	1	330 309
101	690	0.4	1	317 373
102	644	0.4	1	284 360
103	659	0.4	1	292 367
104	620	0.4	1	236 384
105	548	0.4	1	249 299
106	548	0.4	1	220 328
107	520	0.4	1	223 297
108	411	0.4	1	158 253
109	367	0.4	1	158 209
110	436	0.4	1	169 267
111	404	0.4	1	126 278
112	415	0.4	1	136 279
113	436	0.4	1	116 320
114	373	0.4	1	79 294
115	362	0.4	1	59 303
116	319	0.4	1	44 275
117	303	0.4	1	39 264
118	261	0.4	1	38 223
119	265	0.4	1	24 241
120	279	0.4	1	32 247
121	306	0.4	1	23 283
122	273	0.4	1	15 258
123	271	0.4	1	8 263
124	224	0.4	1	11 213
125	214	0.4	1	6 208
126	217	0.4	1	6 211
127	233	0.4	1	2 231
128	207	0.4	1	6 201
129	197	0.4	1	1 196
130	256	0.4	1	8 248
131	230	0.4	1	4 226
132	287	0.4	1	3 284
133	363	0.4	1	1 362
134	390	0.4	1	1 389
135	410	0.4	1	4 406
136	440	0.4	1	1 439
137	419	0.4	1	0 419
138	405	0.4	1	1 404
139	389	0.4	1	4 385
140	440	0.4	1	0 440
141	404	0.4	1	0 404
142	473	0.4	1	0 473
143	566	0.4	1	0 566
144	664	0.4	1	2 662
145	1006	0.4	1	0 1006
146	1259	0.4	1	0 1259
147	1697	0.4	1	1 1696
148	2385	0.4	1	4 2381
149	3246	0.4	1	0 3246
150	9934	0.4	1	3 9931
151	68215	0.4	1	14 68201

RUN STATISTICS FOR INPUT FILE: SRX14563848_2.fastq.gz
=============================================
24522616 sequences processed in total

Total number of sequences analysed for the sequence pair length validation: 24522616

Number of sequence pairs removed because at least one read was shorter than the length cutoff (20 bp): 438413 (1.79%)
