
SUMMARISING RUN PARAMETERS
==========================
Input filename: SRX21659711_1.fastq.gz
Trimming mode: paired-end
Trim Galore version: 0.6.10
Cutadapt version: 4.4
Python version: could not detect
Number of cores used for trimming: 4
Quality Phred score cutoff: 20
Quality encoding type selected: ASCII+33
Using Illumina adapter for trimming (count: 65171). Second best hit was smallRNA (count: 0)
Adapter sequence: 'AGATCGGAAGAGC' (Illumina TruSeq, Sanger iPCR; auto-detected)
Maximum trimming error rate: 0.1 (default)
Minimum required adapter overlap (stringency): 1 bp
Minimum required sequence length for both reads before a sequence pair gets removed: 20 bp
Running FastQC on the data once trimming has completed
Output file will be GZIP compressed


This is cutadapt 4.4 with Python 3.7.16
Command line parameters: -j 4 -e 0.1 -q 20 -O 1 -a AGATCGGAAGAGC SRX21659711_1.fastq.gz
Processing single-end reads on 4 cores ...
Finished in 410.245 s (16.330 µs/read; 3.67 M reads/minute).

=== Summary ===

Total reads processed:              25,122,588
Reads with adapters:                10,360,613 (41.2%)
Reads written (passing filters):    25,122,588 (100.0%)

Total basepairs processed: 3,768,388,200 bp
Quality-trimmed:               1,122,541 bp (0.0%)
Total written (filtered):  3,698,052,391 bp (98.1%)

=== Adapter 1 ===

Sequence: AGATCGGAAGAGC; Type: regular 3'; Length: 13; Trimmed: 10360613 times

Minimum overlap: 1
No. of allowed errors:
1-9 bp: 0; 10-13 bp: 1

Bases preceding removed adapters:
  A: 26.7%
  C: 33.4%
  G: 24.6%
  T: 15.3%
  none/other: 0.0%

Overview of removed sequences
length	count	expect	max.err	error counts
1	5729653	6280647.0	0	5729653
2	1385023	1570161.8	0	1385023
3	493559	392540.4	0	493559
4	179749	98135.1	0	179749
5	157466	24533.8	0	157466
6	137447	6133.4	0	137447
7	117151	1533.4	0	117151
8	137187	383.3	0	137187
9	112710	95.8	0	112467 243
10	104953	24.0	1	102799 2154
11	80252	6.0	1	78910 1342
12	81470	1.5	1	80415 1055
13	68892	0.4	1	67974 918
14	68239	0.4	1	67232 1007
15	74576	0.4	1	73567 1009
16	67546	0.4	1	66656 890
17	64865	0.4	1	64016 849
18	61788	0.4	1	60994 794
19	51042	0.4	1	50482 560
20	50673	0.4	1	50096 577
21	48424	0.4	1	47821 603
22	49789	0.4	1	49188 601
23	43938	0.4	1	43462 476
24	47632	0.4	1	47153 479
25	48143	0.4	1	47627 516
26	47663	0.4	1	47161 502
27	41333	0.4	1	40898 435
28	41313	0.4	1	40867 446
29	39124	0.4	1	38680 444
30	37611	0.4	1	37221 390
31	35238	0.4	1	34868 370
32	33107	0.4	1	32802 305
33	36938	0.4	1	36588 350
34	30135	0.4	1	29830 305
35	28291	0.4	1	27998 293
36	30078	0.4	1	29758 320
37	31986	0.4	1	31669 317
38	25473	0.4	1	25223 250
39	24226	0.4	1	24014 212
40	22397	0.4	1	22196 201
41	25336	0.4	1	25109 227
42	20619	0.4	1	20427 192
43	21280	0.4	1	21041 239
44	20429	0.4	1	20259 170
45	23714	0.4	1	23501 213
46	20690	0.4	1	20508 182
47	20220	0.4	1	20053 167
48	20215	0.4	1	20017 198
49	15215	0.4	1	15087 128
50	13729	0.4	1	13629 100
51	13184	0.4	1	13075 109
52	12773	0.4	1	12653 120
53	14365	0.4	1	14205 160
54	10896	0.4	1	10783 113
55	10342	0.4	1	10255 87
56	9936	0.4	1	9827 109
57	10169	0.4	1	10091 78
58	9656	0.4	1	9555 101
59	7648	0.4	1	7546 102
60	6159	0.4	1	6063 96
61	6187	0.4	1	6106 81
62	6032	0.4	1	5971 61
63	6575	0.4	1	6516 59
64	5527	0.4	1	5467 60
65	4846	0.4	1	4792 54
66	5587	0.4	1	5542 45
67	4435	0.4	1	4386 49
68	4274	0.4	1	4236 38
69	3764	0.4	1	3728 36
70	3132	0.4	1	3091 41
71	3100	0.4	1	3060 40
72	2503	0.4	1	2477 26
73	2565	0.4	1	2523 42
74	2162	0.4	1	2142 20
75	2280	0.4	1	2236 44
76	2347	0.4	1	2290 57
77	2009	0.4	1	1894 115
78	2109	0.4	1	2064 45
79	1736	0.4	1	1708 28
80	1368	0.4	1	1333 35
81	1112	0.4	1	1092 20
82	1242	0.4	1	1198 44
83	978	0.4	1	931 47
84	933	0.4	1	902 31
85	745	0.4	1	732 13
86	834	0.4	1	822 12
87	921	0.4	1	903 18
88	939	0.4	1	925 14
89	806	0.4	1	789 17
90	673	0.4	1	650 23
91	599	0.4	1	587 12
92	453	0.4	1	440 13
93	419	0.4	1	411 8
94	366	0.4	1	356 10
95	304	0.4	1	297 7
96	328	0.4	1	321 7
97	333	0.4	1	327 6
98	302	0.4	1	298 4
99	237	0.4	1	230 7
100	204	0.4	1	201 3
101	166	0.4	1	165 1
102	149	0.4	1	145 4
103	123	0.4	1	116 7
104	82	0.4	1	80 2
105	68	0.4	1	65 3
106	73	0.4	1	72 1
107	65	0.4	1	62 3
108	62	0.4	1	61 1
109	62	0.4	1	52 10
110	44	0.4	1	39 5
111	57	0.4	1	53 4
112	36	0.4	1	33 3
113	19	0.4	1	17 2
114	5	0.4	1	4 1
115	24	0.4	1	11 13
116	21	0.4	1	9 12
117	27	0.4	1	14 13
118	26	0.4	1	16 10
119	119	0.4	1	8 111
120	36	0.4	1	13 23
121	11	0.4	1	2 9
122	11	0.4	1	4 7
123	17	0.4	1	7 10
124	34	0.4	1	3 31
125	7	0.4	1	3 4
126	13	0.4	1	3 10
127	11	0.4	1	4 7
128	18	0.4	1	5 13
129	28	0.4	1	5 23
130	14	0.4	1	4 10
131	14	0.4	1	3 11
132	7	0.4	1	4 3
133	10	0.4	1	0 10
134	3	0.4	1	2 1
135	9	0.4	1	0 9
136	18	0.4	1	8 10
137	9	0.4	1	0 9
138	8	0.4	1	3 5
139	11	0.4	1	2 9
140	7	0.4	1	0 7
141	9	0.4	1	2 7
142	5	0.4	1	0 5
143	15	0.4	1	0 15
144	7	0.4	1	0 7
145	19	0.4	1	0 19
146	8	0.4	1	1 7
147	22	0.4	1	0 22
148	15	0.4	1	0 15
149	15	0.4	1	0 15
150	53	0.4	1	0 53

RUN STATISTICS FOR INPUT FILE: SRX21659711_1.fastq.gz
=============================================
25122588 sequences processed in total

