
SUMMARISING RUN PARAMETERS
==========================
Input filename: SRX21659709_1.fastq.gz
Trimming mode: paired-end
Trim Galore version: 0.6.10
Cutadapt version: 4.4
Python version: could not detect
Number of cores used for trimming: 4
Quality Phred score cutoff: 20
Quality encoding type selected: ASCII+33
Using Illumina adapter for trimming (count: 62464). Second best hit was smallRNA (count: 0)
Adapter sequence: 'AGATCGGAAGAGC' (Illumina TruSeq, Sanger iPCR; auto-detected)
Maximum trimming error rate: 0.1 (default)
Minimum required adapter overlap (stringency): 1 bp
Minimum required sequence length for both reads before a sequence pair gets removed: 20 bp
Running FastQC on the data once trimming has completed
Output file will be GZIP compressed


This is cutadapt 4.4 with Python 3.7.16
Command line parameters: -j 4 -e 0.1 -q 20 -O 1 -a AGATCGGAAGAGC SRX21659709_1.fastq.gz
Processing single-end reads on 4 cores ...
Finished in 175.284 s (17.100 µs/read; 3.51 M reads/minute).

=== Summary ===

Total reads processed:              10,250,710
Reads with adapters:                 4,188,746 (40.9%)
Reads written (passing filters):    10,250,710 (100.0%)

Total basepairs processed: 1,537,606,500 bp
Quality-trimmed:                 391,087 bp (0.0%)
Total written (filtered):  1,510,457,128 bp (98.2%)

=== Adapter 1 ===

Sequence: AGATCGGAAGAGC; Type: regular 3'; Length: 13; Trimmed: 4188746 times

Minimum overlap: 1
No. of allowed errors:
1-9 bp: 0; 10-13 bp: 1

Bases preceding removed adapters:
  A: 27.1%
  C: 33.0%
  G: 24.4%
  T: 15.5%
  none/other: 0.0%

Overview of removed sequences
length	count	expect	max.err	error counts
1	2336441	2562677.5	0	2336441
2	566934	640669.4	0	566934
3	192926	160167.3	0	192926
4	75435	40041.8	0	75435
5	62752	10010.5	0	62752
6	55416	2502.6	0	55416
7	46959	625.7	0	46959
8	57006	156.4	0	57006
9	46543	39.1	0	46456 87
10	43674	9.8	1	42881 793
11	33119	2.4	1	32652 467
12	32883	0.6	1	32456 427
13	28230	0.2	1	27872 358
14	27717	0.2	1	27316 401
15	30717	0.2	1	30300 417
16	27472	0.2	1	27110 362
17	26327	0.2	1	25986 341
18	25061	0.2	1	24774 287
19	21035	0.2	1	20803 232
20	20197	0.2	1	19987 210
21	19637	0.2	1	19433 204
22	19944	0.2	1	19716 228
23	17985	0.2	1	17819 166
24	18941	0.2	1	18735 206
25	19437	0.2	1	19224 213
26	18438	0.2	1	18242 196
27	16371	0.2	1	16200 171
28	16366	0.2	1	16182 184
29	15407	0.2	1	15253 154
30	14332	0.2	1	14187 145
31	14002	0.2	1	13867 135
32	12932	0.2	1	12822 110
33	13802	0.2	1	13679 123
34	11650	0.2	1	11544 106
35	11153	0.2	1	11010 143
36	11220	0.2	1	11116 104
37	12048	0.2	1	11915 133
38	10184	0.2	1	10052 132
39	8570	0.2	1	8499 71
40	8478	0.2	1	8393 85
41	9063	0.2	1	8990 73
42	7419	0.2	1	7340 79
43	7910	0.2	1	7811 99
44	7585	0.2	1	7495 90
45	8613	0.2	1	8521 92
46	7812	0.2	1	7721 91
47	7487	0.2	1	7410 77
48	7315	0.2	1	7228 87
49	5566	0.2	1	5504 62
50	5019	0.2	1	4985 34
51	4638	0.2	1	4595 43
52	4557	0.2	1	4512 45
53	5010	0.2	1	4952 58
54	3726	0.2	1	3691 35
55	3618	0.2	1	3579 39
56	3476	0.2	1	3453 23
57	3473	0.2	1	3438 35
58	3305	0.2	1	3271 34
59	2737	0.2	1	2693 44
60	2167	0.2	1	2132 35
61	2076	0.2	1	2055 21
62	2163	0.2	1	2126 37
63	2289	0.2	1	2268 21
64	1885	0.2	1	1861 24
65	1715	0.2	1	1698 17
66	1954	0.2	1	1936 18
67	1607	0.2	1	1591 16
68	1454	0.2	1	1439 15
69	1336	0.2	1	1326 10
70	1112	0.2	1	1094 18
71	1181	0.2	1	1162 19
72	896	0.2	1	885 11
73	906	0.2	1	893 13
74	752	0.2	1	737 15
75	754	0.2	1	727 27
76	750	0.2	1	731 19
77	723	0.2	1	673 50
78	728	0.2	1	713 15
79	539	0.2	1	531 8
80	473	0.2	1	461 12
81	405	0.2	1	391 14
82	447	0.2	1	427 20
83	325	0.2	1	304 21
84	309	0.2	1	297 12
85	302	0.2	1	292 10
86	292	0.2	1	280 12
87	310	0.2	1	308 2
88	314	0.2	1	307 7
89	307	0.2	1	297 10
90	225	0.2	1	216 9
91	196	0.2	1	187 9
92	203	0.2	1	196 7
93	136	0.2	1	132 4
94	117	0.2	1	115 2
95	119	0.2	1	112 7
96	112	0.2	1	110 2
97	102	0.2	1	98 4
98	116	0.2	1	114 2
99	93	0.2	1	90 3
100	85	0.2	1	84 1
101	72	0.2	1	71 1
102	47	0.2	1	46 1
103	50	0.2	1	47 3
104	33	0.2	1	30 3
105	28	0.2	1	24 4
106	23	0.2	1	20 3
107	28	0.2	1	28
108	25	0.2	1	24 1
109	27	0.2	1	21 6
110	14	0.2	1	14
111	15	0.2	1	13 2
112	15	0.2	1	8 7
113	6	0.2	1	6
114	10	0.2	1	10
115	17	0.2	1	11 6
116	11	0.2	1	7 4
117	6	0.2	1	4 2
118	10	0.2	1	5 5
119	46	0.2	1	7 39
120	11	0.2	1	0 11
121	8	0.2	1	2 6
122	9	0.2	1	4 5
123	5	0.2	1	0 5
124	32	0.2	1	6 26
125	3	0.2	1	1 2
126	5	0.2	1	1 4
127	4	0.2	1	2 2
128	8	0.2	1	2 6
129	12	0.2	1	0 12
130	4	0.2	1	0 4
131	10	0.2	1	2 8
132	2	0.2	1	0 2
133	3	0.2	1	0 3
135	2	0.2	1	1 1
136	5	0.2	1	3 2
137	2	0.2	1	0 2
138	5	0.2	1	0 5
139	5	0.2	1	0 5
140	4	0.2	1	0 4
141	1	0.2	1	0 1
143	7	0.2	1	0 7
144	2	0.2	1	0 2
145	7	0.2	1	0 7
146	12	0.2	1	0 12
147	7	0.2	1	0 7
148	6	0.2	1	0 6
149	9	0.2	1	0 9
150	28	0.2	1	1 27

RUN STATISTICS FOR INPUT FILE: SRX21659709_1.fastq.gz
=============================================
10250710 sequences processed in total

