
SUMMARISING RUN PARAMETERS
==========================
Input filename: SRX21659710_1.fastq.gz
Trimming mode: paired-end
Trim Galore version: 0.6.10
Cutadapt version: 4.4
Python version: could not detect
Number of cores used for trimming: 4
Quality Phred score cutoff: 20
Quality encoding type selected: ASCII+33
Using Illumina adapter for trimming (count: 47820). Second best hit was smallRNA (count: 0)
Adapter sequence: 'AGATCGGAAGAGC' (Illumina TruSeq, Sanger iPCR; auto-detected)
Maximum trimming error rate: 0.1 (default)
Minimum required adapter overlap (stringency): 1 bp
Minimum required sequence length for both reads before a sequence pair gets removed: 20 bp
Running FastQC on the data once trimming has completed
Output file will be GZIP compressed


This is cutadapt 4.4 with Python 3.7.16
Command line parameters: -j 4 -e 0.1 -q 20 -O 1 -a AGATCGGAAGAGC SRX21659710_1.fastq.gz
Processing single-end reads on 4 cores ...
Finished in 193.771 s (17.272 µs/read; 3.47 M reads/minute).

=== Summary ===

Total reads processed:              11,218,530
Reads with adapters:                 4,397,548 (39.2%)
Reads written (passing filters):    11,218,530 (100.0%)

Total basepairs processed: 1,682,779,500 bp
Quality-trimmed:                 412,742 bp (0.0%)
Total written (filtered):  1,658,911,787 bp (98.6%)

=== Adapter 1 ===

Sequence: AGATCGGAAGAGC; Type: regular 3'; Length: 13; Trimmed: 4397548 times

Minimum overlap: 1
No. of allowed errors:
1-9 bp: 0; 10-13 bp: 1

Bases preceding removed adapters:
  A: 27.9%
  C: 32.7%
  G: 23.6%
  T: 15.7%
  none/other: 0.0%

Overview of removed sequences
length	count	expect	max.err	error counts
1	2639337	2804632.5	0	2639337
2	627016	701158.1	0	627016
3	206167	175289.5	0	206167
4	72779	43822.4	0	72779
5	56312	10955.6	0	56312
6	47440	2738.9	0	47440
7	39274	684.7	0	39274
8	44374	171.2	0	44374
9	37846	42.8	0	37751 95
10	35162	10.7	1	34380 782
11	28113	2.7	1	27667 446
12	28427	0.7	1	28083 344
13	24192	0.2	1	23865 327
14	23688	0.2	1	23407 281
15	25973	0.2	1	25658 315
16	23321	0.2	1	23040 281
17	22473	0.2	1	22225 248
18	21625	0.2	1	21391 234
19	18186	0.2	1	17983 203
20	17437	0.2	1	17265 172
21	16638	0.2	1	16442 196
22	16910	0.2	1	16740 170
23	15366	0.2	1	15220 146
24	15849	0.2	1	15670 179
25	16254	0.2	1	16104 150
26	15792	0.2	1	15650 142
27	13919	0.2	1	13793 126
28	13744	0.2	1	13620 124
29	12830	0.2	1	12715 115
30	12247	0.2	1	12113 134
31	11403	0.2	1	11280 123
32	10595	0.2	1	10489 106
33	11569	0.2	1	11474 95
34	9620	0.2	1	9524 96
35	9174	0.2	1	9057 117
36	9305	0.2	1	9211 94
37	9904	0.2	1	9808 96
38	8108	0.2	1	8036 72
39	7433	0.2	1	7367 66
40	7011	0.2	1	6933 78
41	7446	0.2	1	7387 59
42	6077	0.2	1	6018 59
43	6421	0.2	1	6347 74
44	6088	0.2	1	6032 56
45	6879	0.2	1	6818 61
46	6156	0.2	1	6104 52
47	5874	0.2	1	5822 52
48	5845	0.2	1	5788 57
49	4572	0.2	1	4533 39
50	3981	0.2	1	3953 28
51	3880	0.2	1	3843 37
52	3753	0.2	1	3719 34
53	4078	0.2	1	4037 41
54	3043	0.2	1	3017 26
55	2883	0.2	1	2851 32
56	2781	0.2	1	2755 26
57	2880	0.2	1	2859 21
58	2788	0.2	1	2763 25
59	2144	0.2	1	2089 55
60	1891	0.2	1	1850 41
61	1727	0.2	1	1701 26
62	1739	0.2	1	1711 28
63	1916	0.2	1	1894 22
64	1513	0.2	1	1492 21
65	1307	0.2	1	1291 16
66	1515	0.2	1	1501 14
67	1277	0.2	1	1259 18
68	1220	0.2	1	1202 18
69	1092	0.2	1	1082 10
70	894	0.2	1	875 19
71	850	0.2	1	840 10
72	774	0.2	1	762 12
73	723	0.2	1	711 12
74	610	0.2	1	601 9
75	628	0.2	1	616 12
76	613	0.2	1	588 25
77	645	0.2	1	574 71
78	597	0.2	1	582 15
79	517	0.2	1	503 14
80	424	0.2	1	410 14
81	390	0.2	1	378 12
82	373	0.2	1	353 20
83	285	0.2	1	263 22
84	265	0.2	1	246 19
85	246	0.2	1	238 8
86	245	0.2	1	241 4
87	274	0.2	1	273 1
88	312	0.2	1	306 6
89	222	0.2	1	214 8
90	210	0.2	1	202 8
91	166	0.2	1	157 9
92	140	0.2	1	132 8
93	151	0.2	1	146 5
94	120	0.2	1	119 1
95	81	0.2	1	80 1
96	110	0.2	1	106 4
97	112	0.2	1	111 1
98	112	0.2	1	109 3
99	91	0.2	1	90 1
100	89	0.2	1	88 1
101	57	0.2	1	56 1
102	51	0.2	1	48 3
103	36	0.2	1	35 1
104	35	0.2	1	33 2
105	27	0.2	1	27
106	32	0.2	1	31 1
107	32	0.2	1	32
108	22	0.2	1	19 3
109	25	0.2	1	21 4
110	13	0.2	1	13
111	14	0.2	1	11 3
112	19	0.2	1	11 8
113	4	0.2	1	4
114	7	0.2	1	2 5
115	9	0.2	1	6 3
116	10	0.2	1	4 6
117	10	0.2	1	8 2
118	5	0.2	1	2 3
119	54	0.2	1	6 48
120	12	0.2	1	2 10
121	8	0.2	1	1 7
122	14	0.2	1	2 12
123	10	0.2	1	1 9
124	26	0.2	1	4 22
125	7	0.2	1	2 5
126	8	0.2	1	2 6
127	11	0.2	1	4 7
128	5	0.2	1	1 4
129	17	0.2	1	3 14
130	7	0.2	1	1 6
131	13	0.2	1	5 8
132	2	0.2	1	1 1
133	2	0.2	1	1 1
134	1	0.2	1	1
135	6	0.2	1	3 3
136	4	0.2	1	1 3
137	5	0.2	1	2 3
138	2	0.2	1	0 2
139	2	0.2	1	0 2
140	2	0.2	1	0 2
142	4	0.2	1	0 4
143	4	0.2	1	0 4
144	1	0.2	1	0 1
145	3	0.2	1	0 3
146	8	0.2	1	1 7
147	13	0.2	1	0 13
148	5	0.2	1	0 5
149	8	0.2	1	0 8
150	28	0.2	1	0 28

RUN STATISTICS FOR INPUT FILE: SRX21659710_1.fastq.gz
=============================================
11218530 sequences processed in total

