
SUMMARISING RUN PARAMETERS
==========================
Input filename: SRX3411511_2.fastq.gz
Trimming mode: paired-end
Trim Galore version: 0.6.10
Cutadapt version: 4.4
Python version: could not detect
Number of cores used for trimming: 4
Quality Phred score cutoff: 20
Quality encoding type selected: ASCII+33
Using Illumina adapter for trimming (count: 137351). Second best hit was Nextera (count: 24)
Adapter sequence: 'AGATCGGAAGAGC' (Illumina TruSeq, Sanger iPCR; auto-detected)
Maximum trimming error rate: 0.1 (default)
Minimum required adapter overlap (stringency): 1 bp
Minimum required sequence length for both reads before a sequence pair gets removed: 20 bp
Running FastQC on the data once trimming has completed
Output file will be GZIP compressed


This is cutadapt 4.4 with Python 3.7.16
Command line parameters: -j 4 -e 0.1 -q 20 -O 1 -a AGATCGGAAGAGC SRX3411511_2.fastq.gz
Processing single-end reads on 4 cores ...
Finished in 125.536 s (16.375 µs/read; 3.66 M reads/minute).

=== Summary ===

Total reads processed:               7,666,246
Reads with adapters:                 3,154,351 (41.1%)
Reads written (passing filters):     7,666,246 (100.0%)

Total basepairs processed: 1,149,936,900 bp
Quality-trimmed:              57,692,039 bp (5.0%)
Total written (filtered):  1,052,943,243 bp (91.6%)

=== Adapter 1 ===

Sequence: AGATCGGAAGAGC; Type: regular 3'; Length: 13; Trimmed: 3154351 times

Minimum overlap: 1
No. of allowed errors:
1-9 bp: 0; 10-13 bp: 1

Bases preceding removed adapters:
  A: 33.2%
  C: 31.4%
  G: 20.1%
  T: 15.2%
  none/other: 0.1%

Overview of removed sequences
length	count	expect	max.err	error counts
1	1451551	1916561.5	0	1451551
2	181586	479140.4	0	181586
3	145421	119785.1	0	145421
4	38477	29946.3	0	38477
5	59766	7486.6	0	59766
6	26303	1871.6	0	26303
7	14480	467.9	0	14480
8	34206	117.0	0	34206
9	49494	29.2	0	49424 70
10	41774	7.3	1	37942 3832
11	34448	1.8	1	31665 2783
12	12108	0.5	1	10698 1410
13	60085	0.1	1	57223 2862
14	14653	0.1	1	13400 1253
15	37004	0.1	1	35429 1575
16	49204	0.1	1	46530 2674
17	18960	0.1	1	17777 1183
18	42037	0.1	1	40116 1921
19	21403	0.1	1	19782 1621
20	47264	0.1	1	45581 1683
21	24656	0.1	1	23196 1460
22	9468	0.1	1	8957 511
23	23724	0.1	1	22969 755
24	13421	0.1	1	12594 827
25	37005	0.1	1	35489 1516
26	27544	0.1	1	26138 1406
27	35366	0.1	1	33604 1762
28	12398	0.1	1	11304 1094
29	54251	0.1	1	51594 2657
30	14607	0.1	1	13637 970
31	46984	0.1	1	45527 1457
32	18291	0.1	1	17151 1140
33	69230	0.1	1	67139 2091
34	27360	0.1	1	26161 1199
35	7449	0.1	1	6784 665
36	25465	0.1	1	24246 1219
37	25867	0.1	1	25043 824
38	13368	0.1	1	12564 804
39	19856	0.1	1	19178 678
40	17639	0.1	1	16920 719
41	7092	0.1	1	6843 249
42	14035	0.1	1	13563 472
43	13717	0.1	1	13256 461
44	9073	0.1	1	8758 315
45	17307	0.1	1	16660 647
46	13715	0.1	1	13224 491
47	8892	0.1	1	8499 393
48	9655	0.1	1	9356 299
49	6438	0.1	1	6073 365
50	14281	0.1	1	13610 671
51	8049	0.1	1	7663 386
52	11538	0.1	1	11194 344
53	3868	0.1	1	3554 314
54	10424	0.1	1	10065 359
55	2938	0.1	1	2721 217
56	7247	0.1	1	6846 401
57	6073	0.1	1	5787 286
58	13779	0.1	1	13120 659
59	2034	0.1	1	1868 166
60	3907	0.1	1	3687 220
61	4184	0.1	1	3890 294
62	4455	0.1	1	4174 281
63	4399	0.1	1	4105 294
64	3923	0.1	1	3638 285
65	5063	0.1	1	4718 345
66	8834	0.1	1	8207 627
67	7102	0.1	1	6473 629
68	4060	0.1	1	3512 548
69	1145	0.1	1	943 202
70	514	0.1	1	401 113
71	533	0.1	1	460 73
72	764	0.1	1	704 60
73	893	0.1	1	817 76
74	1008	0.1	1	920 88
75	1045	0.1	1	949 96
76	1088	0.1	1	931 157
77	1056	0.1	1	812 244
78	804	0.1	1	526 278
79	760	0.1	1	428 332
80	785	0.1	1	490 295
81	750	0.1	1	541 209
82	739	0.1	1	504 235
83	611	0.1	1	412 199
84	617	0.1	1	446 171
85	571	0.1	1	473 98
86	555	0.1	1	489 66
87	515	0.1	1	466 49
88	466	0.1	1	423 43
89	314	0.1	1	275 39
90	272	0.1	1	237 35
91	218	0.1	1	190 28
92	228	0.1	1	212 16
93	207	0.1	1	189 18
94	247	0.1	1	218 29
95	234	0.1	1	207 27
96	199	0.1	1	169 30
97	188	0.1	1	142 46
98	269	0.1	1	194 75
99	196	0.1	1	134 62
100	184	0.1	1	149 35
101	170	0.1	1	135 35
102	214	0.1	1	148 66
103	186	0.1	1	155 31
104	159	0.1	1	133 26
105	112	0.1	1	92 20
106	95	0.1	1	69 26
107	129	0.1	1	60 69
108	70	0.1	1	58 12
109	69	0.1	1	55 14
110	60	0.1	1	48 12
111	99	0.1	1	82 17
112	77	0.1	1	67 10
113	113	0.1	1	90 23
114	64	0.1	1	53 11
115	91	0.1	1	80 11
116	60	0.1	1	50 10
117	53	0.1	1	45 8
118	53	0.1	1	49 4
119	66	0.1	1	54 12
120	56	0.1	1	47 9
121	51	0.1	1	36 15
122	79	0.1	1	66 13
123	139	0.1	1	111 28
124	459	0.1	1	422 37
125	73	0.1	1	53 20
126	66	0.1	1	50 16
127	59	0.1	1	42 17
128	86	0.1	1	72 14
129	82	0.1	1	34 48
130	88	0.1	1	67 21
131	84	0.1	1	56 28
132	67	0.1	1	53 14
133	47	0.1	1	36 11
134	40	0.1	1	29 11
135	34	0.1	1	25 9
136	63	0.1	1	31 32
137	56	0.1	1	32 24
138	132	0.1	1	80 52
139	86	0.1	1	54 32
140	95	0.1	1	75 20
141	98	0.1	1	68 30
142	50	0.1	1	36 14
143	97	0.1	1	68 29
144	155	0.1	1	128 27
145	226	0.1	1	198 28
146	240	0.1	1	183 57
147	16	0.1	1	9 7
148	27	0.1	1	6 21
149	86	0.1	1	13 73
150	1244	0.1	1	37 1207

RUN STATISTICS FOR INPUT FILE: SRX3411511_2.fastq.gz
=============================================
7666246 sequences processed in total

Total number of sequences analysed for the sequence pair length validation: 7666246

Number of sequence pairs removed because at least one read was shorter than the length cutoff (20 bp): 1066080 (13.91%)
