
SUMMARISING RUN PARAMETERS
==========================
Input filename: SRX3411520_1.fastq.gz
Trimming mode: paired-end
Trim Galore version: 0.6.10
Cutadapt version: 4.4
Python version: could not detect
Number of cores used for trimming: 4
Quality Phred score cutoff: 20
Quality encoding type selected: ASCII+33
Using Illumina adapter for trimming (count: 76300). Second best hit was Nextera (count: 27)
Adapter sequence: 'AGATCGGAAGAGC' (Illumina TruSeq, Sanger iPCR; auto-detected)
Maximum trimming error rate: 0.1 (default)
Minimum required adapter overlap (stringency): 1 bp
Minimum required sequence length for both reads before a sequence pair gets removed: 20 bp
Running FastQC on the data once trimming has completed
Output file will be GZIP compressed


This is cutadapt 4.4 with Python 3.7.16
Command line parameters: -j 4 -e 0.1 -q 20 -O 1 -a AGATCGGAAGAGC SRX3411520_1.fastq.gz
Processing single-end reads on 4 cores ...
Finished in 61.370 s (16.870 µs/read; 3.56 M reads/minute).

=== Summary ===

Total reads processed:               3,637,888
Reads with adapters:                 1,430,746 (39.3%)
Reads written (passing filters):     3,637,888 (100.0%)

Total basepairs processed:   545,683,200 bp
Quality-trimmed:              14,882,908 bp (2.7%)
Total written (filtered):    495,384,642 bp (90.8%)

=== Adapter 1 ===

Sequence: AGATCGGAAGAGC; Type: regular 3'; Length: 13; Trimmed: 1430746 times

Minimum overlap: 1
No. of allowed errors:
1-9 bp: 0; 10-13 bp: 1

Bases preceding removed adapters:
  A: 29.3%
  C: 27.4%
  G: 16.8%
  T: 15.6%
  none/other: 11.0%

Overview of removed sequences
length	count	expect	max.err	error counts
1	725168	909472.0	0	725168
2	69066	227368.0	0	69066
3	58184	56842.0	0	58184
4	16323	14210.5	0	16323
5	15296	3552.6	0	15296
6	9556	888.2	0	9556
7	6185	222.0	0	6185
8	11837	55.5	0	11837
9	22303	13.9	0	21908 395
10	10529	3.5	1	9380 1149
11	18007	0.9	1	16686 1321
12	2905	0.2	1	1852 1053
13	21957	0.1	1	20694 1263
14	6059	0.1	1	4812 1247
15	20530	0.1	1	19280 1250
16	2956	0.1	1	2114 842
17	14754	0.1	1	13502 1252
18	4530	0.1	1	3870 660
19	9337	0.1	1	8645 692
20	6507	0.1	1	5669 838
21	12381	0.1	1	11596 785
22	5286	0.1	1	4738 548
23	7007	0.1	1	6369 638
24	5991	0.1	1	5158 833
25	9771	0.1	1	8947 824
26	5672	0.1	1	5121 551
27	8087	0.1	1	7247 840
28	10785	0.1	1	9714 1071
29	10122	0.1	1	9402 720
30	2860	0.1	1	2434 426
31	7204	0.1	1	6427 777
32	13620	0.1	1	12954 666
33	2801	0.1	1	2310 491
34	8356	0.1	1	7428 928
35	15281	0.1	1	14253 1028
36	2756	0.1	1	2351 405
37	5706	0.1	1	5225 481
38	5210	0.1	1	4484 726
39	9040	0.1	1	8294 746
40	5635	0.1	1	5065 570
41	7269	0.1	1	6773 496
42	2438	0.1	1	2293 145
43	908	0.1	1	745 163
44	2172	0.1	1	1955 217
45	3997	0.1	1	3712 285
46	2058	0.1	1	1775 283
47	3670	0.1	1	3450 220
48	1129	0.1	1	918 211
49	3541	0.1	1	3261 280
50	1977	0.1	1	1769 208
51	2639	0.1	1	2421 218
52	2874	0.1	1	2632 242
53	1974	0.1	1	1792 182
54	2123	0.1	1	2015 108
55	691	0.1	1	586 105
56	1551	0.1	1	1396 155
57	2500	0.1	1	2334 166
58	691	0.1	1	595 96
59	1878	0.1	1	1714 164
60	1441	0.1	1	1354 87
61	525	0.1	1	453 72
62	1145	0.1	1	1031 114
63	1687	0.1	1	1572 115
64	321	0.1	1	245 76
65	1196	0.1	1	1086 110
66	749	0.1	1	675 74
67	809	0.1	1	725 84
68	1144	0.1	1	1019 125
69	905	0.1	1	790 115
70	693	0.1	1	594 99
71	820	0.1	1	680 140
72	896	0.1	1	755 141
73	1174	0.1	1	1034 140
74	733	0.1	1	660 73
75	94	0.1	1	63 31
76	79	0.1	1	60 19
77	140	0.1	1	120 20
78	211	0.1	1	173 38
79	203	0.1	1	173 30
80	239	0.1	1	206 33
81	242	0.1	1	205 37
82	257	0.1	1	208 49
83	209	0.1	1	181 28
84	220	0.1	1	185 35
85	198	0.1	1	173 25
86	209	0.1	1	181 28
87	373	0.1	1	325 48
88	244	0.1	1	202 42
89	174	0.1	1	148 26
90	154	0.1	1	135 19
91	120	0.1	1	98 22
92	133	0.1	1	104 29
93	128	0.1	1	109 19
94	167	0.1	1	140 27
95	137	0.1	1	111 26
96	201	0.1	1	103 98
97	114	0.1	1	95 19
98	135	0.1	1	97 38
99	135	0.1	1	111 24
100	172	0.1	1	131 41
101	97	0.1	1	64 33
102	106	0.1	1	74 32
103	91	0.1	1	73 18
104	95	0.1	1	70 25
105	87	0.1	1	55 32
106	85	0.1	1	57 28
107	130	0.1	1	73 57
108	95	0.1	1	69 26
109	97	0.1	1	73 24
110	66	0.1	1	44 22
111	90	0.1	1	57 33
112	68	0.1	1	49 19
113	86	0.1	1	57 29
114	80	0.1	1	59 21
115	66	0.1	1	33 33
116	88	0.1	1	36 52
117	44	0.1	1	24 20
118	50	0.1	1	22 28
119	40	0.1	1	26 14
120	53	0.1	1	30 23
121	57	0.1	1	30 27
122	66	0.1	1	33 33
123	75	0.1	1	32 43
124	219	0.1	1	182 37
125	60	0.1	1	27 33
126	52	0.1	1	32 20
127	74	0.1	1	41 33
128	87	0.1	1	54 33
129	59	0.1	1	32 27
130	60	0.1	1	37 23
131	96	0.1	1	60 36
132	69	0.1	1	40 29
133	45	0.1	1	25 20
134	49	0.1	1	26 23
135	64	0.1	1	40 24
136	60	0.1	1	18 42
137	92	0.1	1	36 56
138	128	0.1	1	39 89
139	107	0.1	1	32 75
140	85	0.1	1	29 56
141	113	0.1	1	31 82
142	90	0.1	1	24 66
143	141	0.1	1	52 89
144	156	0.1	1	79 77
145	144	0.1	1	62 82
146	233	0.1	1	89 144
147	280	0.1	1	15 265
148	704	0.1	1	8 696
149	2898	0.1	1	207 2691
150	152203	0.1	1	9 152194

RUN STATISTICS FOR INPUT FILE: SRX3411520_1.fastq.gz
=============================================
3637888 sequences processed in total

