
SUMMARISING RUN PARAMETERS
==========================
Input filename: SRX3411510_2.fastq.gz
Trimming mode: paired-end
Trim Galore version: 0.6.10
Cutadapt version: 4.4
Python version: could not detect
Number of cores used for trimming: 4
Quality Phred score cutoff: 20
Quality encoding type selected: ASCII+33
Using Illumina adapter for trimming (count: 88066). Second best hit was Nextera (count: 30)
Adapter sequence: 'AGATCGGAAGAGC' (Illumina TruSeq, Sanger iPCR; auto-detected)
Maximum trimming error rate: 0.1 (default)
Minimum required adapter overlap (stringency): 1 bp
Minimum required sequence length for both reads before a sequence pair gets removed: 20 bp
Running FastQC on the data once trimming has completed
Output file will be GZIP compressed


This is cutadapt 4.4 with Python 3.7.16
Command line parameters: -j 4 -e 0.1 -q 20 -O 1 -a AGATCGGAAGAGC SRX3411510_2.fastq.gz
Processing single-end reads on 4 cores ...
Finished in 128.159 s (15.882 µs/read; 3.78 M reads/minute).

=== Summary ===

Total reads processed:               8,069,344
Reads with adapters:                 2,533,143 (31.4%)
Reads written (passing filters):     8,069,344 (100.0%)

Total basepairs processed: 1,210,401,600 bp
Quality-trimmed:              44,920,286 bp (3.7%)
Total written (filtered):  1,136,978,932 bp (93.9%)

=== Adapter 1 ===

Sequence: AGATCGGAAGAGC; Type: regular 3'; Length: 13; Trimmed: 2533143 times

Minimum overlap: 1
No. of allowed errors:
1-9 bp: 0; 10-13 bp: 1

Bases preceding removed adapters:
  A: 37.4%
  C: 26.8%
  G: 20.8%
  T: 14.9%
  none/other: 0.1%

Overview of removed sequences
length	count	expect	max.err	error counts
1	1328905	2017336.0	0	1328905
2	144382	504334.0	0	144382
3	99938	126083.5	0	99938
4	31431	31520.9	0	31431
5	45063	7880.2	0	45063
6	19294	1970.1	0	19294
7	10754	492.5	0	10754
8	23629	123.1	0	23629
9	32687	30.8	0	32625 62
10	28738	7.7	1	25914 2824
11	23175	1.9	1	21021 2154
12	6747	0.5	1	5815 932
13	39886	0.1	1	37642 2244
14	8384	0.1	1	7548 836
15	24527	0.1	1	23410 1117
16	35908	0.1	1	34007 1901
17	11915	0.1	1	11136 779
18	31266	0.1	1	29819 1447
19	12843	0.1	1	11781 1062
20	34827	0.1	1	33494 1333
21	15867	0.1	1	14920 947
22	6137	0.1	1	5788 349
23	14864	0.1	1	14366 498
24	8689	0.1	1	8083 606
25	25114	0.1	1	24126 988
26	17491	0.1	1	16550 941
27	22367	0.1	1	21138 1229
28	8366	0.1	1	7624 742
29	35822	0.1	1	33861 1961
30	7959	0.1	1	7278 681
31	32151	0.1	1	31166 985
32	8618	0.1	1	7942 676
33	42548	0.1	1	41276 1272
34	15286	0.1	1	14555 731
35	4338	0.1	1	3930 408
36	16785	0.1	1	15937 848
37	17542	0.1	1	16973 569
38	10429	0.1	1	9880 549
39	15473	0.1	1	14878 595
40	14058	0.1	1	13571 487
41	5166	0.1	1	4978 188
42	9716	0.1	1	9343 373
43	11704	0.1	1	11337 367
44	6057	0.1	1	5893 164
45	10480	0.1	1	10071 409
46	10485	0.1	1	10090 395
47	7120	0.1	1	6869 251
48	6895	0.1	1	6642 253
49	5230	0.1	1	4978 252
50	11474	0.1	1	10973 501
51	5182	0.1	1	4899 283
52	9347	0.1	1	9076 271
53	2674	0.1	1	2467 207
54	7816	0.1	1	7547 269
55	2422	0.1	1	2245 177
56	5041	0.1	1	4718 323
57	4626	0.1	1	4350 276
58	11710	0.1	1	11069 641
59	1642	0.1	1	1519 123
60	3573	0.1	1	3390 183
61	3744	0.1	1	3528 216
62	4112	0.1	1	3885 227
63	3976	0.1	1	3736 240
64	3224	0.1	1	3007 217
65	4349	0.1	1	4043 306
66	7902	0.1	1	7401 501
67	7307	0.1	1	6681 626
68	4481	0.1	1	3934 547
69	1299	0.1	1	1058 241
70	496	0.1	1	388 108
71	469	0.1	1	387 82
72	651	0.1	1	595 56
73	849	0.1	1	781 68
74	944	0.1	1	857 87
75	988	0.1	1	885 103
76	997	0.1	1	872 125
77	913	0.1	1	724 189
78	762	0.1	1	496 266
79	647	0.1	1	372 275
80	732	0.1	1	455 277
81	659	0.1	1	477 182
82	629	0.1	1	474 155
83	637	0.1	1	444 193
84	549	0.1	1	392 157
85	576	0.1	1	473 103
86	545	0.1	1	484 61
87	490	0.1	1	450 40
88	427	0.1	1	391 36
89	368	0.1	1	326 42
90	289	0.1	1	258 31
91	322	0.1	1	295 27
92	269	0.1	1	253 16
93	259	0.1	1	241 18
94	252	0.1	1	227 25
95	267	0.1	1	241 26
96	210	0.1	1	179 31
97	219	0.1	1	186 33
98	225	0.1	1	188 37
99	212	0.1	1	173 39
100	207	0.1	1	178 29
101	187	0.1	1	153 34
102	171	0.1	1	151 20
103	184	0.1	1	162 22
104	142	0.1	1	132 10
105	99	0.1	1	86 13
106	113	0.1	1	94 19
107	91	0.1	1	69 22
108	65	0.1	1	54 11
109	61	0.1	1	54 7
110	71	0.1	1	59 12
111	87	0.1	1	67 20
112	83	0.1	1	73 10
113	121	0.1	1	94 27
114	122	0.1	1	68 54
115	83	0.1	1	75 8
116	36	0.1	1	30 6
117	40	0.1	1	35 5
118	50	0.1	1	44 6
119	46	0.1	1	38 8
120	41	0.1	1	33 8
121	57	0.1	1	47 10
122	59	0.1	1	50 9
123	72	0.1	1	58 14
124	141	0.1	1	136 5
125	57	0.1	1	40 17
126	38	0.1	1	31 7
127	37	0.1	1	28 9
128	60	0.1	1	51 9
129	54	0.1	1	34 20
130	63	0.1	1	26 37
131	125	0.1	1	40 85
132	57	0.1	1	46 11
133	32	0.1	1	25 7
134	30	0.1	1	22 8
135	30	0.1	1	21 9
136	52	0.1	1	24 28
137	38	0.1	1	23 15
138	69	0.1	1	55 14
139	59	0.1	1	31 28
140	59	0.1	1	48 11
141	64	0.1	1	46 18
142	38	0.1	1	28 10
143	44	0.1	1	32 12
144	59	0.1	1	46 13
145	107	0.1	1	89 18
146	102	0.1	1	69 33
147	14	0.1	1	6 8
148	16	0.1	1	4 12
149	40	0.1	1	8 32
150	561	0.1	1	28 533

RUN STATISTICS FOR INPUT FILE: SRX3411510_2.fastq.gz
=============================================
8069344 sequences processed in total

Total number of sequences analysed for the sequence pair length validation: 8069344

Number of sequence pairs removed because at least one read was shorter than the length cutoff (20 bp): 2544572 (31.53%)
