
SUMMARISING RUN PARAMETERS
==========================
Input filename: SRX3411509_2.fastq.gz
Trimming mode: paired-end
Trim Galore version: 0.6.10
Cutadapt version: 4.4
Python version: could not detect
Number of cores used for trimming: 4
Quality Phred score cutoff: 20
Quality encoding type selected: ASCII+33
Using Illumina adapter for trimming (count: 121650). Second best hit was Nextera (count: 28)
Adapter sequence: 'AGATCGGAAGAGC' (Illumina TruSeq, Sanger iPCR; auto-detected)
Maximum trimming error rate: 0.1 (default)
Minimum required adapter overlap (stringency): 1 bp
Minimum required sequence length for both reads before a sequence pair gets removed: 20 bp
Running FastQC on the data once trimming has completed
Output file will be GZIP compressed


This is cutadapt 4.4 with Python 3.7.16
Command line parameters: -j 4 -e 0.1 -q 20 -O 1 -a AGATCGGAAGAGC SRX3411509_2.fastq.gz
Processing single-end reads on 4 cores ...
Finished in 134.358 s (16.983 µs/read; 3.53 M reads/minute).

=== Summary ===

Total reads processed:               7,911,166
Reads with adapters:                 2,480,504 (31.4%)
Reads written (passing filters):     7,911,166 (100.0%)

Total basepairs processed: 1,186,674,900 bp
Quality-trimmed:              27,834,122 bp (2.3%)
Total written (filtered):  1,124,156,622 bp (94.7%)

=== Adapter 1 ===

Sequence: AGATCGGAAGAGC; Type: regular 3'; Length: 13; Trimmed: 2480504 times

Minimum overlap: 1
No. of allowed errors:
1-9 bp: 0; 10-13 bp: 1

Bases preceding removed adapters:
  A: 25.8%
  C: 36.6%
  G: 21.3%
  T: 16.2%
  none/other: 0.0%

Overview of removed sequences
length	count	expect	max.err	error counts
1	923853	1977791.5	0	923853
2	178531	494447.9	0	178531
3	125479	123612.0	0	125479
4	32614	30903.0	0	32614
5	57388	7725.7	0	57388
6	23508	1931.4	0	23508
7	15853	482.9	0	15853
8	28998	120.7	0	28998
9	41224	30.2	0	41139 85
10	41122	7.5	1	37495 3627
11	29705	1.9	1	27813 1892
12	10330	0.5	1	9124 1206
13	58956	0.1	1	56348 2608
14	11842	0.1	1	10925 917
15	33233	0.1	1	31926 1307
16	47719	0.1	1	45292 2427
17	16189	0.1	1	15200 989
18	42517	0.1	1	40649 1868
19	17934	0.1	1	16633 1301
20	51802	0.1	1	50006 1796
21	23237	0.1	1	21880 1357
22	9297	0.1	1	8795 502
23	22373	0.1	1	21729 644
24	12993	0.1	1	12261 732
25	38929	0.1	1	37546 1383
26	26339	0.1	1	25123 1216
27	31898	0.1	1	30533 1365
28	11997	0.1	1	11129 868
29	46753	0.1	1	44864 1889
30	11694	0.1	1	10901 793
31	42673	0.1	1	41421 1252
32	14166	0.1	1	13199 967
33	64187	0.1	1	62381 1806
34	22994	0.1	1	22061 933
35	6361	0.1	1	5813 548
36	22575	0.1	1	21616 959
37	21705	0.1	1	21057 648
38	11929	0.1	1	11279 650
39	17095	0.1	1	16474 621
40	17391	0.1	1	16789 602
41	6292	0.1	1	6068 224
42	10868	0.1	1	10535 333
43	13219	0.1	1	12812 407
44	8654	0.1	1	8395 259
45	14017	0.1	1	13547 470
46	13625	0.1	1	13223 402
47	8669	0.1	1	8364 305
48	7046	0.1	1	6813 233
49	5697	0.1	1	5413 284
50	12545	0.1	1	11992 553
51	5716	0.1	1	5444 272
52	10433	0.1	1	10114 319
53	3086	0.1	1	2834 252
54	8927	0.1	1	8619 308
55	3022	0.1	1	2816 206
56	6190	0.1	1	5890 300
57	5671	0.1	1	5384 287
58	13153	0.1	1	12568 585
59	1822	0.1	1	1691 131
60	3471	0.1	1	3274 197
61	3554	0.1	1	3347 207
62	3654	0.1	1	3444 210
63	3684	0.1	1	3449 235
64	2996	0.1	1	2802 194
65	3551	0.1	1	3285 266
66	6360	0.1	1	5925 435
67	5945	0.1	1	5385 560
68	3669	0.1	1	3219 450
69	1023	0.1	1	831 192
70	403	0.1	1	324 79
71	357	0.1	1	322 35
72	531	0.1	1	487 44
73	726	0.1	1	671 55
74	832	0.1	1	751 81
75	848	0.1	1	775 73
76	896	0.1	1	773 123
77	863	0.1	1	659 204
78	764	0.1	1	505 259
79	701	0.1	1	406 295
80	767	0.1	1	502 265
81	688	0.1	1	498 190
82	640	0.1	1	455 185
83	582	0.1	1	416 166
84	562	0.1	1	401 161
85	486	0.1	1	399 87
86	511	0.1	1	452 59
87	503	0.1	1	466 37
88	514	0.1	1	472 42
89	354	0.1	1	312 42
90	266	0.1	1	238 28
91	228	0.1	1	212 16
92	232	0.1	1	214 18
93	226	0.1	1	198 28
94	224	0.1	1	204 20
95	237	0.1	1	207 30
96	219	0.1	1	185 34
97	198	0.1	1	136 62
98	208	0.1	1	158 50
99	195	0.1	1	156 39
100	174	0.1	1	145 29
101	210	0.1	1	179 31
102	180	0.1	1	155 25
103	231	0.1	1	210 21
104	151	0.1	1	136 15
105	98	0.1	1	84 14
106	82	0.1	1	72 10
107	74	0.1	1	59 15
108	41	0.1	1	34 7
109	49	0.1	1	44 5
110	51	0.1	1	46 5
111	65	0.1	1	57 8
112	59	0.1	1	53 6
113	115	0.1	1	102 13
114	64	0.1	1	50 14
115	52	0.1	1	42 10
116	41	0.1	1	33 8
117	42	0.1	1	37 5
118	31	0.1	1	20 11
119	44	0.1	1	36 8
120	27	0.1	1	22 5
121	26	0.1	1	18 8
122	48	0.1	1	33 15
123	81	0.1	1	64 17
124	189	0.1	1	170 19
125	40	0.1	1	30 10
126	38	0.1	1	26 12
127	31	0.1	1	22 9
128	53	0.1	1	40 13
129	67	0.1	1	26 41
130	47	0.1	1	18 29
131	112	0.1	1	18 94
132	55	0.1	1	39 16
133	19	0.1	1	15 4
134	9	0.1	1	8 1
135	24	0.1	1	15 9
136	41	0.1	1	21 20
137	20	0.1	1	12 8
138	40	0.1	1	28 12
139	40	0.1	1	29 11
140	34	0.1	1	26 8
141	49	0.1	1	37 12
142	17	0.1	1	12 5
143	54	0.1	1	39 15
144	46	0.1	1	38 8
145	72	0.1	1	59 13
146	49	0.1	1	38 11
147	9	0.1	1	4 5
148	16	0.1	1	2 14
149	41	0.1	1	7 34
150	553	0.1	1	10 543

RUN STATISTICS FOR INPUT FILE: SRX3411509_2.fastq.gz
=============================================
7911166 sequences processed in total

Total number of sequences analysed for the sequence pair length validation: 7911166

Number of sequence pairs removed because at least one read was shorter than the length cutoff (20 bp): 2517350 (31.82%)
