
SUMMARISING RUN PARAMETERS
==========================
Input filename: SRX3411524_2.fastq.gz
Trimming mode: paired-end
Trim Galore version: 0.6.10
Cutadapt version: 4.4
Python version: could not detect
Number of cores used for trimming: 4
Quality Phred score cutoff: 20
Quality encoding type selected: ASCII+33
Using Illumina adapter for trimming (count: 92565). Second best hit was Nextera (count: 29)
Adapter sequence: 'AGATCGGAAGAGC' (Illumina TruSeq, Sanger iPCR; auto-detected)
Maximum trimming error rate: 0.1 (default)
Minimum required adapter overlap (stringency): 1 bp
Minimum required sequence length for both reads before a sequence pair gets removed: 20 bp
Running FastQC on the data once trimming has completed
Output file will be GZIP compressed


This is cutadapt 4.4 with Python 3.7.16
Command line parameters: -j 4 -e 0.1 -q 20 -O 1 -a AGATCGGAAGAGC SRX3411524_2.fastq.gz
Processing single-end reads on 4 cores ...
Finished in 128.689 s (19.856 µs/read; 3.02 M reads/minute).

=== Summary ===

Total reads processed:               6,481,251
Reads with adapters:                 2,756,668 (42.5%)
Reads written (passing filters):     6,481,251 (100.0%)

Total basepairs processed:   972,187,650 bp
Quality-trimmed:              56,987,496 bp (5.9%)
Total written (filtered):    891,946,947 bp (91.7%)

=== Adapter 1 ===

Sequence: AGATCGGAAGAGC; Type: regular 3'; Length: 13; Trimmed: 2756668 times

Minimum overlap: 1
No. of allowed errors:
1-9 bp: 0; 10-13 bp: 1

Bases preceding removed adapters:
  A: 41.9%
  C: 25.8%
  G: 17.8%
  T: 14.5%
  none/other: 0.0%

Overview of removed sequences
length	count	expect	max.err	error counts
1	1645683	1620312.8	0	1645683
2	158812	405078.2	0	158812
3	120842	101269.5	0	120842
4	34221	25317.4	0	34221
5	42007	6329.3	0	42007
6	17750	1582.3	0	17750
7	10313	395.6	0	10313
8	22717	98.9	0	22717
9	33370	24.7	0	33323 47
10	28659	6.2	1	25706 2953
11	23457	1.5	1	21268 2189
12	7191	0.4	1	6248 943
13	40635	0.1	1	38338 2297
14	9361	0.1	1	8496 865
15	27151	0.1	1	25908 1243
16	37499	0.1	1	35313 2186
17	11861	0.1	1	11061 800
18	28445	0.1	1	27075 1370
19	12288	0.1	1	11395 893
20	30366	0.1	1	29074 1292
21	14793	0.1	1	13853 940
22	5613	0.1	1	5267 346
23	13554	0.1	1	13112 442
24	7726	0.1	1	7160 566
25	21445	0.1	1	20592 853
26	15360	0.1	1	14446 914
27	19933	0.1	1	18840 1093
28	7071	0.1	1	6406 665
29	30212	0.1	1	28409 1803
30	6808	0.1	1	6304 504
31	25942	0.1	1	25011 931
32	7495	0.1	1	6964 531
33	32102	0.1	1	31004 1098
34	12271	0.1	1	11673 598
35	3553	0.1	1	3214 339
36	13320	0.1	1	12581 739
37	13606	0.1	1	13101 505
38	7423	0.1	1	6946 477
39	10645	0.1	1	10204 441
40	9975	0.1	1	9523 452
41	3874	0.1	1	3720 154
42	7666	0.1	1	7374 292
43	8352	0.1	1	8014 338
44	4908	0.1	1	4721 187
45	8658	0.1	1	8355 303
46	7484	0.1	1	7179 305
47	4796	0.1	1	4590 206
48	4857	0.1	1	4690 167
49	3389	0.1	1	3213 176
50	7531	0.1	1	7152 379
51	3878	0.1	1	3699 179
52	6044	0.1	1	5834 210
53	1961	0.1	1	1771 190
54	5426	0.1	1	5207 219
55	1654	0.1	1	1494 160
56	3613	0.1	1	3385 228
57	3110	0.1	1	2945 165
58	7817	0.1	1	7423 394
59	1085	0.1	1	983 102
60	2176	0.1	1	2008 168
61	2268	0.1	1	2102 166
62	2257	0.1	1	2111 146
63	2325	0.1	1	2156 169
64	2005	0.1	1	1850 155
65	2777	0.1	1	2540 237
66	4776	0.1	1	4382 394
67	3996	0.1	1	3562 434
68	2437	0.1	1	2100 337
69	678	0.1	1	533 145
70	326	0.1	1	249 77
71	315	0.1	1	276 39
72	435	0.1	1	385 50
73	485	0.1	1	444 41
74	491	0.1	1	438 53
75	463	0.1	1	418 45
76	474	0.1	1	398 76
77	489	0.1	1	376 113
78	389	0.1	1	244 145
79	302	0.1	1	166 136
80	334	0.1	1	193 141
81	311	0.1	1	223 88
82	291	0.1	1	211 80
83	290	0.1	1	198 92
84	262	0.1	1	175 87
85	260	0.1	1	202 58
86	256	0.1	1	218 38
87	255	0.1	1	221 34
88	250	0.1	1	222 28
89	177	0.1	1	151 26
90	134	0.1	1	120 14
91	155	0.1	1	133 22
92	141	0.1	1	124 17
93	124	0.1	1	103 21
94	138	0.1	1	117 21
95	132	0.1	1	107 25
96	134	0.1	1	106 28
97	124	0.1	1	91 33
98	125	0.1	1	90 35
99	158	0.1	1	106 52
100	156	0.1	1	115 41
101	132	0.1	1	103 29
102	140	0.1	1	89 51
103	142	0.1	1	119 23
104	98	0.1	1	72 26
105	91	0.1	1	74 17
106	96	0.1	1	67 29
107	123	0.1	1	55 68
108	64	0.1	1	58 6
109	55	0.1	1	37 18
110	73	0.1	1	56 17
111	75	0.1	1	56 19
112	63	0.1	1	46 17
113	95	0.1	1	76 19
114	52	0.1	1	47 5
115	81	0.1	1	64 17
116	68	0.1	1	57 11
117	57	0.1	1	44 13
118	39	0.1	1	27 12
119	56	0.1	1	47 9
120	70	0.1	1	50 20
121	85	0.1	1	60 25
122	91	0.1	1	69 22
123	155	0.1	1	105 50
124	578	0.1	1	523 55
125	98	0.1	1	67 31
126	83	0.1	1	63 20
127	97	0.1	1	79 18
128	99	0.1	1	85 14
129	73	0.1	1	52 21
130	87	0.1	1	76 11
131	99	0.1	1	73 26
132	75	0.1	1	56 19
133	66	0.1	1	55 11
134	43	0.1	1	33 10
135	39	0.1	1	30 9
136	60	0.1	1	39 21
137	52	0.1	1	30 22
138	117	0.1	1	80 37
139	86	0.1	1	47 39
140	105	0.1	1	79 26
141	118	0.1	1	83 35
142	79	0.1	1	57 22
143	126	0.1	1	90 36
144	154	0.1	1	127 27
145	233	0.1	1	194 39
146	246	0.1	1	195 51
147	35	0.1	1	20 15
148	24	0.1	1	7 17
149	13	0.1	1	6 7
150	133	0.1	1	28 105

RUN STATISTICS FOR INPUT FILE: SRX3411524_2.fastq.gz
=============================================
6481251 sequences processed in total

Total number of sequences analysed for the sequence pair length validation: 6481251

Number of sequence pairs removed because at least one read was shorter than the length cutoff (20 bp): 255884 (3.95%)
