
SUMMARISING RUN PARAMETERS
==========================
Input filename: SRX3411511_1.fastq.gz
Trimming mode: paired-end
Trim Galore version: 0.6.10
Cutadapt version: 4.4
Python version: could not detect
Number of cores used for trimming: 4
Quality Phred score cutoff: 20
Quality encoding type selected: ASCII+33
Using Illumina adapter for trimming (count: 137351). Second best hit was Nextera (count: 24)
Adapter sequence: 'AGATCGGAAGAGC' (Illumina TruSeq, Sanger iPCR; auto-detected)
Maximum trimming error rate: 0.1 (default)
Minimum required adapter overlap (stringency): 1 bp
Minimum required sequence length for both reads before a sequence pair gets removed: 20 bp
Running FastQC on the data once trimming has completed
Output file will be GZIP compressed


This is cutadapt 4.4 with Python 3.7.16
Command line parameters: -j 4 -e 0.1 -q 20 -O 1 -a AGATCGGAAGAGC SRX3411511_1.fastq.gz
Processing single-end reads on 4 cores ...
Finished in 110.872 s (14.462 µs/read; 4.15 M reads/minute).

=== Summary ===

Total reads processed:               7,666,246
Reads with adapters:                 3,870,832 (50.5%)
Reads written (passing filters):     7,666,246 (100.0%)

Total basepairs processed: 1,149,936,900 bp
Quality-trimmed:              32,248,471 bp (2.8%)
Total written (filtered):    925,160,218 bp (80.5%)

=== Adapter 1 ===

Sequence: AGATCGGAAGAGC; Type: regular 3'; Length: 13; Trimmed: 3870832 times

Minimum overlap: 1
No. of allowed errors:
1-9 bp: 0; 10-13 bp: 1

Bases preceding removed adapters:
  A: 17.9%
  C: 26.8%
  G: 16.3%
  T: 12.8%
  none/other: 26.1%

Overview of removed sequences
length	count	expect	max.err	error counts
1	1126162	1916561.5	0	1126162
2	156398	479140.4	0	156398
3	156513	119785.1	0	156513
4	34227	29946.3	0	34227
5	42551	7486.6	0	42551
6	27353	1871.6	0	27353
7	18628	467.9	0	18628
8	34398	117.0	0	34398
9	60893	29.2	0	60790 103
10	28348	7.3	1	27059 1289
11	49438	1.8	1	47140 2298
12	5960	0.5	1	4979 981
13	62186	0.1	1	60132 2054
14	14883	0.1	1	13562 1321
15	65616	0.1	1	63165 2451
16	7969	0.1	1	6959 1010
17	51478	0.1	1	48678 2800
18	13629	0.1	1	12855 774
19	29005	0.1	1	28026 979
20	22581	0.1	1	21347 1234
21	43688	0.1	1	42422 1266
22	19886	0.1	1	19029 857
23	25152	0.1	1	24111 1041
24	20539	0.1	1	19168 1371
25	36278	0.1	1	34546 1732
26	21157	0.1	1	20396 761
27	28861	0.1	1	27642 1219
28	37776	0.1	1	35623 2153
29	40853	0.1	1	39223 1630
30	8852	0.1	1	8298 554
31	32495	0.1	1	31149 1346
32	67478	0.1	1	65699 1779
33	15424	0.1	1	14349 1075
34	50859	0.1	1	48806 2053
35	21443	0.1	1	20497 946
36	39485	0.1	1	38061 1424
37	15267	0.1	1	14795 472
38	8018	0.1	1	7354 664
39	22260	0.1	1	21318 942
40	19290	0.1	1	18186 1104
41	38389	0.1	1	36480 1909
42	15172	0.1	1	14717 455
43	6322	0.1	1	5942 380
44	6620	0.1	1	6318 302
45	13925	0.1	1	13478 447
46	6447	0.1	1	6125 322
47	15160	0.1	1	14802 358
48	4417	0.1	1	4004 413
49	18131	0.1	1	17554 577
50	7126	0.1	1	6852 274
51	9000	0.1	1	8623 377
52	18755	0.1	1	18128 627
53	7325	0.1	1	7065 260
54	7362	0.1	1	7178 184
55	2310	0.1	1	2147 163
56	5376	0.1	1	5133 243
57	11548	0.1	1	11203 345
58	2716	0.1	1	2554 162
59	5285	0.1	1	5126 159
60	3996	0.1	1	3878 118
61	1694	0.1	1	1562 132
62	3233	0.1	1	3076 157
63	8351	0.1	1	7969 382
64	1052	0.1	1	965 87
65	4012	0.1	1	3794 218
66	3341	0.1	1	3154 187
67	3053	0.1	1	2839 214
68	3313	0.1	1	3106 207
69	3334	0.1	1	3128 206
70	3319	0.1	1	3101 218
71	3561	0.1	1	3298 263
72	4139	0.1	1	3812 327
73	5321	0.1	1	4854 467
74	4268	0.1	1	3931 337
75	661	0.1	1	501 160
76	362	0.1	1	257 105
77	792	0.1	1	707 85
78	928	0.1	1	844 84
79	937	0.1	1	853 84
80	890	0.1	1	806 84
81	904	0.1	1	815 89
82	891	0.1	1	785 106
83	752	0.1	1	663 89
84	745	0.1	1	680 65
85	635	0.1	1	543 92
86	671	0.1	1	595 76
87	614	0.1	1	538 76
88	535	0.1	1	460 75
89	477	0.1	1	331 146
90	416	0.1	1	313 103
91	288	0.1	1	219 69
92	280	0.1	1	230 50
93	236	0.1	1	192 44
94	311	0.1	1	251 60
95	288	0.1	1	235 53
96	272	0.1	1	207 65
97	238	0.1	1	189 49
98	361	0.1	1	285 76
99	252	0.1	1	176 76
100	236	0.1	1	172 64
101	283	0.1	1	158 125
102	338	0.1	1	201 137
103	253	0.1	1	189 64
104	212	0.1	1	154 58
105	186	0.1	1	121 65
106	150	0.1	1	91 59
107	253	0.1	1	121 132
108	160	0.1	1	64 96
109	100	0.1	1	51 49
110	155	0.1	1	49 106
111	139	0.1	1	66 73
112	135	0.1	1	60 75
113	191	0.1	1	79 112
114	102	0.1	1	57 45
115	224	0.1	1	90 134
116	329	0.1	1	64 265
117	122	0.1	1	54 68
118	105	0.1	1	52 53
119	96	0.1	1	49 47
120	108	0.1	1	62 46
121	174	0.1	1	46 128
122	154	0.1	1	70 84
123	219	0.1	1	97 122
124	624	0.1	1	540 84
125	152	0.1	1	67 85
126	151	0.1	1	61 90
127	116	0.1	1	54 62
128	207	0.1	1	93 114
129	126	0.1	1	47 79
130	197	0.1	1	102 95
131	170	0.1	1	64 106
132	144	0.1	1	64 80
133	151	0.1	1	53 98
134	183	0.1	1	32 151
135	153	0.1	1	34 119
136	155	0.1	1	30 125
137	183	0.1	1	38 145
138	456	0.1	1	61 395
139	274	0.1	1	68 206
140	224	0.1	1	66 158
141	449	0.1	1	56 393
142	310	0.1	1	41 269
143	360	0.1	1	65 295
144	512	0.1	1	144 368
145	713	0.1	1	210 503
146	1041	0.1	1	262 779
147	1608	0.1	1	17 1591
148	3890	0.1	1	16 3874
149	14598	0.1	1	28 14570
150	984875	0.1	1	36 984839

RUN STATISTICS FOR INPUT FILE: SRX3411511_1.fastq.gz
=============================================
7666246 sequences processed in total

