
SUMMARISING RUN PARAMETERS
==========================
Input filename: SRX3411516_1.fastq.gz
Trimming mode: paired-end
Trim Galore version: 0.6.10
Cutadapt version: 4.4
Python version: could not detect
Number of cores used for trimming: 4
Quality Phred score cutoff: 20
Quality encoding type selected: ASCII+33
Using Illumina adapter for trimming (count: 93066). Second best hit was Nextera (count: 85)
Adapter sequence: 'AGATCGGAAGAGC' (Illumina TruSeq, Sanger iPCR; auto-detected)
Maximum trimming error rate: 0.1 (default)
Minimum required adapter overlap (stringency): 1 bp
Minimum required sequence length for both reads before a sequence pair gets removed: 20 bp
Running FastQC on the data once trimming has completed
Output file will be GZIP compressed


This is cutadapt 4.4 with Python 3.7.16
Command line parameters: -j 4 -e 0.1 -q 20 -O 1 -a AGATCGGAAGAGC SRX3411516_1.fastq.gz
Processing single-end reads on 4 cores ...
Finished in 104.483 s (17.143 µs/read; 3.50 M reads/minute).

=== Summary ===

Total reads processed:               6,094,701
Reads with adapters:                 2,824,361 (46.3%)
Reads written (passing filters):     6,094,701 (100.0%)

Total basepairs processed:   914,205,150 bp
Quality-trimmed:              28,307,016 bp (3.1%)
Total written (filtered):    811,753,723 bp (88.8%)

=== Adapter 1 ===

Sequence: AGATCGGAAGAGC; Type: regular 3'; Length: 13; Trimmed: 2824361 times

Minimum overlap: 1
No. of allowed errors:
1-9 bp: 0; 10-13 bp: 1

Bases preceding removed adapters:
  A: 38.0%
  C: 19.9%
  G: 16.2%
  T: 14.0%
  none/other: 11.9%

Overview of removed sequences
length	count	expect	max.err	error counts
1	1453010	1523675.2	0	1453010
2	100457	380918.8	0	100457
3	106305	95229.7	0	106305
4	43901	23807.4	0	43901
5	31824	5951.9	0	31824
6	24166	1488.0	0	24166
7	13135	372.0	0	13135
8	23644	93.0	0	23644
9	35775	23.2	0	35715 60
10	13131	5.8	1	12174 957
11	29145	1.5	1	26676 2469
12	4913	0.4	1	4011 902
13	31004	0.1	1	29541 1463
14	9718	0.1	1	8630 1088
15	31898	0.1	1	29909 1989
16	6183	0.1	1	5194 989
17	33435	0.1	1	30863 2572
18	9936	0.1	1	9246 690
19	23485	0.1	1	22447 1038
20	13403	0.1	1	12440 963
21	29303	0.1	1	28216 1087
22	10187	0.1	1	9577 610
23	15331	0.1	1	14495 836
24	13858	0.1	1	12619 1239
25	18780	0.1	1	17648 1132
26	10372	0.1	1	9857 515
27	14959	0.1	1	14167 792
28	21172	0.1	1	19740 1432
29	23241	0.1	1	21873 1368
30	4885	0.1	1	4469 416
31	14069	0.1	1	13272 797
32	20038	0.1	1	19224 814
33	8608	0.1	1	7620 988
34	22309	0.1	1	20663 1646
35	6805	0.1	1	6323 482
36	17751	0.1	1	16828 923
37	13404	0.1	1	12686 718
38	3641	0.1	1	3270 371
39	16651	0.1	1	15656 995
40	3671	0.1	1	3328 343
41	10913	0.1	1	9951 962
42	10978	0.1	1	10461 517
43	12867	0.1	1	11829 1038
44	13315	0.1	1	12812 503
45	3103	0.1	1	2895 208
46	4962	0.1	1	4745 217
47	6339	0.1	1	6089 250
48	3170	0.1	1	2976 194
49	9588	0.1	1	9254 334
50	2085	0.1	1	1874 211
51	8809	0.1	1	8434 375
52	4036	0.1	1	3866 170
53	3634	0.1	1	3445 189
54	5109	0.1	1	4870 239
55	3569	0.1	1	3400 169
56	4318	0.1	1	4178 140
57	971	0.1	1	879 92
58	2618	0.1	1	2463 155
59	5570	0.1	1	5339 231
60	1454	0.1	1	1326 128
61	2982	0.1	1	2841 141
62	2417	0.1	1	2304 113
63	746	0.1	1	681 65
64	1693	0.1	1	1602 91
65	3240	0.1	1	3066 174
66	559	0.1	1	488 71
67	2644	0.1	1	2485 159
68	2144	0.1	1	1992 152
69	2077	0.1	1	1930 147
70	2117	0.1	1	1975 142
71	1811	0.1	1	1648 163
72	1488	0.1	1	1380 108
73	1413	0.1	1	1264 149
74	1587	0.1	1	1410 177
75	2053	0.1	1	1791 262
76	1149	0.1	1	1002 147
77	155	0.1	1	107 48
78	161	0.1	1	122 39
79	254	0.1	1	214 40
80	314	0.1	1	274 40
81	347	0.1	1	308 39
82	424	0.1	1	370 54
83	388	0.1	1	343 45
84	420	0.1	1	370 50
85	350	0.1	1	308 42
86	371	0.1	1	328 43
87	378	0.1	1	321 57
88	351	0.1	1	304 47
89	234	0.1	1	189 45
90	216	0.1	1	186 30
91	232	0.1	1	203 29
92	252	0.1	1	219 33
93	155	0.1	1	141 14
94	205	0.1	1	152 53
95	167	0.1	1	136 31
96	227	0.1	1	147 80
97	133	0.1	1	108 25
98	188	0.1	1	123 65
99	144	0.1	1	116 28
100	170	0.1	1	120 50
101	140	0.1	1	87 53
102	193	0.1	1	125 68
103	139	0.1	1	96 43
104	140	0.1	1	94 46
105	116	0.1	1	81 35
106	126	0.1	1	86 40
107	189	0.1	1	92 97
108	135	0.1	1	84 51
109	123	0.1	1	85 38
110	131	0.1	1	74 57
111	150	0.1	1	91 59
112	125	0.1	1	79 46
113	227	0.1	1	139 88
114	163	0.1	1	102 61
115	178	0.1	1	80 98
116	261	0.1	1	90 171
117	121	0.1	1	67 54
118	144	0.1	1	108 36
119	95	0.1	1	58 37
120	102	0.1	1	55 47
121	144	0.1	1	43 101
122	108	0.1	1	56 52
123	147	0.1	1	72 75
124	185	0.1	1	149 36
125	149	0.1	1	74 75
126	87	0.1	1	60 27
127	114	0.1	1	75 39
128	143	0.1	1	88 55
129	215	0.1	1	69 146
130	100	0.1	1	60 40
131	143	0.1	1	77 66
132	102	0.1	1	52 50
133	101	0.1	1	61 40
134	117	0.1	1	44 73
135	123	0.1	1	73 50
136	87	0.1	1	28 59
137	119	0.1	1	39 80
138	229	0.1	1	58 171
139	167	0.1	1	46 121
140	141	0.1	1	48 93
141	200	0.1	1	54 146
142	159	0.1	1	53 106
143	233	0.1	1	73 160
144	261	0.1	1	104 157
145	280	0.1	1	70 210
146	377	0.1	1	96 281
147	537	0.1	1	41 496
148	1299	0.1	1	78 1221
149	7322	0.1	1	2451 4871
150	326707	0.1	1	29 326678

RUN STATISTICS FOR INPUT FILE: SRX3411516_1.fastq.gz
=============================================
6094701 sequences processed in total

