
SUMMARISING RUN PARAMETERS
==========================
Input filename: SRX3411507_2.fastq.gz
Trimming mode: paired-end
Trim Galore version: 0.6.10
Cutadapt version: 4.4
Python version: could not detect
Number of cores used for trimming: 4
Quality Phred score cutoff: 20
Quality encoding type selected: ASCII+33
Using Illumina adapter for trimming (count: 114629). Second best hit was Nextera (count: 27)
Adapter sequence: 'AGATCGGAAGAGC' (Illumina TruSeq, Sanger iPCR; auto-detected)
Maximum trimming error rate: 0.1 (default)
Minimum required adapter overlap (stringency): 1 bp
Minimum required sequence length for both reads before a sequence pair gets removed: 20 bp
Running FastQC on the data once trimming has completed
Output file will be GZIP compressed


This is cutadapt 4.4 with Python 3.7.16
Command line parameters: -j 4 -e 0.1 -q 20 -O 1 -a AGATCGGAAGAGC SRX3411507_2.fastq.gz
Processing single-end reads on 4 cores ...
Finished in 118.842 s (16.369 µs/read; 3.67 M reads/minute).

=== Summary ===

Total reads processed:               7,260,175
Reads with adapters:                 2,605,311 (35.9%)
Reads written (passing filters):     7,260,175 (100.0%)

Total basepairs processed: 1,089,026,250 bp
Quality-trimmed:              31,105,974 bp (2.9%)
Total written (filtered):  1,027,574,363 bp (94.4%)

=== Adapter 1 ===

Sequence: AGATCGGAAGAGC; Type: regular 3'; Length: 13; Trimmed: 2605311 times

Minimum overlap: 1
No. of allowed errors:
1-9 bp: 0; 10-13 bp: 1

Bases preceding removed adapters:
  A: 29.2%
  C: 33.8%
  G: 20.7%
  T: 16.3%
  none/other: 0.0%

Overview of removed sequences
length	count	expect	max.err	error counts
1	1168150	1815043.8	0	1168150
2	185194	453760.9	0	185194
3	134844	113440.2	0	134844
4	35341	28360.1	0	35341
5	54061	7090.0	0	54061
6	23250	1772.5	0	23250
7	13388	443.1	0	13388
8	30188	110.8	0	30188
9	44126	27.7	0	44054 72
10	39130	6.9	1	35738 3392
11	30558	1.7	1	28431 2127
12	10897	0.4	1	9678 1219
13	53808	0.1	1	51304 2504
14	12822	0.1	1	11850 972
15	33670	0.1	1	32290 1380
16	44308	0.1	1	42054 2254
17	16331	0.1	1	15346 985
18	36281	0.1	1	34783 1498
19	16908	0.1	1	15737 1171
20	40012	0.1	1	38600 1412
21	19646	0.1	1	18532 1114
22	7556	0.1	1	7176 380
23	19031	0.1	1	18461 570
24	11103	0.1	1	10449 654
25	30908	0.1	1	29750 1158
26	22433	0.1	1	21368 1065
27	29240	0.1	1	27923 1317
28	9774	0.1	1	8971 803
29	41763	0.1	1	39892 1871
30	10823	0.1	1	10144 679
31	36444	0.1	1	35394 1050
32	12352	0.1	1	11541 811
33	48183	0.1	1	46740 1443
34	18607	0.1	1	17793 814
35	5235	0.1	1	4740 495
36	18423	0.1	1	17609 814
37	19342	0.1	1	18765 577
38	9616	0.1	1	9059 557
39	14855	0.1	1	14315 540
40	13614	0.1	1	13102 512
41	5353	0.1	1	5160 193
42	10078	0.1	1	9733 345
43	10566	0.1	1	10184 382
44	7013	0.1	1	6802 211
45	12569	0.1	1	12134 435
46	10680	0.1	1	10312 368
47	6822	0.1	1	6589 233
48	6833	0.1	1	6581 252
49	4682	0.1	1	4447 235
50	10141	0.1	1	9738 403
51	5509	0.1	1	5246 263
52	8320	0.1	1	8088 232
53	2578	0.1	1	2370 208
54	7888	0.1	1	7621 267
55	2287	0.1	1	2121 166
56	5457	0.1	1	5137 320
57	4861	0.1	1	4626 235
58	10728	0.1	1	10215 513
59	1535	0.1	1	1411 124
60	2917	0.1	1	2740 177
61	3071	0.1	1	2850 221
62	3210	0.1	1	3009 201
63	3322	0.1	1	3126 196
64	2681	0.1	1	2497 184
65	3486	0.1	1	3224 262
66	6200	0.1	1	5776 424
67	5303	0.1	1	4808 495
68	3095	0.1	1	2703 392
69	801	0.1	1	645 156
70	311	0.1	1	245 66
71	337	0.1	1	293 44
72	551	0.1	1	506 45
73	648	0.1	1	602 46
74	728	0.1	1	667 61
75	778	0.1	1	711 67
76	695	0.1	1	602 93
77	653	0.1	1	517 136
78	563	0.1	1	370 193
79	543	0.1	1	297 246
80	584	0.1	1	355 229
81	591	0.1	1	423 168
82	509	0.1	1	363 146
83	497	0.1	1	341 156
84	412	0.1	1	275 137
85	424	0.1	1	349 75
86	445	0.1	1	394 51
87	427	0.1	1	388 39
88	388	0.1	1	357 31
89	250	0.1	1	219 31
90	236	0.1	1	205 31
91	215	0.1	1	193 22
92	201	0.1	1	181 20
93	203	0.1	1	187 16
94	204	0.1	1	184 20
95	221	0.1	1	195 26
96	170	0.1	1	137 33
97	181	0.1	1	151 30
98	165	0.1	1	125 40
99	150	0.1	1	119 31
100	172	0.1	1	147 25
101	180	0.1	1	157 23
102	183	0.1	1	147 36
103	184	0.1	1	157 27
104	140	0.1	1	125 15
105	93	0.1	1	74 19
106	79	0.1	1	67 12
107	64	0.1	1	48 16
108	48	0.1	1	39 9
109	54	0.1	1	42 12
110	47	0.1	1	41 6
111	47	0.1	1	34 13
112	50	0.1	1	44 6
113	50	0.1	1	39 11
114	36	0.1	1	32 4
115	46	0.1	1	38 8
116	30	0.1	1	20 10
117	23	0.1	1	18 5
118	21	0.1	1	16 5
119	30	0.1	1	26 4
120	27	0.1	1	18 9
121	30	0.1	1	23 7
122	23	0.1	1	18 5
123	40	0.1	1	34 6
124	156	0.1	1	148 8
125	31	0.1	1	24 7
126	33	0.1	1	28 5
127	29	0.1	1	22 7
128	33	0.1	1	25 8
129	66	0.1	1	21 45
130	25	0.1	1	14 11
131	43	0.1	1	21 22
132	25	0.1	1	19 6
133	22	0.1	1	17 5
134	22	0.1	1	16 6
135	15	0.1	1	9 6
136	65	0.1	1	27 38
137	22	0.1	1	16 6
138	33	0.1	1	25 8
139	25	0.1	1	17 8
140	27	0.1	1	20 7
141	37	0.1	1	30 7
142	21	0.1	1	14 7
143	19	0.1	1	14 5
144	36	0.1	1	26 10
145	62	0.1	1	52 10
146	61	0.1	1	35 26
147	4	0.1	1	1 3
148	8	0.1	1	1 7
149	17	0.1	1	0 17
150	196	0.1	1	10 186

RUN STATISTICS FOR INPUT FILE: SRX3411507_2.fastq.gz
=============================================
7260175 sequences processed in total

Total number of sequences analysed for the sequence pair length validation: 7260175

Number of sequence pairs removed because at least one read was shorter than the length cutoff (20 bp): 1338412 (18.43%)
