
SUMMARISING RUN PARAMETERS
==========================
Input filename: SRX3411507_1.fastq.gz
Trimming mode: paired-end
Trim Galore version: 0.6.10
Cutadapt version: 4.4
Python version: could not detect
Number of cores used for trimming: 4
Quality Phred score cutoff: 20
Quality encoding type selected: ASCII+33
Using Illumina adapter for trimming (count: 114629). Second best hit was Nextera (count: 27)
Adapter sequence: 'AGATCGGAAGAGC' (Illumina TruSeq, Sanger iPCR; auto-detected)
Maximum trimming error rate: 0.1 (default)
Minimum required adapter overlap (stringency): 1 bp
Minimum required sequence length for both reads before a sequence pair gets removed: 20 bp
Running FastQC on the data once trimming has completed
Output file will be GZIP compressed


This is cutadapt 4.4 with Python 3.7.16
Command line parameters: -j 4 -e 0.1 -q 20 -O 1 -a AGATCGGAAGAGC SRX3411507_1.fastq.gz
Processing single-end reads on 4 cores ...
Finished in 84.368 s (11.621 µs/read; 5.16 M reads/minute).

=== Summary ===

Total reads processed:               7,260,175
Reads with adapters:                 3,797,024 (52.3%)
Reads written (passing filters):     7,260,175 (100.0%)

Total basepairs processed: 1,089,026,250 bp
Quality-trimmed:              18,962,087 bp (1.7%)
Total written (filtered):    842,186,072 bp (77.3%)

=== Adapter 1 ===

Sequence: AGATCGGAAGAGC; Type: regular 3'; Length: 13; Trimmed: 3797024 times

Minimum overlap: 1
No. of allowed errors:
1-9 bp: 0; 10-13 bp: 1

Bases preceding removed adapters:
  A: 15.8%
  C: 24.0%
  G: 14.0%
  T: 11.8%
  none/other: 34.4%

Overview of removed sequences
length	count	expect	max.err	error counts
1	1023214	1815043.8	0	1023214
2	157688	453760.9	0	157688
3	156721	113440.2	0	156721
4	32411	28360.1	0	32411
5	38951	7090.0	0	38951
6	23949	1772.5	0	23949
7	16066	443.1	0	16066
8	30344	110.8	0	30344
9	54889	27.7	0	54793 96
10	26470	6.9	1	25257 1213
11	44920	1.7	1	42956 1964
12	5431	0.4	1	4526 905
13	55777	0.1	1	54017 1760
14	13465	0.1	1	12273 1192
15	59114	0.1	1	56988 2126
16	7235	0.1	1	6351 884
17	44908	0.1	1	42659 2249
18	11762	0.1	1	11065 697
19	24968	0.1	1	24119 849
20	18632	0.1	1	17546 1086
21	35907	0.1	1	34812 1095
22	15395	0.1	1	14684 711
23	19680	0.1	1	18890 790
24	17270	0.1	1	16051 1219
25	29969	0.1	1	28597 1372
26	17647	0.1	1	17013 634
27	23773	0.1	1	22762 1011
28	29578	0.1	1	27996 1582
29	33005	0.1	1	31647 1358
30	8906	0.1	1	8386 520
31	23394	0.1	1	22431 963
32	42269	0.1	1	40979 1290
33	17972	0.1	1	17007 965
34	28557	0.1	1	27218 1339
35	30914	0.1	1	30133 781
36	7614	0.1	1	7005 609
37	19142	0.1	1	18528 614
38	10641	0.1	1	10166 475
39	11738	0.1	1	10778 960
40	14342	0.1	1	13813 529
41	11952	0.1	1	10928 1024
42	16039	0.1	1	15484 555
43	4795	0.1	1	4490 305
44	8770	0.1	1	8444 326
45	12989	0.1	1	12558 431
46	4800	0.1	1	4540 260
47	14631	0.1	1	14252 379
48	2697	0.1	1	2401 296
49	12559	0.1	1	12087 472
50	5286	0.1	1	5084 202
51	8316	0.1	1	7981 335
52	10708	0.1	1	10321 387
53	5338	0.1	1	5145 193
54	7735	0.1	1	7554 181
55	1924	0.1	1	1777 147
56	5165	0.1	1	4923 242
57	9012	0.1	1	8701 311
58	1999	0.1	1	1854 145
59	5460	0.1	1	5258 202
60	3569	0.1	1	3463 106
61	1242	0.1	1	1126 116
62	3293	0.1	1	3156 137
63	6424	0.1	1	6175 249
64	660	0.1	1	600 60
65	3329	0.1	1	3199 130
66	2202	0.1	1	2061 141
67	2010	0.1	1	1865 145
68	2277	0.1	1	2131 146
69	2301	0.1	1	2138 163
70	2526	0.1	1	2330 196
71	2897	0.1	1	2630 267
72	3174	0.1	1	2876 298
73	4012	0.1	1	3647 365
74	2625	0.1	1	2408 217
75	358	0.1	1	239 119
76	265	0.1	1	157 108
77	625	0.1	1	532 93
78	634	0.1	1	541 93
79	660	0.1	1	582 78
80	682	0.1	1	590 92
81	731	0.1	1	652 79
82	627	0.1	1	547 80
83	573	0.1	1	501 72
84	535	0.1	1	473 62
85	438	0.1	1	369 69
86	523	0.1	1	469 54
87	502	0.1	1	442 60
88	467	0.1	1	416 51
89	288	0.1	1	245 43
90	265	0.1	1	224 41
91	249	0.1	1	210 39
92	242	0.1	1	199 43
93	217	0.1	1	180 37
94	257	0.1	1	218 39
95	248	0.1	1	219 29
96	233	0.1	1	181 52
97	215	0.1	1	185 30
98	232	0.1	1	172 60
99	200	0.1	1	160 40
100	212	0.1	1	164 48
101	220	0.1	1	174 46
102	233	0.1	1	177 56
103	259	0.1	1	183 76
104	199	0.1	1	130 69
105	118	0.1	1	79 39
106	116	0.1	1	74 42
107	96	0.1	1	61 35
108	103	0.1	1	42 61
109	91	0.1	1	51 40
110	145	0.1	1	44 101
111	99	0.1	1	35 64
112	112	0.1	1	52 60
113	91	0.1	1	33 58
114	52	0.1	1	25 27
115	77	0.1	1	38 39
116	260	0.1	1	28 232
117	96	0.1	1	21 75
118	106	0.1	1	30 76
119	120	0.1	1	17 103
120	92	0.1	1	29 63
121	111	0.1	1	28 83
122	100	0.1	1	14 86
123	130	0.1	1	33 97
124	247	0.1	1	173 74
125	121	0.1	1	30 91
126	100	0.1	1	26 74
127	92	0.1	1	24 68
128	148	0.1	1	32 116
129	122	0.1	1	38 84
130	114	0.1	1	29 85
131	89	0.1	1	24 65
132	103	0.1	1	21 82
133	126	0.1	1	25 101
134	171	0.1	1	19 152
135	148	0.1	1	9 139
136	313	0.1	1	27 286
137	170	0.1	1	15 155
138	577	0.1	1	16 561
139	237	0.1	1	19 218
140	242	0.1	1	17 225
141	315	0.1	1	20 295
142	335	0.1	1	11 324
143	365	0.1	1	12 353
144	487	0.1	1	37 450
145	558	0.1	1	56 502
146	904	0.1	1	58 846
147	1779	0.1	1	1 1778
148	4733	0.1	1	5 4728
149	18228	0.1	1	4 18224
150	1275352	0.1	1	15 1275337

RUN STATISTICS FOR INPUT FILE: SRX3411507_1.fastq.gz
=============================================
7260175 sequences processed in total

