
SUMMARISING RUN PARAMETERS
==========================
Input filename: SRX3411512_1.fastq.gz
Trimming mode: paired-end
Trim Galore version: 0.6.10
Cutadapt version: 4.4
Python version: could not detect
Number of cores used for trimming: 4
Quality Phred score cutoff: 20
Quality encoding type selected: ASCII+33
Using Illumina adapter for trimming (count: 96413). Second best hit was Nextera (count: 19)
Adapter sequence: 'AGATCGGAAGAGC' (Illumina TruSeq, Sanger iPCR; auto-detected)
Maximum trimming error rate: 0.1 (default)
Minimum required adapter overlap (stringency): 1 bp
Minimum required sequence length for both reads before a sequence pair gets removed: 20 bp
Running FastQC on the data once trimming has completed
Output file will be GZIP compressed


This is cutadapt 4.4 with Python 3.7.16
Command line parameters: -j 4 -e 0.1 -q 20 -O 1 -a AGATCGGAAGAGC SRX3411512_1.fastq.gz
Processing single-end reads on 4 cores ...
Finished in 80.368 s (12.224 µs/read; 4.91 M reads/minute).

=== Summary ===

Total reads processed:               6,574,423
Reads with adapters:                 4,098,301 (62.3%)
Reads written (passing filters):     6,574,423 (100.0%)

Total basepairs processed:   986,163,450 bp
Quality-trimmed:              19,686,934 bp (2.0%)
Total written (filtered):    587,483,869 bp (59.6%)

=== Adapter 1 ===

Sequence: AGATCGGAAGAGC; Type: regular 3'; Length: 13; Trimmed: 4098301 times

Minimum overlap: 1
No. of allowed errors:
1-9 bp: 0; 10-13 bp: 1

Bases preceding removed adapters:
  A: 10.6%
  C: 15.2%
  G: 9.0%
  T: 7.5%
  none/other: 57.7%

Overview of removed sequences
length	count	expect	max.err	error counts
1	682616	1643605.8	0	682616
2	101403	410901.4	0	101403
3	95681	102725.4	0	95681
4	20662	25681.3	0	20662
5	25889	6420.3	0	25889
6	16358	1605.1	0	16358
7	10925	401.3	0	10925
8	20185	100.3	0	20185
9	36668	25.1	0	36637 31
10	17393	6.3	1	16588 805
11	28993	1.6	1	27625 1368
12	3801	0.4	1	3145 656
13	38158	0.1	1	36823 1335
14	9204	0.1	1	8407 797
15	41104	0.1	1	39618 1486
16	4838	0.1	1	4204 634
17	31806	0.1	1	30104 1702
18	8684	0.1	1	8155 529
19	18258	0.1	1	17687 571
20	14255	0.1	1	13508 747
21	26776	0.1	1	25918 858
22	11974	0.1	1	11462 512
23	14813	0.1	1	14158 655
24	12256	0.1	1	11375 881
25	22239	0.1	1	21253 986
26	12597	0.1	1	12096 501
27	17253	0.1	1	16441 812
28	22452	0.1	1	21138 1314
29	23052	0.1	1	22137 915
30	6439	0.1	1	6045 394
31	18335	0.1	1	17568 767
32	37607	0.1	1	36486 1121
33	11186	0.1	1	10433 753
34	31336	0.1	1	30211 1125
35	15529	0.1	1	14940 589
36	12931	0.1	1	12376 555
37	6796	0.1	1	6048 748
38	18287	0.1	1	17497 790
39	3612	0.1	1	3082 530
40	18470	0.1	1	17462 1008
41	6781	0.1	1	6404 377
42	16535	0.1	1	15791 744
43	20018	0.1	1	19290 728
44	6729	0.1	1	6392 337
45	8573	0.1	1	8229 344
46	2390	0.1	1	2243 147
47	4518	0.1	1	4318 200
48	2165	0.1	1	2029 136
49	5795	0.1	1	5603 192
50	3425	0.1	1	3160 265
51	12414	0.1	1	12121 293
52	2925	0.1	1	2779 146
53	3060	0.1	1	2904 156
54	8191	0.1	1	7899 292
55	3162	0.1	1	3037 125
56	2588	0.1	1	2503 85
57	904	0.1	1	843 61
58	1885	0.1	1	1768 117
59	6303	0.1	1	6086 217
60	1259	0.1	1	1186 73
61	1966	0.1	1	1869 97
62	1823	0.1	1	1750 73
63	883	0.1	1	802 81
64	1406	0.1	1	1304 102
65	3332	0.1	1	3175 157
66	641	0.1	1	586 55
67	1492	0.1	1	1408 84
68	2101	0.1	1	1976 125
69	1925	0.1	1	1790 135
70	2062	0.1	1	1900 162
71	2062	0.1	1	1927 135
72	1863	0.1	1	1670 193
73	1830	0.1	1	1522 308
74	2056	0.1	1	1576 480
75	3189	0.1	1	2245 944
76	2921	0.1	1	2315 606
77	526	0.1	1	304 222
78	251	0.1	1	105 146
79	385	0.1	1	267 118
80	463	0.1	1	374 89
81	591	0.1	1	502 89
82	582	0.1	1	462 120
83	566	0.1	1	464 102
84	523	0.1	1	447 76
85	406	0.1	1	338 68
86	433	0.1	1	348 85
87	573	0.1	1	399 174
88	458	0.1	1	306 152
89	335	0.1	1	245 90
90	250	0.1	1	178 72
91	251	0.1	1	156 95
92	216	0.1	1	157 59
93	219	0.1	1	161 58
94	208	0.1	1	123 85
95	223	0.1	1	165 58
96	270	0.1	1	174 96
97	224	0.1	1	144 80
98	291	0.1	1	195 96
99	197	0.1	1	136 61
100	206	0.1	1	128 78
101	235	0.1	1	137 98
102	245	0.1	1	120 125
103	269	0.1	1	119 150
104	231	0.1	1	104 127
105	172	0.1	1	73 99
106	170	0.1	1	70 100
107	183	0.1	1	95 88
108	77	0.1	1	42 35
109	98	0.1	1	47 51
110	175	0.1	1	46 129
111	181	0.1	1	46 135
112	137	0.1	1	59 78
113	198	0.1	1	79 119
114	205	0.1	1	62 143
115	233	0.1	1	66 167
116	1213	0.1	1	40 1173
117	243	0.1	1	42 201
118	187	0.1	1	41 146
119	176	0.1	1	33 143
120	152	0.1	1	45 107
121	218	0.1	1	50 168
122	193	0.1	1	38 155
123	251	0.1	1	71 180
124	479	0.1	1	338 141
125	175	0.1	1	37 138
126	142	0.1	1	43 99
127	153	0.1	1	32 121
128	276	0.1	1	59 217
129	227	0.1	1	50 177
130	252	0.1	1	41 211
131	232	0.1	1	37 195
132	208	0.1	1	34 174
133	209	0.1	1	50 159
134	236	0.1	1	21 215
135	274	0.1	1	34 240
136	263	0.1	1	32 231
137	276	0.1	1	24 252
138	1091	0.1	1	29 1062
139	377	0.1	1	37 340
140	328	0.1	1	50 278
141	1399	0.1	1	204 1195
142	540	0.1	1	31 509
143	663	0.1	1	62 601
144	812	0.1	1	109 703
145	930	0.1	1	128 802
146	1434	0.1	1	122 1312
147	2949	0.1	1	13 2936
148	8013	0.1	1	15 7998
149	30312	0.1	1	46 30266
150	2309969	0.1	1	20 2309949

RUN STATISTICS FOR INPUT FILE: SRX3411512_1.fastq.gz
=============================================
6574423 sequences processed in total

