
SUMMARISING RUN PARAMETERS
==========================
Input filename: SRX3411509_1.fastq.gz
Trimming mode: paired-end
Trim Galore version: 0.6.10
Cutadapt version: 4.4
Python version: could not detect
Number of cores used for trimming: 4
Quality Phred score cutoff: 20
Quality encoding type selected: ASCII+33
Using Illumina adapter for trimming (count: 121650). Second best hit was Nextera (count: 28)
Adapter sequence: 'AGATCGGAAGAGC' (Illumina TruSeq, Sanger iPCR; auto-detected)
Maximum trimming error rate: 0.1 (default)
Minimum required adapter overlap (stringency): 1 bp
Minimum required sequence length for both reads before a sequence pair gets removed: 20 bp
Running FastQC on the data once trimming has completed
Output file will be GZIP compressed


This is cutadapt 4.4 with Python 3.7.16
Command line parameters: -j 4 -e 0.1 -q 20 -O 1 -a AGATCGGAAGAGC SRX3411509_1.fastq.gz
Processing single-end reads on 4 cores ...
Finished in 102.800 s (12.994 µs/read; 4.62 M reads/minute).

=== Summary ===

Total reads processed:               7,911,166
Reads with adapters:                 4,942,308 (62.5%)
Reads written (passing filters):     7,911,166 (100.0%)

Total basepairs processed: 1,186,674,900 bp
Quality-trimmed:              18,566,089 bp (1.6%)
Total written (filtered):    759,511,601 bp (64.0%)

=== Adapter 1 ===

Sequence: AGATCGGAAGAGC; Type: regular 3'; Length: 13; Trimmed: 4942308 times

Minimum overlap: 1
No. of allowed errors:
1-9 bp: 0; 10-13 bp: 1

Bases preceding removed adapters:
  A: 11.3%
  C: 18.9%
  G: 11.1%
  T: 8.4%
  none/other: 50.3%

Overview of removed sequences
length	count	expect	max.err	error counts
1	843926	1977791.5	0	843926
2	147724	494447.9	0	147724
3	161984	123612.0	0	161984
4	32461	30903.0	0	32461
5	40461	7725.7	0	40461
6	24424	1931.4	0	24424
7	15787	482.9	0	15787
8	30088	120.7	0	30088
9	55025	30.2	0	54956 69
10	27856	7.5	1	26727 1129
11	45692	1.9	1	43930 1762
12	5719	0.5	1	4808 911
13	60442	0.1	1	58528 1914
14	13732	0.1	1	12647 1085
15	59788	0.1	1	57648 2140
16	7040	0.1	1	6162 878
17	47880	0.1	1	45618 2262
18	12878	0.1	1	12201 677
19	28433	0.1	1	27541 892
20	22172	0.1	1	21030 1142
21	43897	0.1	1	42589 1308
22	19773	0.1	1	18960 813
23	23659	0.1	1	22765 894
24	19342	0.1	1	18062 1280
25	36260	0.1	1	34664 1596
26	21191	0.1	1	20465 726
27	29025	0.1	1	27882 1143
28	36083	0.1	1	34325 1758
29	35931	0.1	1	34562 1369
30	9883	0.1	1	9373 510
31	27676	0.1	1	26665 1011
32	59244	0.1	1	57597 1647
33	16186	0.1	1	15232 954
34	41174	0.1	1	39725 1449
35	18908	0.1	1	18222 686
36	21651	0.1	1	20864 787
37	18410	0.1	1	17543 867
38	30691	0.1	1	29143 1548
39	13647	0.1	1	12810 837
40	16338	0.1	1	15262 1076
41	61811	0.1	1	59452 2359
42	31074	0.1	1	29894 1180
43	52427	0.1	1	51176 1251
44	2077	0.1	1	1887 190
45	1508	0.1	1	1348 160
46	2214	0.1	1	2116 98
47	2068	0.1	1	1984 84
48	2336	0.1	1	2156 180
49	7562	0.1	1	7353 209
50	1197	0.1	1	1117 80
51	1441	0.1	1	1339 102
52	6879	0.1	1	6677 202
53	585	0.1	1	537 48
54	376	0.1	1	355 21
55	432	0.1	1	388 44
56	1111	0.1	1	1029 82
57	5676	0.1	1	5513 163
58	740	0.1	1	668 72
59	1252	0.1	1	1189 63
60	414	0.1	1	374 40
61	282	0.1	1	248 34
62	584	0.1	1	521 63
63	3887	0.1	1	3749 138
64	809	0.1	1	760 49
65	610	0.1	1	561 49
66	1911	0.1	1	1786 125
67	2224	0.1	1	2116 108
68	2415	0.1	1	2275 140
69	2393	0.1	1	2267 126
70	2718	0.1	1	2538 180
71	2744	0.1	1	2562 182
72	2730	0.1	1	2490 240
73	3510	0.1	1	3141 369
74	4758	0.1	1	4313 445
75	2170	0.1	1	1731 439
76	691	0.1	1	409 282
77	358	0.1	1	216 142
78	552	0.1	1	431 121
79	669	0.1	1	572 97
80	808	0.1	1	726 82
81	752	0.1	1	669 83
82	775	0.1	1	677 98
83	686	0.1	1	608 78
84	622	0.1	1	548 74
85	543	0.1	1	474 69
86	581	0.1	1	506 75
87	598	0.1	1	506 92
88	624	0.1	1	533 91
89	399	0.1	1	338 61
90	308	0.1	1	261 47
91	274	0.1	1	225 49
92	287	0.1	1	240 47
93	249	0.1	1	207 42
94	254	0.1	1	219 35
95	280	0.1	1	232 48
96	270	0.1	1	214 56
97	255	0.1	1	202 53
98	298	0.1	1	223 75
99	254	0.1	1	201 53
100	242	0.1	1	172 70
101	277	0.1	1	193 84
102	299	0.1	1	204 95
103	351	0.1	1	227 124
104	226	0.1	1	153 73
105	166	0.1	1	95 71
106	134	0.1	1	80 54
107	128	0.1	1	75 53
108	153	0.1	1	30 123
109	134	0.1	1	47 87
110	176	0.1	1	51 125
111	162	0.1	1	48 114
112	221	0.1	1	72 149
113	214	0.1	1	99 115
114	147	0.1	1	47 100
115	179	0.1	1	41 138
116	661	0.1	1	41 620
117	161	0.1	1	37 124
118	164	0.1	1	26 138
119	172	0.1	1	26 146
120	132	0.1	1	21 111
121	168	0.1	1	30 138
122	199	0.1	1	38 161
123	236	0.1	1	60 176
124	352	0.1	1	218 134
125	267	0.1	1	36 231
126	177	0.1	1	29 148
127	170	0.1	1	28 142
128	283	0.1	1	42 241
129	189	0.1	1	32 157
130	190	0.1	1	30 160
131	164	0.1	1	20 144
132	187	0.1	1	29 158
133	182	0.1	1	19 163
134	267	0.1	1	12 255
135	265	0.1	1	15 250
136	602	0.1	1	19 583
137	330	0.1	1	19 311
138	2380	0.1	1	16 2364
139	456	0.1	1	35 421
140	454	0.1	1	20 434
141	717	0.1	1	32 685
142	667	0.1	1	11 656
143	815	0.1	1	31 784
144	921	0.1	1	46 875
145	1166	0.1	1	63 1103
146	1815	0.1	1	53 1762
147	3725	0.1	1	7 3718
148	10033	0.1	1	5 10028
149	38104	0.1	1	16 38088
150	2421535	0.1	1	9 2421526

RUN STATISTICS FOR INPUT FILE: SRX3411509_1.fastq.gz
=============================================
7911166 sequences processed in total

