
SUMMARISING RUN PARAMETERS
==========================
Input filename: SRX3411510_1.fastq.gz
Trimming mode: paired-end
Trim Galore version: 0.6.10
Cutadapt version: 4.4
Python version: could not detect
Number of cores used for trimming: 4
Quality Phred score cutoff: 20
Quality encoding type selected: ASCII+33
Using Illumina adapter for trimming (count: 88066). Second best hit was Nextera (count: 30)
Adapter sequence: 'AGATCGGAAGAGC' (Illumina TruSeq, Sanger iPCR; auto-detected)
Maximum trimming error rate: 0.1 (default)
Minimum required adapter overlap (stringency): 1 bp
Minimum required sequence length for both reads before a sequence pair gets removed: 20 bp
Running FastQC on the data once trimming has completed
Output file will be GZIP compressed


This is cutadapt 4.4 with Python 3.7.16
Command line parameters: -j 4 -e 0.1 -q 20 -O 1 -a AGATCGGAAGAGC SRX3411510_1.fastq.gz
Processing single-end reads on 4 cores ...
Finished in 104.742 s (12.980 µs/read; 4.62 M reads/minute).

=== Summary ===

Total reads processed:               8,069,344
Reads with adapters:                 4,704,840 (58.3%)
Reads written (passing filters):     8,069,344 (100.0%)

Total basepairs processed: 1,210,401,600 bp
Quality-trimmed:              25,260,687 bp (2.1%)
Total written (filtered):    781,325,799 bp (64.6%)

=== Adapter 1 ===

Sequence: AGATCGGAAGAGC; Type: regular 3'; Length: 13; Trimmed: 4704840 times

Minimum overlap: 1
No. of allowed errors:
1-9 bp: 0; 10-13 bp: 1

Bases preceding removed adapters:
  A: 12.5%
  C: 15.4%
  G: 10.5%
  T: 8.5%
  none/other: 53.1%

Overview of removed sequences
length	count	expect	max.err	error counts
1	992225	2017336.0	0	992225
2	125672	504334.0	0	125672
3	103038	126083.5	0	103038
4	25952	31520.9	0	25952
5	31061	7880.2	0	31061
6	19479	1970.1	0	19479
7	14068	492.5	0	14068
8	23816	123.1	0	23816
9	41642	30.8	0	41553 89
10	18875	7.7	1	17857 1018
11	34321	1.9	1	32164 2157
12	4477	0.5	1	3586 891
13	39055	0.1	1	37474 1581
14	10150	0.1	1	8981 1169
15	44076	0.1	1	41847 2229
16	5921	0.1	1	4928 993
17	37507	0.1	1	34733 2774
18	9911	0.1	1	9173 738
19	20663	0.1	1	19798 865
20	15527	0.1	1	14489 1038
21	27920	0.1	1	26859 1061
22	12527	0.1	1	11844 683
23	16306	0.1	1	15409 897
24	14650	0.1	1	13225 1425
25	24927	0.1	1	23433 1494
26	12767	0.1	1	12116 651
27	18646	0.1	1	17597 1049
28	26626	0.1	1	24602 2024
29	27374	0.1	1	26020 1354
30	5068	0.1	1	4580 488
31	21988	0.1	1	20762 1226
32	35260	0.1	1	34063 1197
33	11609	0.1	1	10655 954
34	29150	0.1	1	27645 1505
35	14484	0.1	1	13699 785
36	24822	0.1	1	23955 867
37	4576	0.1	1	4176 400
38	12741	0.1	1	11895 846
39	26221	0.1	1	24301 1920
40	16418	0.1	1	15598 820
41	15031	0.1	1	13835 1196
42	7989	0.1	1	7655 334
43	4025	0.1	1	3733 292
44	5086	0.1	1	4845 241
45	9900	0.1	1	9524 376
46	4789	0.1	1	4464 325
47	11852	0.1	1	11483 369
48	3299	0.1	1	2934 365
49	13560	0.1	1	13056 504
50	5787	0.1	1	5500 287
51	7692	0.1	1	7332 360
52	12674	0.1	1	12178 496
53	5628	0.1	1	5394 234
54	6359	0.1	1	6150 209
55	1927	0.1	1	1750 177
56	4252	0.1	1	4013 239
57	8749	0.1	1	8402 347
58	2259	0.1	1	2076 183
59	5084	0.1	1	4877 207
60	3973	0.1	1	3824 149
61	1578	0.1	1	1456 122
62	3562	0.1	1	3342 220
63	7758	0.1	1	7399 359
64	919	0.1	1	824 95
65	3886	0.1	1	3672 214
66	3109	0.1	1	2878 231
67	2770	0.1	1	2529 241
68	3077	0.1	1	2849 228
69	3175	0.1	1	2911 264
70	3471	0.1	1	3136 335
71	3433	0.1	1	3034 399
72	3898	0.1	1	3437 461
73	5126	0.1	1	4507 619
74	3922	0.1	1	3485 437
75	592	0.1	1	377 215
76	506	0.1	1	273 233
77	906	0.1	1	716 190
78	922	0.1	1	778 144
79	824	0.1	1	661 163
80	914	0.1	1	741 173
81	832	0.1	1	698 134
82	810	0.1	1	669 141
83	739	0.1	1	625 114
84	778	0.1	1	646 132
85	647	0.1	1	551 96
86	679	0.1	1	559 120
87	572	0.1	1	455 117
88	535	0.1	1	418 117
89	479	0.1	1	347 132
90	357	0.1	1	301 56
91	355	0.1	1	279 76
92	340	0.1	1	279 61
93	329	0.1	1	246 83
94	315	0.1	1	251 64
95	291	0.1	1	247 44
96	278	0.1	1	203 75
97	282	0.1	1	221 61
98	362	0.1	1	238 124
99	274	0.1	1	185 89
100	303	0.1	1	198 105
101	267	0.1	1	178 89
102	311	0.1	1	168 143
103	285	0.1	1	174 111
104	259	0.1	1	128 131
105	197	0.1	1	106 91
106	176	0.1	1	89 87
107	152	0.1	1	89 63
108	127	0.1	1	53 74
109	109	0.1	1	57 52
110	216	0.1	1	59 157
111	202	0.1	1	58 144
112	164	0.1	1	78 86
113	173	0.1	1	88 85
114	119	0.1	1	48 71
115	191	0.1	1	53 138
116	462	0.1	1	35 427
117	126	0.1	1	38 88
118	184	0.1	1	52 132
119	176	0.1	1	30 146
120	162	0.1	1	42 120
121	183	0.1	1	42 141
122	231	0.1	1	45 186
123	232	0.1	1	50 182
124	287	0.1	1	171 116
125	222	0.1	1	43 179
126	160	0.1	1	40 120
127	186	0.1	1	29 157
128	270	0.1	1	51 219
129	196	0.1	1	36 160
130	209	0.1	1	39 170
131	200	0.1	1	47 153
132	185	0.1	1	54 131
133	176	0.1	1	31 145
134	274	0.1	1	24 250
135	269	0.1	1	23 246
136	377	0.1	1	28 349
137	301	0.1	1	33 268
138	1446	0.1	1	33 1413
139	427	0.1	1	47 380
140	398	0.1	1	41 357
141	558	0.1	1	34 524
142	638	0.1	1	24 614
143	711	0.1	1	25 686
144	861	0.1	1	47 814
145	1051	0.1	1	92 959
146	1772	0.1	1	119 1653
147	3533	0.1	1	12 3521
148	9202	0.1	1	6 9196
149	36144	0.1	1	12 36132
150	2434747	0.1	1	35 2434712

RUN STATISTICS FOR INPUT FILE: SRX3411510_1.fastq.gz
=============================================
8069344 sequences processed in total

