
SUMMARISING RUN PARAMETERS
==========================
Input filename: SRX3411517_1.fastq.gz
Trimming mode: paired-end
Trim Galore version: 0.6.10
Cutadapt version: 4.4
Python version: could not detect
Number of cores used for trimming: 4
Quality Phred score cutoff: 20
Quality encoding type selected: ASCII+33
Using Illumina adapter for trimming (count: 75292). Second best hit was Nextera (count: 67)
Adapter sequence: 'AGATCGGAAGAGC' (Illumina TruSeq, Sanger iPCR; auto-detected)
Maximum trimming error rate: 0.1 (default)
Minimum required adapter overlap (stringency): 1 bp
Minimum required sequence length for both reads before a sequence pair gets removed: 20 bp
Running FastQC on the data once trimming has completed
Output file will be GZIP compressed


This is cutadapt 4.4 with Python 3.7.16
Command line parameters: -j 4 -e 0.1 -q 20 -O 1 -a AGATCGGAAGAGC SRX3411517_1.fastq.gz
Processing single-end reads on 4 cores ...
Finished in 104.856 s (17.691 µs/read; 3.39 M reads/minute).

=== Summary ===

Total reads processed:               5,926,984
Reads with adapters:                 2,429,543 (41.0%)
Reads written (passing filters):     5,926,984 (100.0%)

Total basepairs processed:   889,047,600 bp
Quality-trimmed:              31,421,675 bp (3.5%)
Total written (filtered):    778,170,495 bp (87.5%)

=== Adapter 1 ===

Sequence: AGATCGGAAGAGC; Type: regular 3'; Length: 13; Trimmed: 2429543 times

Minimum overlap: 1
No. of allowed errors:
1-9 bp: 0; 10-13 bp: 1

Bases preceding removed adapters:
  A: 30.4%
  C: 22.3%
  G: 15.4%
  T: 15.4%
  none/other: 16.5%

Overview of removed sequences
length	count	expect	max.err	error counts
1	1185966	1481746.0	0	1185966
2	110763	370436.5	0	110763
3	83183	92609.1	0	83183
4	29206	23152.3	0	29206
5	23704	5788.1	0	23704
6	16177	1447.0	0	16177
7	10258	361.8	0	10258
8	17624	90.4	0	17624
9	29075	22.6	0	29017 58
10	11979	5.7	1	11214 765
11	23655	1.4	1	21898 1757
12	3777	0.4	1	3079 698
13	26147	0.1	1	24951 1196
14	7217	0.1	1	6427 790
15	28612	0.1	1	26998 1614
16	4427	0.1	1	3792 635
17	27454	0.1	1	25333 2121
18	7437	0.1	1	6927 510
19	16115	0.1	1	15452 663
20	10476	0.1	1	9769 707
21	20631	0.1	1	19818 813
22	8424	0.1	1	7916 508
23	11394	0.1	1	10699 695
24	10273	0.1	1	9286 987
25	15802	0.1	1	14747 1055
26	8110	0.1	1	7705 405
27	11965	0.1	1	11315 650
28	17763	0.1	1	16402 1361
29	17125	0.1	1	16135 990
30	3358	0.1	1	3080 278
31	12120	0.1	1	11406 714
32	18363	0.1	1	17670 693
33	4595	0.1	1	4112 483
34	17940	0.1	1	16836 1104
35	5179	0.1	1	4868 311
36	7164	0.1	1	6844 320
37	8225	0.1	1	7793 432
38	13573	0.1	1	12830 743
39	3208	0.1	1	2959 249
40	7379	0.1	1	6910 469
41	5668	0.1	1	5432 236
42	8983	0.1	1	8337 646
43	16036	0.1	1	14752 1284
44	5715	0.1	1	5504 211
45	2096	0.1	1	1924 172
46	3168	0.1	1	3021 147
47	5175	0.1	1	4965 210
48	2667	0.1	1	2517 150
49	6894	0.1	1	6623 271
50	1909	0.1	1	1711 198
51	7748	0.1	1	7412 336
52	3246	0.1	1	3120 126
53	3597	0.1	1	3425 172
54	4181	0.1	1	3957 224
55	2996	0.1	1	2814 182
56	3217	0.1	1	3112 105
57	1033	0.1	1	946 87
58	2518	0.1	1	2373 145
59	4707	0.1	1	4478 229
60	1146	0.1	1	1034 112
61	2400	0.1	1	2297 103
62	2355	0.1	1	2269 86
63	771	0.1	1	713 58
64	1750	0.1	1	1658 92
65	2799	0.1	1	2625 174
66	471	0.1	1	418 53
67	2054	0.1	1	1920 134
68	1802	0.1	1	1651 151
69	1674	0.1	1	1549 125
70	1768	0.1	1	1654 114
71	1541	0.1	1	1418 123
72	1309	0.1	1	1211 98
73	1239	0.1	1	1102 137
74	1341	0.1	1	1146 195
75	1712	0.1	1	1480 232
76	1108	0.1	1	953 155
77	149	0.1	1	98 51
78	112	0.1	1	81 31
79	247	0.1	1	218 29
80	260	0.1	1	229 31
81	314	0.1	1	285 29
82	340	0.1	1	301 39
83	317	0.1	1	269 48
84	374	0.1	1	318 56
85	295	0.1	1	260 35
86	325	0.1	1	272 53
87	336	0.1	1	281 55
88	267	0.1	1	236 31
89	218	0.1	1	185 33
90	181	0.1	1	155 26
91	195	0.1	1	163 32
92	170	0.1	1	139 31
93	152	0.1	1	134 18
94	170	0.1	1	144 26
95	176	0.1	1	149 27
96	224	0.1	1	155 69
97	144	0.1	1	109 35
98	161	0.1	1	100 61
99	144	0.1	1	112 32
100	149	0.1	1	108 41
101	149	0.1	1	87 62
102	177	0.1	1	113 64
103	136	0.1	1	98 38
104	120	0.1	1	74 46
105	104	0.1	1	62 42
106	100	0.1	1	65 35
107	195	0.1	1	95 100
108	95	0.1	1	71 24
109	108	0.1	1	74 34
110	118	0.1	1	66 52
111	107	0.1	1	65 42
112	116	0.1	1	83 33
113	164	0.1	1	104 60
114	89	0.1	1	63 26
115	145	0.1	1	67 78
116	190	0.1	1	50 140
117	82	0.1	1	51 31
118	83	0.1	1	43 40
119	69	0.1	1	42 27
120	102	0.1	1	62 40
121	163	0.1	1	57 106
122	124	0.1	1	68 56
123	189	0.1	1	91 98
124	352	0.1	1	307 45
125	162	0.1	1	84 78
126	118	0.1	1	76 42
127	95	0.1	1	52 43
128	135	0.1	1	80 55
129	99	0.1	1	50 49
130	122	0.1	1	74 48
131	157	0.1	1	78 79
132	101	0.1	1	66 35
133	111	0.1	1	49 62
134	100	0.1	1	37 63
135	131	0.1	1	66 65
136	179	0.1	1	77 102
137	167	0.1	1	54 113
138	271	0.1	1	71 200
139	214	0.1	1	56 158
140	168	0.1	1	59 109
141	213	0.1	1	61 152
142	213	0.1	1	70 143
143	256	0.1	1	87 169
144	305	0.1	1	137 168
145	313	0.1	1	114 199
146	506	0.1	1	150 356
147	716	0.1	1	72 644
148	1746	0.1	1	138 1608
149	10277	0.1	1	3709 6568
150	389334	0.1	1	33 389301

RUN STATISTICS FOR INPUT FILE: SRX3411517_1.fastq.gz
=============================================
5926984 sequences processed in total

