
SUMMARISING RUN PARAMETERS
==========================
Input filename: SRX3411514_1.fastq.gz
Trimming mode: paired-end
Trim Galore version: 0.6.10
Cutadapt version: 4.4
Python version: could not detect
Number of cores used for trimming: 4
Quality Phred score cutoff: 20
Quality encoding type selected: ASCII+33
Using Illumina adapter for trimming (count: 54970). Second best hit was Nextera (count: 274)
Adapter sequence: 'AGATCGGAAGAGC' (Illumina TruSeq, Sanger iPCR; auto-detected)
Maximum trimming error rate: 0.1 (default)
Minimum required adapter overlap (stringency): 1 bp
Minimum required sequence length for both reads before a sequence pair gets removed: 20 bp
Running FastQC on the data once trimming has completed
Output file will be GZIP compressed


This is cutadapt 4.4 with Python 3.7.16
Command line parameters: -j 4 -e 0.1 -q 20 -O 1 -a AGATCGGAAGAGC SRX3411514_1.fastq.gz
Processing single-end reads on 4 cores ...
Finished in 85.587 s (15.093 µs/read; 3.98 M reads/minute).

=== Summary ===

Total reads processed:               5,670,715
Reads with adapters:                 2,763,789 (48.7%)
Reads written (passing filters):     5,670,715 (100.0%)

Total basepairs processed:   850,607,250 bp
Quality-trimmed:              13,350,205 bp (1.6%)
Total written (filtered):    648,932,067 bp (76.3%)

=== Adapter 1 ===

Sequence: AGATCGGAAGAGC; Type: regular 3'; Length: 13; Trimmed: 2763789 times

Minimum overlap: 1
No. of allowed errors:
1-9 bp: 0; 10-13 bp: 1

Bases preceding removed adapters:
  A: 19.7%
  C: 14.8%
  G: 12.6%
  T: 10.7%
  none/other: 42.1%

Overview of removed sequences
length	count	expect	max.err	error counts
1	959602	1417678.8	0	959602
2	91865	354419.7	0	91865
3	67054	88604.9	0	67054
4	34498	22151.2	0	34498
5	21828	5537.8	0	21828
6	14062	1384.5	0	14062
7	9214	346.1	0	9214
8	14311	86.5	0	14311
9	22474	21.6	0	22394 80
10	9093	5.4	1	8465 628
11	16560	1.4	1	15210 1350
12	3054	0.3	1	2490 564
13	17696	0.1	1	16789 907
14	4771	0.1	1	4209 562
15	19349	0.1	1	18217 1132
16	3079	0.1	1	2544 535
17	18560	0.1	1	17044 1516
18	5446	0.1	1	5005 441
19	10950	0.1	1	10433 517
20	8135	0.1	1	7360 775
21	14334	0.1	1	13771 563
22	6434	0.1	1	6034 400
23	8347	0.1	1	7872 475
24	7041	0.1	1	6374 667
25	10971	0.1	1	10345 626
26	5537	0.1	1	5282 255
27	7938	0.1	1	7568 370
28	11351	0.1	1	10475 876
29	10855	0.1	1	10286 569
30	2172	0.1	1	1995 177
31	7412	0.1	1	6998 414
32	11089	0.1	1	10633 456
33	2980	0.1	1	2621 359
34	11398	0.1	1	10856 542
35	2235	0.1	1	1964 271
36	8259	0.1	1	7618 641
37	9400	0.1	1	8697 703
38	2513	0.1	1	2297 216
39	7987	0.1	1	7604 383
40	12773	0.1	1	12305 468
41	9582	0.1	1	9079 503
42	3707	0.1	1	3576 131
43	710	0.1	1	627 83
44	1598	0.1	1	1487 111
45	3986	0.1	1	3841 145
46	2105	0.1	1	1974 131
47	4913	0.1	1	4771 142
48	1402	0.1	1	1246 156
49	5584	0.1	1	5390 194
50	1671	0.1	1	1589 82
51	1715	0.1	1	1620 95
52	3975	0.1	1	3778 197
53	2032	0.1	1	1956 76
54	2075	0.1	1	1996 79
55	693	0.1	1	638 55
56	1247	0.1	1	1172 75
57	3238	0.1	1	3130 108
58	873	0.1	1	809 64
59	1975	0.1	1	1896 79
60	1782	0.1	1	1717 65
61	631	0.1	1	577 54
62	1370	0.1	1	1304 66
63	2915	0.1	1	2792 123
64	441	0.1	1	385 56
65	1551	0.1	1	1472 79
66	1466	0.1	1	1379 87
67	1407	0.1	1	1321 86
68	1585	0.1	1	1486 99
69	1615	0.1	1	1480 135
70	1536	0.1	1	1436 100
71	1550	0.1	1	1391 159
72	1561	0.1	1	1347 214
73	2040	0.1	1	1816 224
74	1552	0.1	1	1403 149
75	273	0.1	1	183 90
76	142	0.1	1	84 58
77	296	0.1	1	245 51
78	310	0.1	1	252 58
79	352	0.1	1	290 62
80	315	0.1	1	261 54
81	298	0.1	1	247 51
82	281	0.1	1	222 59
83	306	0.1	1	267 39
84	373	0.1	1	331 42
85	412	0.1	1	353 59
86	433	0.1	1	393 40
87	418	0.1	1	342 76
88	332	0.1	1	274 58
89	321	0.1	1	282 39
90	288	0.1	1	263 25
91	242	0.1	1	205 37
92	202	0.1	1	161 41
93	171	0.1	1	145 26
94	190	0.1	1	157 33
95	163	0.1	1	120 43
96	191	0.1	1	147 44
97	180	0.1	1	139 41
98	182	0.1	1	149 33
99	249	0.1	1	188 61
100	185	0.1	1	141 44
101	210	0.1	1	147 63
102	177	0.1	1	117 60
103	209	0.1	1	132 77
104	155	0.1	1	99 56
105	148	0.1	1	108 40
106	120	0.1	1	98 22
107	131	0.1	1	87 44
108	137	0.1	1	94 43
109	120	0.1	1	91 29
110	138	0.1	1	68 70
111	171	0.1	1	85 86
112	135	0.1	1	93 42
113	122	0.1	1	83 39
114	143	0.1	1	94 49
115	130	0.1	1	74 56
116	254	0.1	1	94 160
117	117	0.1	1	56 61
118	108	0.1	1	46 62
119	119	0.1	1	57 62
120	122	0.1	1	48 74
121	131	0.1	1	56 75
122	115	0.1	1	35 80
123	121	0.1	1	41 80
124	91	0.1	1	36 55
125	121	0.1	1	49 72
126	101	0.1	1	47 54
127	94	0.1	1	37 57
128	138	0.1	1	39 99
129	122	0.1	1	51 71
130	107	0.1	1	28 79
131	132	0.1	1	66 66
132	132	0.1	1	54 78
133	98	0.1	1	31 67
134	170	0.1	1	37 133
135	147	0.1	1	21 126
136	174	0.1	1	28 146
137	158	0.1	1	30 128
138	419	0.1	1	41 378
139	287	0.1	1	61 226
140	193	0.1	1	16 177
141	300	0.1	1	26 274
142	310	0.1	1	26 284
143	406	0.1	1	33 373
144	382	0.1	1	26 356
145	527	0.1	1	49 478
146	792	0.1	1	26 766
147	1693	0.1	1	11 1682
148	4417	0.1	1	34 4383
149	17122	0.1	1	21 17101
150	1136008	0.1	1	46 1135962

RUN STATISTICS FOR INPUT FILE: SRX3411514_1.fastq.gz
=============================================
5670715 sequences processed in total

