
SUMMARISING RUN PARAMETERS
==========================
Input filename: SRX3411513_1.fastq.gz
Trimming mode: paired-end
Trim Galore version: 0.6.10
Cutadapt version: 4.4
Python version: could not detect
Number of cores used for trimming: 4
Quality Phred score cutoff: 20
Quality encoding type selected: ASCII+33
Using Illumina adapter for trimming (count: 111303). Second best hit was Nextera (count: 44)
Adapter sequence: 'AGATCGGAAGAGC' (Illumina TruSeq, Sanger iPCR; auto-detected)
Maximum trimming error rate: 0.1 (default)
Minimum required adapter overlap (stringency): 1 bp
Minimum required sequence length for both reads before a sequence pair gets removed: 20 bp
Running FastQC on the data once trimming has completed
Output file will be GZIP compressed


This is cutadapt 4.4 with Python 3.7.16
Command line parameters: -j 4 -e 0.1 -q 20 -O 1 -a AGATCGGAAGAGC SRX3411513_1.fastq.gz
Processing single-end reads on 4 cores ...
Finished in 99.409 s (13.178 µs/read; 4.55 M reads/minute).

=== Summary ===

Total reads processed:               7,543,296
Reads with adapters:                 4,465,334 (59.2%)
Reads written (passing filters):     7,543,296 (100.0%)

Total basepairs processed: 1,131,494,400 bp
Quality-trimmed:              24,329,055 bp (2.2%)
Total written (filtered):    739,079,600 bp (65.3%)

=== Adapter 1 ===

Sequence: AGATCGGAAGAGC; Type: regular 3'; Length: 13; Trimmed: 4465334 times

Minimum overlap: 1
No. of allowed errors:
1-9 bp: 0; 10-13 bp: 1

Bases preceding removed adapters:
  A: 12.8%
  C: 17.7%
  G: 10.7%
  T: 8.9%
  none/other: 49.9%

Overview of removed sequences
length	count	expect	max.err	error counts
1	881451	1885824.0	0	881451
2	123369	471456.0	0	123369
3	115623	117864.0	0	115623
4	25915	29466.0	0	25915
5	32189	7366.5	0	32189
6	19879	1841.6	0	19879
7	13653	460.4	0	13653
8	25198	115.1	0	25198
9	45767	28.8	0	45704 63
10	21452	7.2	1	20457 995
11	36643	1.8	1	34916 1727
12	4304	0.4	1	3543 761
13	46492	0.1	1	44891 1601
14	11527	0.1	1	10474 1053
15	51682	0.1	1	49698 1984
16	6391	0.1	1	5549 842
17	41767	0.1	1	39499 2268
18	11293	0.1	1	10592 701
19	23370	0.1	1	22591 779
20	17606	0.1	1	16646 960
21	32999	0.1	1	31948 1051
22	14480	0.1	1	13799 681
23	18662	0.1	1	17849 813
24	15836	0.1	1	14634 1202
25	27926	0.1	1	26671 1255
26	15735	0.1	1	15118 617
27	21540	0.1	1	20611 929
28	27276	0.1	1	25665 1611
29	30405	0.1	1	29060 1345
30	7683	0.1	1	7188 495
31	22538	0.1	1	21606 932
32	42318	0.1	1	41009 1309
33	16904	0.1	1	15954 950
34	28247	0.1	1	26805 1442
35	34156	0.1	1	33313 843
36	8341	0.1	1	7866 475
37	13823	0.1	1	13187 636
38	20396	0.1	1	19174 1222
39	11239	0.1	1	10858 381
40	6941	0.1	1	6458 483
41	11881	0.1	1	11189 692
42	13257	0.1	1	12275 982
43	24557	0.1	1	22523 2034
44	14212	0.1	1	13740 472
45	5171	0.1	1	4809 362
46	7423	0.1	1	7032 391
47	9801	0.1	1	9443 358
48	4596	0.1	1	4329 267
49	12812	0.1	1	12475 337
50	3805	0.1	1	3446 359
51	17188	0.1	1	16676 512
52	6831	0.1	1	6578 253
53	7088	0.1	1	6815 273
54	9682	0.1	1	9297 385
55	6369	0.1	1	6085 284
56	7167	0.1	1	6924 243
57	2094	0.1	1	1929 165
58	4707	0.1	1	4463 244
59	10172	0.1	1	9754 418
60	2438	0.1	1	2265 173
61	5374	0.1	1	5145 229
62	5535	0.1	1	5330 205
63	2043	0.1	1	1889 154
64	3807	0.1	1	3634 173
65	6040	0.1	1	5746 294
66	922	0.1	1	823 99
67	3941	0.1	1	3765 176
68	3410	0.1	1	3205 205
69	3239	0.1	1	2995 244
70	3821	0.1	1	3584 237
71	3764	0.1	1	3529 235
72	3417	0.1	1	3163 254
73	3293	0.1	1	2867 426
74	3772	0.1	1	3202 570
75	5632	0.1	1	4698 934
76	3834	0.1	1	3271 563
77	548	0.1	1	337 211
78	394	0.1	1	240 154
79	736	0.1	1	601 135
80	907	0.1	1	808 99
81	1024	0.1	1	910 114
82	1014	0.1	1	875 139
83	1009	0.1	1	863 146
84	979	0.1	1	856 123
85	877	0.1	1	785 92
86	860	0.1	1	715 145
87	1010	0.1	1	801 209
88	829	0.1	1	618 211
89	591	0.1	1	446 145
90	524	0.1	1	400 124
91	429	0.1	1	333 96
92	467	0.1	1	378 89
93	446	0.1	1	355 91
94	439	0.1	1	356 83
95	458	0.1	1	370 88
96	426	0.1	1	305 121
97	411	0.1	1	326 85
98	538	0.1	1	383 155
99	326	0.1	1	248 78
100	395	0.1	1	282 113
101	393	0.1	1	277 116
102	470	0.1	1	316 154
103	381	0.1	1	220 161
104	353	0.1	1	189 164
105	230	0.1	1	149 81
106	209	0.1	1	120 89
107	218	0.1	1	104 114
108	155	0.1	1	93 62
109	138	0.1	1	76 62
110	215	0.1	1	70 145
111	215	0.1	1	68 147
112	191	0.1	1	88 103
113	218	0.1	1	102 116
114	219	0.1	1	123 96
115	218	0.1	1	85 133
116	493	0.1	1	59 434
117	163	0.1	1	56 107
118	155	0.1	1	45 110
119	183	0.1	1	42 141
120	140	0.1	1	40 100
121	258	0.1	1	68 190
122	222	0.1	1	63 159
123	324	0.1	1	87 237
124	605	0.1	1	454 151
125	224	0.1	1	58 166
126	172	0.1	1	63 109
127	178	0.1	1	46 132
128	352	0.1	1	94 258
129	242	0.1	1	45 197
130	303	0.1	1	66 237
131	234	0.1	1	47 187
132	196	0.1	1	57 139
133	217	0.1	1	58 159
134	221	0.1	1	30 191
135	275	0.1	1	29 246
136	272	0.1	1	28 244
137	321	0.1	1	36 285
138	801	0.1	1	37 764
139	443	0.1	1	56 387
140	377	0.1	1	43 334
141	999	0.1	1	174 825
142	565	0.1	1	49 516
143	702	0.1	1	71 631
144	796	0.1	1	122 674
145	973	0.1	1	131 842
146	1527	0.1	1	160 1367
147	2876	0.1	1	17 2859
148	7551	0.1	1	16 7535
149	28763	0.1	1	23 28740
150	2177640	0.1	1	32 2177608

RUN STATISTICS FOR INPUT FILE: SRX3411513_1.fastq.gz
=============================================
7543296 sequences processed in total

