
SUMMARISING RUN PARAMETERS
==========================
Input filename: SRX3411518_1.fastq.gz
Trimming mode: paired-end
Trim Galore version: 0.6.10
Cutadapt version: 4.4
Python version: could not detect
Number of cores used for trimming: 4
Quality Phred score cutoff: 20
Quality encoding type selected: ASCII+33
Using Illumina adapter for trimming (count: 23072). Second best hit was Nextera (count: 174)
Adapter sequence: 'AGATCGGAAGAGC' (Illumina TruSeq, Sanger iPCR; auto-detected)
Maximum trimming error rate: 0.1 (default)
Minimum required adapter overlap (stringency): 1 bp
Minimum required sequence length for both reads before a sequence pair gets removed: 20 bp
Running FastQC on the data once trimming has completed
Output file will be GZIP compressed


This is cutadapt 4.4 with Python 3.7.16
Command line parameters: -j 4 -e 0.1 -q 20 -O 1 -a AGATCGGAAGAGC SRX3411518_1.fastq.gz
Processing single-end reads on 4 cores ...
Finished in 112.794 s (14.375 µs/read; 4.17 M reads/minute).

=== Summary ===

Total reads processed:               7,846,792
Reads with adapters:                 5,823,707 (74.2%)
Reads written (passing filters):     7,846,792 (100.0%)

Total basepairs processed: 1,177,018,800 bp
Quality-trimmed:               8,153,965 bp (0.7%)
Total written (filtered):    438,954,407 bp (37.3%)

=== Adapter 1 ===

Sequence: AGATCGGAAGAGC; Type: regular 3'; Length: 13; Trimmed: 5823707 times

Minimum overlap: 1
No. of allowed errors:
1-9 bp: 0; 10-13 bp: 1

Bases preceding removed adapters:
  A: 6.1%
  C: 4.7%
  G: 3.6%
  T: 3.0%
  none/other: 82.6%

Overview of removed sequences
length	count	expect	max.err	error counts
1	617384	1961698.0	0	617384
2	58408	490424.5	0	58408
3	44241	122606.1	0	44241
4	23368	30651.5	0	23368
5	13636	7662.9	0	13636
6	8907	1915.7	0	8907
7	5582	478.9	0	5582
8	8742	119.7	0	8742
9	12816	29.9	0	12783 33
10	5157	7.5	1	4695 462
11	9788	1.9	1	8963 825
12	2202	0.5	1	1743 459
13	10666	0.1	1	10082 584
14	3002	0.1	1	2657 345
15	11390	0.1	1	10730 660
16	1934	0.1	1	1603 331
17	10805	0.1	1	9952 853
18	3323	0.1	1	3040 283
19	7510	0.1	1	7137 373
20	4989	0.1	1	4526 463
21	9070	0.1	1	8712 358
22	3872	0.1	1	3605 267
23	4898	0.1	1	4570 328
24	4125	0.1	1	3736 389
25	5865	0.1	1	5459 406
26	3137	0.1	1	2967 170
27	4500	0.1	1	4258 242
28	5832	0.1	1	5400 432
29	5982	0.1	1	5659 323
30	1210	0.1	1	1080 130
31	4364	0.1	1	4067 297
32	5833	0.1	1	5566 267
33	1793	0.1	1	1589 204
34	6939	0.1	1	6538 401
35	1207	0.1	1	1090 117
36	3745	0.1	1	3512 233
37	2322	0.1	1	2203 119
38	3322	0.1	1	3109 213
39	5391	0.1	1	5065 326
40	3528	0.1	1	3367 161
41	4344	0.1	1	4087 257
42	2099	0.1	1	2021 78
43	844	0.1	1	766 78
44	1624	0.1	1	1533 91
45	2900	0.1	1	2784 116
46	1603	0.1	1	1496 107
47	3239	0.1	1	3116 123
48	848	0.1	1	756 92
49	2662	0.1	1	2546 116
50	1169	0.1	1	1111 58
51	1451	0.1	1	1375 76
52	1766	0.1	1	1644 122
53	1289	0.1	1	1217 72
54	1550	0.1	1	1494 56
55	567	0.1	1	505 62
56	1087	0.1	1	1018 69
57	1782	0.1	1	1682 100
58	567	0.1	1	517 50
59	1479	0.1	1	1407 72
60	1702	0.1	1	1635 67
61	611	0.1	1	554 57
62	1330	0.1	1	1256 74
63	1866	0.1	1	1771 95
64	327	0.1	1	289 38
65	1355	0.1	1	1295 60
66	941	0.1	1	874 67
67	969	0.1	1	886 83
68	1019	0.1	1	911 108
69	1070	0.1	1	932 138
70	1141	0.1	1	929 212
71	1109	0.1	1	822 287
72	1284	0.1	1	907 377
73	1647	0.1	1	1206 441
74	988	0.1	1	715 273
75	303	0.1	1	62 241
76	305	0.1	1	77 228
77	349	0.1	1	179 170
78	462	0.1	1	240 222
79	448	0.1	1	246 202
80	348	0.1	1	199 149
81	315	0.1	1	196 119
82	343	0.1	1	194 149
83	279	0.1	1	186 93
84	339	0.1	1	230 109
85	319	0.1	1	244 75
86	359	0.1	1	266 93
87	424	0.1	1	297 127
88	373	0.1	1	247 126
89	334	0.1	1	211 123
90	374	0.1	1	269 105
91	252	0.1	1	166 86
92	263	0.1	1	181 82
93	218	0.1	1	149 69
94	231	0.1	1	159 72
95	199	0.1	1	140 59
96	209	0.1	1	121 88
97	202	0.1	1	121 81
98	251	0.1	1	130 121
99	275	0.1	1	158 117
100	241	0.1	1	119 122
101	287	0.1	1	144 143
102	281	0.1	1	126 155
103	311	0.1	1	105 206
104	217	0.1	1	65 152
105	144	0.1	1	57 87
106	113	0.1	1	54 59
107	127	0.1	1	65 62
108	139	0.1	1	61 78
109	117	0.1	1	60 57
110	345	0.1	1	68 277
111	309	0.1	1	59 250
112	276	0.1	1	56 220
113	1331	0.1	1	248 1083
114	2238	0.1	1	83 2155
115	973	0.1	1	66 907
116	548	0.1	1	81 467
117	323	0.1	1	52 271
118	333	0.1	1	38 295
119	296	0.1	1	42 254
120	252	0.1	1	29 223
121	271	0.1	1	36 235
122	341	0.1	1	28 313
123	343	0.1	1	28 315
124	201	0.1	1	23 178
125	227	0.1	1	24 203
126	230	0.1	1	22 208
127	195	0.1	1	26 169
128	394	0.1	1	28 366
129	316	0.1	1	25 291
130	354	0.1	1	31 323
131	249	0.1	1	29 220
132	264	0.1	1	34 230
133	308	0.1	1	19 289
134	517	0.1	1	22 495
135	505	0.1	1	13 492
136	514	0.1	1	30 484
137	490	0.1	1	9 481
138	793	0.1	1	17 776
139	809	0.1	1	33 776
140	676	0.1	1	6 670
141	960	0.1	1	19 941
142	1162	0.1	1	13 1149
143	1361	0.1	1	28 1333
144	1564	0.1	1	19 1545
145	1934	0.1	1	28 1906
146	3186	0.1	1	18 3168
147	6881	0.1	1	12 6869
148	18817	0.1	1	19 18798
149	72722	0.1	1	27 72695
150	4689134	0.1	1	46 4689088

RUN STATISTICS FOR INPUT FILE: SRX3411518_1.fastq.gz
=============================================
7846792 sequences processed in total

