
SUMMARISING RUN PARAMETERS
==========================
Input filename: SRX3411525_1.fastq.gz
Trimming mode: paired-end
Trim Galore version: 0.6.10
Cutadapt version: 4.4
Python version: could not detect
Number of cores used for trimming: 4
Quality Phred score cutoff: 20
Quality encoding type selected: ASCII+33
Using Illumina adapter for trimming (count: 51284). Second best hit was Nextera (count: 45)
Adapter sequence: 'AGATCGGAAGAGC' (Illumina TruSeq, Sanger iPCR; auto-detected)
Maximum trimming error rate: 0.1 (default)
Minimum required adapter overlap (stringency): 1 bp
Minimum required sequence length for both reads before a sequence pair gets removed: 20 bp
Running FastQC on the data once trimming has completed
Output file will be GZIP compressed


This is cutadapt 4.4 with Python 3.7.16
Command line parameters: -j 4 -e 0.1 -q 20 -O 1 -a AGATCGGAAGAGC SRX3411525_1.fastq.gz
Processing single-end reads on 4 cores ...
Finished in 77.523 s (17.047 µs/read; 3.52 M reads/minute).

=== Summary ===

Total reads processed:               4,547,533
Reads with adapters:                 1,551,293 (34.1%)
Reads written (passing filters):     4,547,533 (100.0%)

Total basepairs processed:   682,129,950 bp
Quality-trimmed:              21,021,746 bp (3.1%)
Total written (filtered):    627,112,164 bp (91.9%)

=== Adapter 1 ===

Sequence: AGATCGGAAGAGC; Type: regular 3'; Length: 13; Trimmed: 1551293 times

Minimum overlap: 1
No. of allowed errors:
1-9 bp: 0; 10-13 bp: 1

Bases preceding removed adapters:
  A: 30.6%
  C: 21.7%
  G: 19.3%
  T: 18.1%
  none/other: 10.2%

Overview of removed sequences
length	count	expect	max.err	error counts
1	904458	1136883.2	0	904458
2	86975	284220.8	0	86975
3	50564	71055.2	0	50564
4	19937	17763.8	0	19937
5	15033	4441.0	0	15033
6	9022	1110.2	0	9022
7	6242	277.6	0	6242
8	8943	69.4	0	8943
9	15159	17.3	0	15133 26
10	6598	4.3	1	6139 459
11	12113	1.1	1	10978 1135
12	2266	0.3	1	1896 370
13	16056	0.1	1	15229 827
14	5347	0.1	1	4809 538
15	13998	0.1	1	12789 1209
16	2149	0.1	1	1763 386
17	16569	0.1	1	14547 2022
18	4078	0.1	1	3679 399
19	8754	0.1	1	8138 616
20	5825	0.1	1	5312 513
21	11799	0.1	1	11266 533
22	5101	0.1	1	4756 345
23	6381	0.1	1	5921 460
24	5591	0.1	1	4919 672
25	9354	0.1	1	8248 1106
26	4429	0.1	1	4124 305
27	6369	0.1	1	5858 511
28	8514	0.1	1	7855 659
29	7963	0.1	1	7481 482
30	1990	0.1	1	1853 137
31	5596	0.1	1	5347 249
32	8796	0.1	1	8457 339
33	2340	0.1	1	2150 190
34	7219	0.1	1	6736 483
35	6125	0.1	1	5681 444
36	1155	0.1	1	1046 109
37	3655	0.1	1	3402 253
38	4146	0.1	1	3785 361
39	3005	0.1	1	2845 160
40	3827	0.1	1	3542 285
41	7982	0.1	1	7202 780
42	5867	0.1	1	5602 265
43	5107	0.1	1	4859 248
44	1750	0.1	1	1676 74
45	748	0.1	1	695 53
46	1592	0.1	1	1528 64
47	3332	0.1	1	3197 135
48	1655	0.1	1	1584 71
49	3539	0.1	1	3411 128
50	1102	0.1	1	988 114
51	2932	0.1	1	2780 152
52	1497	0.1	1	1412 85
53	1970	0.1	1	1891 79
54	1782	0.1	1	1677 105
55	1292	0.1	1	1219 73
56	1455	0.1	1	1402 53
57	574	0.1	1	543 31
58	1262	0.1	1	1203 59
59	2390	0.1	1	2291 99
60	716	0.1	1	663 53
61	1637	0.1	1	1566 71
62	1326	0.1	1	1275 51
63	558	0.1	1	529 29
64	1119	0.1	1	1049 70
65	1596	0.1	1	1510 86
66	293	0.1	1	264 29
67	1385	0.1	1	1318 67
68	997	0.1	1	939 58
69	1043	0.1	1	979 64
70	1036	0.1	1	968 68
71	921	0.1	1	859 62
72	724	0.1	1	662 62
73	644	0.1	1	575 69
74	674	0.1	1	607 67
75	1000	0.1	1	893 107
76	619	0.1	1	541 78
77	77	0.1	1	48 29
78	68	0.1	1	58 10
79	128	0.1	1	112 16
80	135	0.1	1	117 18
81	159	0.1	1	139 20
82	169	0.1	1	141 28
83	166	0.1	1	147 19
84	193	0.1	1	163 30
85	172	0.1	1	155 17
86	198	0.1	1	173 25
87	187	0.1	1	160 27
88	150	0.1	1	135 15
89	133	0.1	1	109 24
90	117	0.1	1	105 12
91	118	0.1	1	105 13
92	126	0.1	1	108 18
93	94	0.1	1	76 18
94	104	0.1	1	80 24
95	78	0.1	1	65 13
96	99	0.1	1	70 29
97	130	0.1	1	98 32
98	117	0.1	1	82 35
99	104	0.1	1	82 22
100	106	0.1	1	76 30
101	102	0.1	1	69 33
102	96	0.1	1	73 23
103	112	0.1	1	74 38
104	116	0.1	1	81 35
105	101	0.1	1	73 28
106	102	0.1	1	81 21
107	144	0.1	1	103 41
108	170	0.1	1	119 51
109	107	0.1	1	76 31
110	110	0.1	1	62 48
111	118	0.1	1	79 39
112	105	0.1	1	74 31
113	103	0.1	1	73 30
114	83	0.1	1	59 24
115	69	0.1	1	39 30
116	87	0.1	1	48 39
117	64	0.1	1	44 20
118	49	0.1	1	29 20
119	44	0.1	1	25 19
120	51	0.1	1	32 19
121	46	0.1	1	26 20
122	37	0.1	1	21 16
123	47	0.1	1	27 20
124	56	0.1	1	37 19
125	57	0.1	1	38 19
126	50	0.1	1	29 21
127	47	0.1	1	27 20
128	50	0.1	1	30 20
129	32	0.1	1	22 10
130	34	0.1	1	16 18
131	46	0.1	1	29 17
132	36	0.1	1	27 9
133	43	0.1	1	21 22
134	29	0.1	1	10 19
135	53	0.1	1	25 28
136	54	0.1	1	19 35
137	55	0.1	1	18 37
138	119	0.1	1	21 98
139	74	0.1	1	24 50
140	62	0.1	1	25 37
141	84	0.1	1	20 64
142	71	0.1	1	22 49
143	104	0.1	1	40 64
144	109	0.1	1	38 71
145	107	0.1	1	38 69
146	182	0.1	1	41 141
147	329	0.1	1	19 310
148	658	0.1	1	9 649
149	2425	0.1	1	23 2402
150	153579	0.1	1	20 153559

RUN STATISTICS FOR INPUT FILE: SRX3411525_1.fastq.gz
=============================================
4547533 sequences processed in total

