
SUMMARISING RUN PARAMETERS
==========================
Input filename: SRX6700182_1.fastq.gz
Trimming mode: paired-end
Trim Galore version: 0.6.10
Cutadapt version: 4.4
Python version: could not detect
Number of cores used for trimming: 4
Quality Phred score cutoff: 20
Quality encoding type selected: ASCII+33
Using Illumina adapter for trimming (count: 138271). Second best hit was Nextera (count: 55)
Adapter sequence: 'AGATCGGAAGAGC' (Illumina TruSeq, Sanger iPCR; auto-detected)
Maximum trimming error rate: 0.1 (default)
Minimum required adapter overlap (stringency): 1 bp
Minimum required sequence length for both reads before a sequence pair gets removed: 20 bp
Running FastQC on the data once trimming has completed
Output file will be GZIP compressed


This is cutadapt 4.4 with Python 3.7.16
Command line parameters: -j 4 -e 0.1 -q 20 -O 1 -a AGATCGGAAGAGC SRX6700182_1.fastq.gz
Processing single-end reads on 4 cores ...
Finished in 282.574 s (6.401 µs/read; 9.37 M reads/minute).

=== Summary ===

Total reads processed:              44,142,686
Reads with adapters:                20,413,515 (46.2%)
Reads written (passing filters):    44,142,686 (100.0%)

Total basepairs processed: 5,561,978,436 bp
Quality-trimmed:              61,517,044 bp (1.1%)
Total written (filtered):  5,302,573,617 bp (95.3%)

=== Adapter 1 ===

Sequence: AGATCGGAAGAGC; Type: regular 3'; Length: 13; Trimmed: 20413515 times

Minimum overlap: 1
No. of allowed errors:
1-9 bp: 0; 10-13 bp: 1

Bases preceding removed adapters:
  A: 23.9%
  C: 26.7%
  G: 32.4%
  T: 16.9%
  none/other: 0.0%

Overview of removed sequences
length	count	expect	max.err	error counts
1	7946765	11035671.5	0	7946765
2	2131466	2758917.9	0	2131466
3	902367	689729.5	0	902367
4	415992	172432.4	0	415992
5	384867	43108.1	0	384867
6	387494	10777.0	0	387494
7	430826	2694.3	0	430826
8	348198	673.6	0	348198
9	415850	168.4	0	415391 459
10	336037	42.1	1	329406 6631
11	268167	10.5	1	263298 4869
12	344681	2.6	1	338538 6143
13	358914	0.7	1	351887 7027
14	261278	0.7	1	255996 5282
15	326097	0.7	1	318983 7114
16	263865	0.7	1	258039 5826
17	313500	0.7	1	305562 7938
18	268251	0.7	1	262711 5540
19	264918	0.7	1	259313 5605
20	273453	0.7	1	267197 6256
21	260376	0.7	1	254373 6003
22	244683	0.7	1	238951 5732
23	216895	0.7	1	212549 4346
24	239995	0.7	1	234712 5283
25	250168	0.7	1	244614 5554
26	144460	0.7	1	141547 2913
27	204235	0.7	1	199624 4611
28	218636	0.7	1	213754 4882
29	148830	0.7	1	145230 3600
30	153316	0.7	1	150092 3224
31	147642	0.7	1	144593 3049
32	192347	0.7	1	188516 3831
33	81621	0.7	1	79656 1965
34	156057	0.7	1	153260 2797
35	62909	0.7	1	61473 1436
36	98125	0.7	1	96113 2012
37	96955	0.7	1	94934 2021
38	118364	0.7	1	115955 2409
39	70726	0.7	1	69430 1296
40	83898	0.7	1	82423 1475
41	140594	0.7	1	138722 1872
42	24016	0.7	1	23635 381
43	23673	0.7	1	23374 299
44	21876	0.7	1	21651 225
45	37732	0.7	1	37272 460
46	34937	0.7	1	34564 373
47	37046	0.7	1	36556 490
48	26676	0.7	1	26353 323
49	29899	0.7	1	29508 391
50	21598	0.7	1	21293 305
51	22585	0.7	1	22294 291
52	22914	0.7	1	22571 343
53	18472	0.7	1	18257 215
54	10973	0.7	1	10832 141
55	15684	0.7	1	15473 211
56	9721	0.7	1	9589 132
57	10066	0.7	1	9944 122
58	8450	0.7	1	8337 113
59	7374	0.7	1	7286 88
60	5527	0.7	1	5445 82
61	7442	0.7	1	7350 92
62	5491	0.7	1	5420 71
63	5599	0.7	1	5530 69
64	3809	0.7	1	3757 52
65	3251	0.7	1	3208 43
66	3105	0.7	1	3066 39
67	2742	0.7	1	2693 49
68	2455	0.7	1	2418 37
69	2206	0.7	1	2160 46
70	2033	0.7	1	2003 30
71	1829	0.7	1	1792 37
72	1695	0.7	1	1624 71
73	2341	0.7	1	2025 316
74	4149	0.7	1	4072 77
75	1306	0.7	1	1275 31
76	384	0.7	1	375 9
77	169	0.7	1	161 8
78	74	0.7	1	68 6
79	51	0.7	1	47 4
80	45	0.7	1	33 12
81	16	0.7	1	14 2
82	8	0.7	1	6 2
83	9	0.7	1	6 3
84	12	0.7	1	5 7
85	7	0.7	1	3 4
86	10	0.7	1	2 8
87	5	0.7	1	1 4
88	8	0.7	1	2 6
89	7	0.7	1	1 6
90	4	0.7	1	1 3
91	10	0.7	1	1 9
92	12	0.7	1	1 11
93	10	0.7	1	1 9
94	22	0.7	1	0 22
95	15	0.7	1	0 15
96	5	0.7	1	0 5
97	3	0.7	1	2 1
98	3	0.7	1	0 3
99	11	0.7	1	0 11
100	9	0.7	1	0 9
101	1	0.7	1	0 1
102	1	0.7	1	0 1
103	5	0.7	1	0 5
104	7	0.7	1	2 5
105	5	0.7	1	0 5
106	7	0.7	1	1 6
107	3	0.7	1	0 3
108	1	0.7	1	1
109	2	0.7	1	0 2
110	3	0.7	1	0 3
111	2	0.7	1	1 1
112	3	0.7	1	0 3
113	3	0.7	1	0 3
114	5	0.7	1	0 5
115	4	0.7	1	0 4
116	7	0.7	1	0 7
117	12	0.7	1	0 12
118	9	0.7	1	0 9
119	8	0.7	1	0 8
120	7	0.7	1	0 7
121	7	0.7	1	0 7
122	2	0.7	1	0 2
123	7	0.7	1	1 6
124	1	0.7	1	0 1
125	2	0.7	1	0 2
126	2	0.7	1	0 2

RUN STATISTICS FOR INPUT FILE: SRX6700182_1.fastq.gz
=============================================
44142686 sequences processed in total

