
SUMMARISING RUN PARAMETERS
==========================
Input filename: SRX6700183_1.fastq.gz
Trimming mode: paired-end
Trim Galore version: 0.6.10
Cutadapt version: 4.4
Python version: could not detect
Number of cores used for trimming: 4
Quality Phred score cutoff: 20
Quality encoding type selected: ASCII+33
Using Illumina adapter for trimming (count: 132139). Second best hit was Nextera (count: 192)
Adapter sequence: 'AGATCGGAAGAGC' (Illumina TruSeq, Sanger iPCR; auto-detected)
Maximum trimming error rate: 0.1 (default)
Minimum required adapter overlap (stringency): 1 bp
Minimum required sequence length for both reads before a sequence pair gets removed: 20 bp
Running FastQC on the data once trimming has completed
Output file will be GZIP compressed


This is cutadapt 4.4 with Python 3.7.16
Command line parameters: -j 4 -e 0.1 -q 20 -O 1 -a AGATCGGAAGAGC SRX6700183_1.fastq.gz
Processing single-end reads on 4 cores ...
Finished in 193.965 s (6.409 µs/read; 9.36 M reads/minute).

=== Summary ===

Total reads processed:              30,265,252
Reads with adapters:                13,551,431 (44.8%)
Reads written (passing filters):    30,265,252 (100.0%)

Total basepairs processed: 3,813,421,752 bp
Quality-trimmed:              42,010,469 bp (1.1%)
Total written (filtered):  3,642,303,516 bp (95.5%)

=== Adapter 1 ===

Sequence: AGATCGGAAGAGC; Type: regular 3'; Length: 13; Trimmed: 13551431 times

Minimum overlap: 1
No. of allowed errors:
1-9 bp: 0; 10-13 bp: 1

Bases preceding removed adapters:
  A: 24.9%
  C: 27.8%
  G: 29.2%
  T: 18.1%
  none/other: 0.0%

Overview of removed sequences
length	count	expect	max.err	error counts
1	5517172	7566313.0	0	5517172
2	1297647	1891578.2	0	1297647
3	605498	472894.6	0	605498
4	275467	118223.6	0	275467
5	254148	29555.9	0	254148
6	251070	7389.0	0	251070
7	275132	1847.2	0	275132
8	208838	461.8	0	208838
9	260238	115.5	0	259827 411
10	214091	28.9	1	209940 4151
11	175455	7.2	1	172061 3394
12	217835	1.8	1	213808 4027
13	233824	0.5	1	228993 4831
14	167563	0.5	1	164026 3537
15	213705	0.5	1	208815 4890
16	165788	0.5	1	161887 3901
17	218507	0.5	1	212367 6140
18	195508	0.5	1	191132 4376
19	167661	0.5	1	163927 3734
20	204859	0.5	1	199757 5102
21	152419	0.5	1	149051 3368
22	159153	0.5	1	155661 3492
23	147725	0.5	1	144656 3069
24	150921	0.5	1	147404 3517
25	175053	0.5	1	170880 4173
26	79244	0.5	1	77370 1874
27	127267	0.5	1	124220 3047
28	143840	0.5	1	140418 3422
29	93922	0.5	1	91528 2394
30	103631	0.5	1	101245 2386
31	98786	0.5	1	96564 2222
32	123541	0.5	1	121013 2528
33	51911	0.5	1	50528 1383
34	92172	0.5	1	90316 1856
35	62313	0.5	1	60762 1551
36	68301	0.5	1	66829 1472
37	54464	0.5	1	53313 1151
38	61876	0.5	1	60644 1232
39	47497	0.5	1	46613 884
40	50940	0.5	1	50047 893
41	43108	0.5	1	42268 840
42	45484	0.5	1	44514 970
43	88786	0.5	1	87370 1416
44	7860	0.5	1	7634 226
45	9999	0.5	1	9827 172
46	6834	0.5	1	6711 123
47	17894	0.5	1	17663 231
48	16194	0.5	1	15963 231
49	17169	0.5	1	16890 279
50	14414	0.5	1	14241 173
51	13895	0.5	1	13652 243
52	10855	0.5	1	10690 165
53	11473	0.5	1	11304 169
54	11204	0.5	1	11041 163
55	9524	0.5	1	9362 162
56	5459	0.5	1	5376 83
57	7920	0.5	1	7797 123
58	5257	0.5	1	5147 110
59	4969	0.5	1	4878 91
60	4989	0.5	1	4911 78
61	3605	0.5	1	3542 63
62	2746	0.5	1	2705 41
63	4224	0.5	1	4165 59
64	2325	0.5	1	2298 27
65	2557	0.5	1	2504 53
66	2040	0.5	1	1985 55
67	1651	0.5	1	1615 36
68	1578	0.5	1	1544 34
69	1362	0.5	1	1330 32
70	1217	0.5	1	1191 26
71	1167	0.5	1	1134 33
72	989	0.5	1	942 47
73	912	0.5	1	860 52
74	967	0.5	1	848 119
75	1825	0.5	1	961 864
76	2161	0.5	1	1949 212
77	786	0.5	1	732 54
78	251	0.5	1	219 32
79	127	0.5	1	93 34
80	79	0.5	1	51 28
81	37	0.5	1	32 5
82	15	0.5	1	12 3
83	20	0.5	1	9 11
84	9	0.5	1	2 7
85	12	0.5	1	2 10
86	18	0.5	1	2 16
87	18	0.5	1	4 14
88	14	0.5	1	6 8
89	7	0.5	1	1 6
90	8	0.5	1	0 8
91	25	0.5	1	1 24
92	28	0.5	1	0 28
93	20	0.5	1	0 20
94	41	0.5	1	1 40
95	33	0.5	1	0 33
96	12	0.5	1	0 12
97	6	0.5	1	0 6
98	12	0.5	1	0 12
99	19	0.5	1	1 18
100	20	0.5	1	0 20
101	7	0.5	1	0 7
102	7	0.5	1	0 7
103	13	0.5	1	0 13
104	13	0.5	1	0 13
105	9	0.5	1	0 9
106	8	0.5	1	0 8
107	10	0.5	1	0 10
108	4	0.5	1	0 4
109	5	0.5	1	0 5
110	6	0.5	1	0 6
111	1	0.5	1	0 1
112	1	0.5	1	0 1
113	10	0.5	1	0 10
114	17	0.5	1	0 17
115	9	0.5	1	0 9
116	12	0.5	1	0 12
117	15	0.5	1	0 15
118	10	0.5	1	0 10
119	13	0.5	1	0 13
120	13	0.5	1	0 13
121	16	0.5	1	0 16
122	11	0.5	1	0 11
123	6	0.5	1	0 6
124	2	0.5	1	0 2
126	1	0.5	1	0 1

RUN STATISTICS FOR INPUT FILE: SRX6700183_1.fastq.gz
=============================================
30265252 sequences processed in total

