
SUMMARISING RUN PARAMETERS
==========================
Input filename: SRX6922026_1.fastq.gz
Trimming mode: paired-end
Trim Galore version: 0.6.10
Cutadapt version: 4.4
Python version: could not detect
Number of cores used for trimming: 4
Quality Phred score cutoff: 20
Quality encoding type selected: ASCII+33
Using Illumina adapter for trimming (count: 20737). Second best hit was Nextera (count: 0)
Adapter sequence: 'AGATCGGAAGAGC' (Illumina TruSeq, Sanger iPCR; auto-detected)
Maximum trimming error rate: 0.1 (default)
Minimum required adapter overlap (stringency): 1 bp
Minimum required sequence length for both reads before a sequence pair gets removed: 20 bp
Running FastQC on the data once trimming has completed
Output file will be GZIP compressed


This is cutadapt 4.4 with Python 3.7.16
Command line parameters: -j 4 -e 0.1 -q 20 -O 1 -a AGATCGGAAGAGC SRX6922026_1.fastq.gz
Processing single-end reads on 4 cores ...
Finished in 114.390 s (9.568 µs/read; 6.27 M reads/minute).

=== Summary ===

Total reads processed:              11,954,856
Reads with adapters:                 3,430,379 (28.7%)
Reads written (passing filters):    11,954,856 (100.0%)

Total basepairs processed: 1,793,228,400 bp
Quality-trimmed:              12,968,060 bp (0.7%)
Total written (filtered):  1,766,528,833 bp (98.5%)

=== Adapter 1 ===

Sequence: AGATCGGAAGAGC; Type: regular 3'; Length: 13; Trimmed: 3430379 times

Minimum overlap: 1
No. of allowed errors:
1-9 bp: 0; 10-13 bp: 1

Bases preceding removed adapters:
  A: 28.7%
  C: 32.7%
  G: 20.7%
  T: 17.9%
  none/other: 0.0%

Overview of removed sequences
length	count	expect	max.err	error counts
1	2199404	2988714.0	0	2199404
2	656292	747178.5	0	656292
3	143531	186794.6	0	143531
4	53664	46698.7	0	53664
5	25639	11674.7	0	25639
6	15882	2918.7	0	15882
7	15829	729.7	0	15829
8	10164	182.4	0	10164
9	7978	45.6	0	7822 156
10	11959	11.4	1	10842 1117
11	8606	2.9	1	7949 657
12	9851	0.7	1	8875 976
13	11477	0.2	1	10143 1334
14	8423	0.2	1	7813 610
15	9517	0.2	1	8610 907
16	8237	0.2	1	7667 570
17	9078	0.2	1	8229 849
18	9159	0.2	1	8305 854
19	8671	0.2	1	7920 751
20	8481	0.2	1	7689 792
21	8913	0.2	1	8035 878
22	10363	0.2	1	9197 1166
23	7401	0.2	1	6888 513
24	6364	0.2	1	5979 385
25	7240	0.2	1	6715 525
26	7124	0.2	1	6586 538
27	7181	0.2	1	6605 576
28	7955	0.2	1	7157 798
29	6148	0.2	1	5753 395
30	6725	0.2	1	6224 501
31	6628	0.2	1	6137 491
32	7225	0.2	1	6567 658
33	5066	0.2	1	4771 295
34	5931	0.2	1	5460 471
35	6459	0.2	1	5867 592
36	4567	0.2	1	4276 291
37	5420	0.2	1	5092 328
38	3706	0.2	1	3538 168
39	4276	0.2	1	4012 264
40	4718	0.2	1	4367 351
41	3606	0.2	1	3427 179
42	3746	0.2	1	3546 200
43	4960	0.2	1	4641 319
44	2715	0.2	1	2559 156
45	3246	0.2	1	3029 217
46	3030	0.2	1	2867 163
47	3487	0.2	1	3277 210
48	2272	0.2	1	2189 83
49	2497	0.2	1	2395 102
50	2435	0.2	1	2306 129
51	2419	0.2	1	2279 140
52	2307	0.2	1	2196 111
53	2152	0.2	1	2036 116
54	2017	0.2	1	1924 93
55	1795	0.2	1	1699 96
56	1788	0.2	1	1714 74
57	1549	0.2	1	1466 83
58	1744	0.2	1	1653 91
59	1559	0.2	1	1484 75
60	1267	0.2	1	1192 75
61	1321	0.2	1	1242 79
62	1374	0.2	1	1297 77
63	1309	0.2	1	1210 99
64	2615	0.2	1	2498 117
65	1316	0.2	1	1264 52
66	922	0.2	1	874 48
67	941	0.2	1	897 44
68	935	0.2	1	862 73
69	1324	0.2	1	998 326
70	3143	0.2	1	3018 125
71	683	0.2	1	642 41
72	218	0.2	1	192 26
73	126	0.2	1	98 28
74	103	0.2	1	83 20
75	114	0.2	1	90 24
76	100	0.2	1	88 12
77	108	0.2	1	89 19
78	88	0.2	1	66 22
79	73	0.2	1	62 11
80	64	0.2	1	53 11
81	78	0.2	1	56 22
82	79	0.2	1	55 24
83	53	0.2	1	42 11
84	55	0.2	1	44 11
85	35	0.2	1	26 9
86	42	0.2	1	31 11
87	41	0.2	1	36 5
88	45	0.2	1	38 7
89	47	0.2	1	32 15
90	34	0.2	1	23 11
91	32	0.2	1	19 13
92	30	0.2	1	25 5
93	26	0.2	1	16 10
94	22	0.2	1	16 6
95	23	0.2	1	19 4
96	24	0.2	1	20 4
97	23	0.2	1	17 6
98	23	0.2	1	17 6
99	17	0.2	1	12 5
100	26	0.2	1	14 12
101	23	0.2	1	13 10
102	24	0.2	1	14 10
103	21	0.2	1	10 11
104	17	0.2	1	7 10
105	14	0.2	1	7 7
106	14	0.2	1	10 4
107	15	0.2	1	12 3
108	17	0.2	1	12 5
109	23	0.2	1	13 10
110	24	0.2	1	13 11
111	11	0.2	1	5 6
112	51	0.2	1	13 38
113	20	0.2	1	11 9
114	20	0.2	1	12 8
115	24	0.2	1	7 17
116	30	0.2	1	12 18
117	11	0.2	1	7 4
118	24	0.2	1	11 13
119	22	0.2	1	5 17
120	10	0.2	1	4 6
121	12	0.2	1	5 7
122	36	0.2	1	7 29
123	13	0.2	1	3 10
124	37	0.2	1	10 27
125	20	0.2	1	8 12
126	10	0.2	1	4 6
127	10	0.2	1	3 7
128	20	0.2	1	2 18
129	22	0.2	1	2 20
130	8	0.2	1	3 5
131	13	0.2	1	2 11
132	7	0.2	1	3 4
133	4	0.2	1	0 4
134	5	0.2	1	1 4
135	7	0.2	1	0 7
136	10	0.2	1	1 9
137	23	0.2	1	3 20
138	13	0.2	1	1 12
139	9	0.2	1	1 8
140	6	0.2	1	2 4
141	26	0.2	1	0 26
142	8	0.2	1	2 6
143	12	0.2	1	1 11
144	20	0.2	1	0 20
145	7	0.2	1	0 7
146	18	0.2	1	3 15
147	6	0.2	1	0 6
148	5	0.2	1	0 5
149	11	0.2	1	0 11
150	91	0.2	1	0 91

RUN STATISTICS FOR INPUT FILE: SRX6922026_1.fastq.gz
=============================================
11954856 sequences processed in total

