
SUMMARISING RUN PARAMETERS
==========================
Input filename: SRX6700169_1.fastq.gz
Trimming mode: paired-end
Trim Galore version: 0.6.10
Cutadapt version: 4.4
Python version: could not detect
Number of cores used for trimming: 4
Quality Phred score cutoff: 20
Quality encoding type selected: ASCII+33
Using Illumina adapter for trimming (count: 102983). Second best hit was Nextera (count: 122)
Adapter sequence: 'AGATCGGAAGAGC' (Illumina TruSeq, Sanger iPCR; auto-detected)
Maximum trimming error rate: 0.1 (default)
Minimum required adapter overlap (stringency): 1 bp
Minimum required sequence length for both reads before a sequence pair gets removed: 20 bp
Running FastQC on the data once trimming has completed
Output file will be GZIP compressed


This is cutadapt 4.4 with Python 3.7.16
Command line parameters: -j 4 -e 0.1 -q 20 -O 1 -a AGATCGGAAGAGC SRX6700169_1.fastq.gz
Processing single-end reads on 4 cores ...
Finished in 236.669 s (6.691 µs/read; 8.97 M reads/minute).

=== Summary ===

Total reads processed:              35,372,372
Reads with adapters:                16,379,644 (46.3%)
Reads written (passing filters):    35,372,372 (100.0%)

Total basepairs processed: 4,456,918,872 bp
Quality-trimmed:              83,701,166 bp (1.9%)
Total written (filtered):  4,253,216,420 bp (95.4%)

=== Adapter 1 ===

Sequence: AGATCGGAAGAGC; Type: regular 3'; Length: 13; Trimmed: 16379644 times

Minimum overlap: 1
No. of allowed errors:
1-9 bp: 0; 10-13 bp: 1

Bases preceding removed adapters:
  A: 29.1%
  C: 27.6%
  G: 25.7%
  T: 17.7%
  none/other: 0.0%

Overview of removed sequences
length	count	expect	max.err	error counts
1	8471052	8843093.0	0	8471052
2	1389404	2210773.2	0	1389404
3	868465	552693.3	0	868465
4	277419	138173.3	0	277419
5	248243	34543.3	0	248243
6	241834	8635.8	0	241834
7	213994	2159.0	0	213994
8	214547	539.7	0	214547
9	308818	134.9	0	308435 383
10	138513	33.7	1	133915 4598
11	238544	8.4	1	231156 7388
12	209497	2.1	1	203635 5862
13	174176	0.5	1	169136 5040
14	216715	0.5	1	209662 7053
15	160745	0.5	1	155031 5714
16	210765	0.5	1	201974 8791
17	197497	0.5	1	188800 8697
18	167654	0.5	1	161985 5669
19	155200	0.5	1	150347 4853
20	154875	0.5	1	149491 5384
21	135255	0.5	1	130923 4332
22	122905	0.5	1	118831 4074
23	133823	0.5	1	129334 4489
24	167388	0.5	1	161312 6076
25	156937	0.5	1	151229 5708
26	70477	0.5	1	67884 2593
27	117233	0.5	1	113361 3872
28	107561	0.5	1	104189 3372
29	100981	0.5	1	97543 3438
30	76483	0.5	1	74007 2476
31	97486	0.5	1	94514 2972
32	61100	0.5	1	59222 1878
33	100870	0.5	1	97607 3263
34	55310	0.5	1	53657 1653
35	87624	0.5	1	84834 2790
36	45862	0.5	1	44506 1356
37	60093	0.5	1	58573 1520
38	33728	0.5	1	32660 1068
39	54013	0.5	1	52562 1451
40	40557	0.5	1	39483 1074
41	97224	0.5	1	95294 1930
42	6902	0.5	1	6667 235
43	5729	0.5	1	5528 201
44	3996	0.5	1	3867 129
45	14112	0.5	1	13826 286
46	13867	0.5	1	13578 289
47	14688	0.5	1	14350 338
48	15741	0.5	1	15412 329
49	14204	0.5	1	13876 328
50	11629	0.5	1	11326 303
51	12807	0.5	1	12512 295
52	12107	0.5	1	11838 269
53	8621	0.5	1	8390 231
54	6319	0.5	1	6164 155
55	8240	0.5	1	8063 177
56	4982	0.5	1	4861 121
57	5031	0.5	1	4899 132
58	4316	0.5	1	4149 167
59	3684	0.5	1	3588 96
60	2866	0.5	1	2783 83
61	3943	0.5	1	3857 86
62	2676	0.5	1	2616 60
63	3023	0.5	1	2969 54
64	1882	0.5	1	1845 37
65	1875	0.5	1	1829 46
66	1741	0.5	1	1683 58
67	1588	0.5	1	1548 40
68	1430	0.5	1	1383 47
69	1190	0.5	1	1143 47
70	1103	0.5	1	1065 38
71	991	0.5	1	938 53
72	1085	0.5	1	973 112
73	1551	0.5	1	1013 538
74	2408	0.5	1	2180 228
75	968	0.5	1	910 58
76	392	0.5	1	355 37
77	187	0.5	1	158 29
78	99	0.5	1	78 21
79	70	0.5	1	53 17
80	69	0.5	1	39 30
81	35	0.5	1	30 5
82	26	0.5	1	15 11
83	22	0.5	1	12 10
84	16	0.5	1	8 8
85	22	0.5	1	7 15
86	18	0.5	1	2 16
87	33	0.5	1	4 29
88	9	0.5	1	3 6
89	11	0.5	1	0 11
90	7	0.5	1	0 7
91	33	0.5	1	3 30
92	32	0.5	1	1 31
93	21	0.5	1	0 21
94	60	0.5	1	0 60
95	37	0.5	1	0 37
96	15	0.5	1	1 14
97	12	0.5	1	0 12
98	15	0.5	1	0 15
99	22	0.5	1	0 22
100	56	0.5	1	0 56
101	7	0.5	1	0 7
102	4	0.5	1	0 4
103	7	0.5	1	0 7
104	17	0.5	1	0 17
105	9	0.5	1	0 9
106	5	0.5	1	1 4
107	2	0.5	1	0 2
108	2	0.5	1	0 2
109	1	0.5	1	0 1
110	5	0.5	1	0 5
111	8	0.5	1	0 8
112	2	0.5	1	1 1
113	2	0.5	1	0 2
114	13	0.5	1	0 13
115	12	0.5	1	0 12
116	13	0.5	1	0 13
117	13	0.5	1	0 13
118	5	0.5	1	0 5
119	4	0.5	1	0 4
120	14	0.5	1	0 14
121	7	0.5	1	0 7
122	4	0.5	1	0 4
123	5	0.5	1	0 5
124	2	0.5	1	0 2

RUN STATISTICS FOR INPUT FILE: SRX6700169_1.fastq.gz
=============================================
35372372 sequences processed in total

