
SUMMARISING RUN PARAMETERS
==========================
Input filename: SRX6700185_1.fastq.gz
Trimming mode: paired-end
Trim Galore version: 0.6.10
Cutadapt version: 4.4
Python version: could not detect
Number of cores used for trimming: 4
Quality Phred score cutoff: 20
Quality encoding type selected: ASCII+33
Using Illumina adapter for trimming (count: 128841). Second best hit was Nextera (count: 162)
Adapter sequence: 'AGATCGGAAGAGC' (Illumina TruSeq, Sanger iPCR; auto-detected)
Maximum trimming error rate: 0.1 (default)
Minimum required adapter overlap (stringency): 1 bp
Minimum required sequence length for both reads before a sequence pair gets removed: 20 bp
Running FastQC on the data once trimming has completed
Output file will be GZIP compressed


This is cutadapt 4.4 with Python 3.7.16
Command line parameters: -j 4 -e 0.1 -q 20 -O 1 -a AGATCGGAAGAGC SRX6700185_1.fastq.gz
Processing single-end reads on 4 cores ...
Finished in 253.133 s (6.492 µs/read; 9.24 M reads/minute).

=== Summary ===

Total reads processed:              38,994,162
Reads with adapters:                17,483,769 (44.8%)
Reads written (passing filters):    38,994,162 (100.0%)

Total basepairs processed: 4,913,264,412 bp
Quality-trimmed:              54,156,098 bp (1.1%)
Total written (filtered):  4,695,359,560 bp (95.6%)

=== Adapter 1 ===

Sequence: AGATCGGAAGAGC; Type: regular 3'; Length: 13; Trimmed: 17483769 times

Minimum overlap: 1
No. of allowed errors:
1-9 bp: 0; 10-13 bp: 1

Bases preceding removed adapters:
  A: 24.6%
  C: 29.1%
  G: 28.0%
  T: 18.3%
  none/other: 0.0%

Overview of removed sequences
length	count	expect	max.err	error counts
1	7103597	9748540.5	0	7103597
2	1718975	2437135.1	0	1718975
3	777243	609283.8	0	777243
4	361689	152320.9	0	361689
5	327815	38080.2	0	327815
6	330642	9520.1	0	330642
7	364913	2380.0	0	364913
8	273814	595.0	0	273814
9	329943	148.8	0	329310 633
10	294800	37.2	1	286389 8411
11	221225	9.3	1	214837 6388
12	297347	2.3	1	288757 8590
13	308070	0.6	1	298435 9635
14	217207	0.6	1	210097 7110
15	284361	0.6	1	274743 9618
16	217524	0.6	1	209989 7535
17	266838	0.6	1	256919 9919
18	242591	0.6	1	234529 8062
19	228659	0.6	1	220972 7687
20	247544	0.6	1	238384 9160
21	219006	0.6	1	211007 7999
22	218255	0.6	1	210117 8138
23	181509	0.6	1	175394 6115
24	190630	0.6	1	183753 6877
25	211891	0.6	1	204340 7551
26	110975	0.6	1	106937 4038
27	160627	0.6	1	154774 5853
28	178012	0.6	1	171274 6738
29	124948	0.6	1	120144 4804
30	121390	0.6	1	117174 4216
31	129167	0.6	1	124398 4769
32	155895	0.6	1	150534 5361
33	66500	0.6	1	63883 2617
34	112814	0.6	1	108943 3871
35	110586	0.6	1	107107 3479
36	57597	0.6	1	55612 1985
37	80768	0.6	1	78324 2444
38	46782	0.6	1	45572 1210
39	67099	0.6	1	65158 1941
40	80491	0.6	1	78106 2385
41	67345	0.6	1	65554 1791
42	29509	0.6	1	28590 919
43	80486	0.6	1	78553 1933
44	14608	0.6	1	14149 459
45	15123	0.6	1	14696 427
46	13909	0.6	1	13572 337
47	21037	0.6	1	20513 524
48	20231	0.6	1	19705 526
49	21340	0.6	1	20718 622
50	16393	0.6	1	15930 463
51	17078	0.6	1	16566 512
52	13851	0.6	1	13450 401
53	13562	0.6	1	13166 396
54	12943	0.6	1	12554 389
55	12149	0.6	1	11793 356
56	6724	0.6	1	6532 192
57	9001	0.6	1	8716 285
58	6321	0.6	1	6086 235
59	6149	0.6	1	5940 209
60	5479	0.6	1	5322 157
61	4333	0.6	1	4209 124
62	3245	0.6	1	3159 86
63	4832	0.6	1	4692 140
64	2888	0.6	1	2788 100
65	2961	0.6	1	2848 113
66	2588	0.6	1	2489 99
67	1824	0.6	1	1741 83
68	1804	0.6	1	1728 76
69	1596	0.6	1	1509 87
70	1459	0.6	1	1380 79
71	1300	0.6	1	1222 78
72	1251	0.6	1	1136 115
73	1264	0.6	1	1081 183
74	1395	0.6	1	986 409
75	3006	0.6	1	1170 1836
76	2723	0.6	1	2231 492
77	923	0.6	1	822 101
78	271	0.6	1	213 58
79	109	0.6	1	61 48
80	70	0.6	1	44 26
81	20	0.6	1	7 13
82	15	0.6	1	8 7
83	18	0.6	1	5 13
84	16	0.6	1	3 13
85	15	0.6	1	3 12
86	26	0.6	1	1 25
87	33	0.6	1	1 32
88	21	0.6	1	2 19
89	22	0.6	1	0 22
90	19	0.6	1	0 19
91	36	0.6	1	1 35
92	45	0.6	1	0 45
93	26	0.6	1	1 25
94	48	0.6	1	0 48
95	50	0.6	1	0 50
96	23	0.6	1	0 23
97	17	0.6	1	0 17
98	18	0.6	1	0 18
99	24	0.6	1	0 24
100	38	0.6	1	0 38
101	14	0.6	1	0 14
102	13	0.6	1	0 13
103	16	0.6	1	0 16
104	22	0.6	1	0 22
105	26	0.6	1	0 26
106	13	0.6	1	1 12
107	9	0.6	1	0 9
108	8	0.6	1	0 8
109	5	0.6	1	0 5
110	10	0.6	1	0 10
111	15	0.6	1	0 15
112	17	0.6	1	0 17
113	10	0.6	1	0 10
114	17	0.6	1	0 17
115	24	0.6	1	0 24
116	22	0.6	1	0 22
117	31	0.6	1	0 31
118	23	0.6	1	0 23
119	19	0.6	1	0 19
120	23	0.6	1	0 23
121	28	0.6	1	0 28
122	28	0.6	1	0 28
123	10	0.6	1	0 10
124	4	0.6	1	0 4
125	5	0.6	1	0 5
126	8	0.6	1	0 8

RUN STATISTICS FOR INPUT FILE: SRX6700185_1.fastq.gz
=============================================
38994162 sequences processed in total

