
SUMMARISING RUN PARAMETERS
==========================
Input filename: SRX6700176_1.fastq.gz
Trimming mode: paired-end
Trim Galore version: 0.6.10
Cutadapt version: 4.4
Python version: could not detect
Number of cores used for trimming: 4
Quality Phred score cutoff: 20
Quality encoding type selected: ASCII+33
Using Illumina adapter for trimming (count: 147668). Second best hit was Nextera (count: 377)
Adapter sequence: 'AGATCGGAAGAGC' (Illumina TruSeq, Sanger iPCR; auto-detected)
Maximum trimming error rate: 0.1 (default)
Minimum required adapter overlap (stringency): 1 bp
Minimum required sequence length for both reads before a sequence pair gets removed: 20 bp
Running FastQC on the data once trimming has completed
Output file will be GZIP compressed


This is cutadapt 4.4 with Python 3.7.16
Command line parameters: -j 4 -e 0.1 -q 20 -O 1 -a AGATCGGAAGAGC SRX6700176_1.fastq.gz
Processing single-end reads on 4 cores ...
Finished in 274.172 s (6.617 µs/read; 9.07 M reads/minute).

=== Summary ===

Total reads processed:              41,437,418
Reads with adapters:                20,125,844 (48.6%)
Reads written (passing filters):    41,437,418 (100.0%)

Total basepairs processed: 5,221,114,668 bp
Quality-trimmed:              53,392,983 bp (1.0%)
Total written (filtered):  4,971,100,123 bp (95.2%)

=== Adapter 1 ===

Sequence: AGATCGGAAGAGC; Type: regular 3'; Length: 13; Trimmed: 20125844 times

Minimum overlap: 1
No. of allowed errors:
1-9 bp: 0; 10-13 bp: 1

Bases preceding removed adapters:
  A: 26.4%
  C: 27.5%
  G: 28.8%
  T: 17.2%
  none/other: 0.0%

Overview of removed sequences
length	count	expect	max.err	error counts
1	8012429	10359354.5	0	8012429
2	1899907	2589838.6	0	1899907
3	910495	647459.7	0	910495
4	395081	161864.9	0	395081
5	380893	40466.2	0	380893
6	376364	10116.6	0	376364
7	408637	2529.1	0	408637
8	313466	632.3	0	313466
9	390586	158.1	0	389691 895
10	309222	39.5	1	302494 6728
11	271780	9.9	1	266014 5766
12	345372	2.5	1	338040 7332
13	364095	0.6	1	355930 8165
14	261812	0.6	1	255824 5988
15	334477	0.6	1	326555 7922
16	235691	0.6	1	229999 5692
17	315310	0.6	1	306405 8905
18	311742	0.6	1	304271 7471
19	239870	0.6	1	234463 5407
20	302920	0.6	1	295845 7075
21	216936	0.6	1	212081 4855
22	242359	0.6	1	236882 5477
23	226171	0.6	1	221356 4815
24	235746	0.6	1	229935 5811
25	273461	0.6	1	266620 6841
26	129442	0.6	1	126419 3023
27	201145	0.6	1	196048 5097
28	229515	0.6	1	223908 5607
29	137688	0.6	1	134045 3643
30	163757	0.6	1	159826 3931
31	145453	0.6	1	142005 3448
32	182437	0.6	1	178285 4152
33	85081	0.6	1	82747 2334
34	138118	0.6	1	134788 3330
35	103211	0.6	1	100900 2311
36	111943	0.6	1	109315 2628
37	89580	0.6	1	87326 2254
38	89630	0.6	1	87510 2120
39	78821	0.6	1	77174 1647
40	99192	0.6	1	97063 2129
41	59901	0.6	1	58614 1287
42	70420	0.6	1	68961 1459
43	85861	0.6	1	84269 1592
44	22955	0.6	1	22546 409
45	24005	0.6	1	23494 511
46	19159	0.6	1	18795 364
47	30303	0.6	1	29755 548
48	25595	0.6	1	25178 417
49	29603	0.6	1	29085 518
50	19394	0.6	1	19138 256
51	22981	0.6	1	22532 449
52	16590	0.6	1	16291 299
53	17714	0.6	1	17369 345
54	17970	0.6	1	17608 362
55	15773	0.6	1	15494 279
56	7890	0.6	1	7726 164
57	12039	0.6	1	11796 243
58	7670	0.6	1	7433 237
59	7506	0.6	1	7351 155
60	6760	0.6	1	6620 140
61	5273	0.6	1	5199 74
62	3958	0.6	1	3883 75
63	6343	0.6	1	6221 122
64	3505	0.6	1	3451 54
65	3844	0.6	1	3753 91
66	3132	0.6	1	3033 99
67	2270	0.6	1	2218 52
68	2095	0.6	1	2048 47
69	1916	0.6	1	1862 54
70	1523	0.6	1	1475 48
71	1402	0.6	1	1366 36
72	1252	0.6	1	1194 58
73	1296	0.6	1	1227 69
74	1362	0.6	1	1198 164
75	2051	0.6	1	1309 742
76	2713	0.6	1	2547 166
77	740	0.6	1	705 35
78	162	0.6	1	141 21
79	86	0.6	1	45 41
80	64	0.6	1	10 54
81	28	0.6	1	11 17
82	11	0.6	1	5 6
83	12	0.6	1	6 6
84	9	0.6	1	2 7
85	11	0.6	1	1 10
86	22	0.6	1	1 21
87	23	0.6	1	0 23
88	14	0.6	1	0 14
89	26	0.6	1	1 25
90	14	0.6	1	0 14
91	56	0.6	1	1 55
92	64	0.6	1	2 62
93	41	0.6	1	1 40
94	55	0.6	1	0 55
95	96	0.6	1	1 95
96	12	0.6	1	0 12
97	10	0.6	1	0 10
98	16	0.6	1	0 16
99	29	0.6	1	0 29
100	67	0.6	1	2 65
101	10	0.6	1	1 9
102	7	0.6	1	0 7
103	13	0.6	1	0 13
104	22	0.6	1	0 22
105	27	0.6	1	0 27
106	14	0.6	1	0 14
107	6	0.6	1	0 6
108	4	0.6	1	0 4
109	5	0.6	1	0 5
110	6	0.6	1	0 6
111	13	0.6	1	0 13
112	10	0.6	1	0 10
113	12	0.6	1	0 12
114	21	0.6	1	0 21
115	17	0.6	1	1 16
116	17	0.6	1	0 17
117	28	0.6	1	0 28
118	14	0.6	1	0 14
119	12	0.6	1	0 12
120	12	0.6	1	0 12
121	17	0.6	1	0 17
122	11	0.6	1	0 11
123	8	0.6	1	0 8
124	8	0.6	1	0 8
126	3	0.6	1	0 3

RUN STATISTICS FOR INPUT FILE: SRX6700176_1.fastq.gz
=============================================
41437418 sequences processed in total

