
SUMMARISING RUN PARAMETERS
==========================
Input filename: SRX6922024_1.fastq.gz
Trimming mode: paired-end
Trim Galore version: 0.6.10
Cutadapt version: 4.4
Python version: could not detect
Number of cores used for trimming: 4
Quality Phred score cutoff: 20
Quality encoding type selected: ASCII+33
Using Illumina adapter for trimming (count: 26800). Second best hit was Nextera (count: 0)
Adapter sequence: 'AGATCGGAAGAGC' (Illumina TruSeq, Sanger iPCR; auto-detected)
Maximum trimming error rate: 0.1 (default)
Minimum required adapter overlap (stringency): 1 bp
Minimum required sequence length for both reads before a sequence pair gets removed: 20 bp
Running FastQC on the data once trimming has completed
Output file will be GZIP compressed


This is cutadapt 4.4 with Python 3.7.16
Command line parameters: -j 4 -e 0.1 -q 20 -O 1 -a AGATCGGAAGAGC SRX6922024_1.fastq.gz
Processing single-end reads on 4 cores ...
Finished in 79.312 s (8.278 µs/read; 7.25 M reads/minute).

=== Summary ===

Total reads processed:               9,580,513
Reads with adapters:                 3,398,691 (35.5%)
Reads written (passing filters):     9,580,513 (100.0%)

Total basepairs processed: 1,437,076,950 bp
Quality-trimmed:               3,047,031 bp (0.2%)
Total written (filtered):  1,420,554,517 bp (98.9%)

=== Adapter 1 ===

Sequence: AGATCGGAAGAGC; Type: regular 3'; Length: 13; Trimmed: 3398691 times

Minimum overlap: 1
No. of allowed errors:
1-9 bp: 0; 10-13 bp: 1

Bases preceding removed adapters:
  A: 31.2%
  C: 30.9%
  G: 20.5%
  T: 17.3%
  none/other: 0.1%

Overview of removed sequences
length	count	expect	max.err	error counts
1	2281361	2395128.2	0	2281361
2	541533	598782.1	0	541533
3	156693	149695.5	0	156693
4	47703	37423.9	0	47703
5	22900	9356.0	0	22900
6	13792	2339.0	0	13792
7	11673	584.7	0	11673
8	11419	146.2	0	11419
9	10875	36.5	0	10715 160
10	11285	9.1	1	10650 635
11	11120	2.3	1	10581 539
12	10545	0.6	1	10116 429
13	10238	0.1	1	9745 493
14	9818	0.1	1	9460 358
15	9138	0.1	1	8829 309
16	9238	0.1	1	8913 325
17	9282	0.1	1	8928 354
18	9378	0.1	1	9042 336
19	8595	0.1	1	8352 243
20	8615	0.1	1	8324 291
21	8578	0.1	1	8239 339
22	8373	0.1	1	8095 278
23	7905	0.1	1	7599 306
24	7729	0.1	1	7425 304
25	7384	0.1	1	7127 257
26	6981	0.1	1	6761 220
27	7052	0.1	1	6844 208
28	6957	0.1	1	6715 242
29	7215	0.1	1	7000 215
30	6629	0.1	1	6411 218
31	6478	0.1	1	6346 132
32	6174	0.1	1	6011 163
33	5880	0.1	1	5734 146
34	5688	0.1	1	5529 159
35	5454	0.1	1	5301 153
36	4938	0.1	1	4792 146
37	4914	0.1	1	4767 147
38	4459	0.1	1	4343 116
39	4278	0.1	1	4167 111
40	3929	0.1	1	3839 90
41	4136	0.1	1	4047 89
42	4050	0.1	1	3954 96
43	3924	0.1	1	3806 118
44	3410	0.1	1	3322 88
45	4575	0.1	1	4484 91
46	2079	0.1	1	2042 37
47	2354	0.1	1	2319 35
48	2480	0.1	1	2436 44
49	2342	0.1	1	2285 57
50	2340	0.1	1	2293 47
51	2192	0.1	1	2152 40
52	2065	0.1	1	2018 47
53	1965	0.1	1	1923 42
54	1883	0.1	1	1851 32
55	1665	0.1	1	1629 36
56	1549	0.1	1	1533 16
57	1472	0.1	1	1439 33
58	1328	0.1	1	1294 34
59	1219	0.1	1	1186 33
60	1048	0.1	1	1016 32
61	1091	0.1	1	1078 13
62	1003	0.1	1	984 19
63	993	0.1	1	965 28
64	836	0.1	1	814 22
65	780	0.1	1	750 30
66	758	0.1	1	741 17
67	690	0.1	1	663 27
68	642	0.1	1	612 30
69	686	0.1	1	648 38
70	654	0.1	1	587 67
71	2410	0.1	1	661 1749
72	4055	0.1	1	3534 521
73	876	0.1	1	729 147
74	322	0.1	1	222 100
75	180	0.1	1	101 79
76	136	0.1	1	87 49
77	105	0.1	1	72 33
78	81	0.1	1	63 18
79	69	0.1	1	58 11
80	60	0.1	1	47 13
81	60	0.1	1	41 19
82	71	0.1	1	48 23
83	68	0.1	1	53 15
84	52	0.1	1	38 14
85	50	0.1	1	31 19
86	37	0.1	1	28 9
87	40	0.1	1	25 15
88	39	0.1	1	27 12
89	35	0.1	1	24 11
90	48	0.1	1	21 27
91	28	0.1	1	18 10
92	20	0.1	1	14 6
93	35	0.1	1	20 15
94	22	0.1	1	14 8
95	24	0.1	1	11 13
96	26	0.1	1	11 15
97	19	0.1	1	13 6
98	26	0.1	1	18 8
99	15	0.1	1	9 6
100	22	0.1	1	17 5
101	24	0.1	1	17 7
102	25	0.1	1	10 15
103	27	0.1	1	15 12
104	27	0.1	1	9 18
105	13	0.1	1	7 6
106	13	0.1	1	8 5
107	16	0.1	1	6 10
108	12	0.1	1	10 2
109	28	0.1	1	16 12
110	22	0.1	1	10 12
111	13	0.1	1	7 6
112	20	0.1	1	5 15
113	20	0.1	1	13 7
114	12	0.1	1	8 4
115	14	0.1	1	5 9
116	24	0.1	1	7 17
117	20	0.1	1	9 11
118	14	0.1	1	6 8
119	23	0.1	1	3 20
120	10	0.1	1	4 6
121	15	0.1	1	7 8
122	18	0.1	1	3 15
123	16	0.1	1	5 11
124	20	0.1	1	2 18
125	9	0.1	1	3 6
126	8	0.1	1	0 8
127	6	0.1	1	0 6
128	11	0.1	1	1 10
129	7	0.1	1	0 7
130	2	0.1	1	0 2
131	9	0.1	1	0 9
132	4	0.1	1	0 4
133	7	0.1	1	1 6
134	2	0.1	1	0 2
135	6	0.1	1	0 6
136	13	0.1	1	1 12
137	8	0.1	1	1 7
138	4	0.1	1	0 4
139	12	0.1	1	0 12
140	19	0.1	1	0 19
141	14	0.1	1	0 14
142	8	0.1	1	1 7
143	13	0.1	1	1 12
144	17	0.1	1	0 17
145	19	0.1	1	0 19
146	26	0.1	1	1 25
147	9	0.1	1	0 9
148	20	0.1	1	0 20
149	43	0.1	1	0 43
150	513	0.1	1	0 513

RUN STATISTICS FOR INPUT FILE: SRX6922024_1.fastq.gz
=============================================
9580513 sequences processed in total

