
SUMMARISING RUN PARAMETERS
==========================
Input filename: SRX6922015_1.fastq.gz
Trimming mode: paired-end
Trim Galore version: 0.6.10
Cutadapt version: 4.4
Python version: could not detect
Number of cores used for trimming: 4
Quality Phred score cutoff: 20
Quality encoding type selected: ASCII+33
Using Illumina adapter for trimming (count: 28613). Second best hit was smallRNA (count: 0)
Adapter sequence: 'AGATCGGAAGAGC' (Illumina TruSeq, Sanger iPCR; auto-detected)
Maximum trimming error rate: 0.1 (default)
Minimum required adapter overlap (stringency): 1 bp
Minimum required sequence length for both reads before a sequence pair gets removed: 20 bp
Running FastQC on the data once trimming has completed
Output file will be GZIP compressed


This is cutadapt 4.4 with Python 3.7.16
Command line parameters: -j 4 -e 0.1 -q 20 -O 1 -a AGATCGGAAGAGC SRX6922015_1.fastq.gz
Processing single-end reads on 4 cores ...
Finished in 77.989 s (8.227 µs/read; 7.29 M reads/minute).

=== Summary ===

Total reads processed:               9,479,933
Reads with adapters:                 3,330,856 (35.1%)
Reads written (passing filters):     9,479,933 (100.0%)

Total basepairs processed: 1,421,989,950 bp
Quality-trimmed:               3,649,769 bp (0.3%)
Total written (filtered):  1,402,574,422 bp (98.6%)

=== Adapter 1 ===

Sequence: AGATCGGAAGAGC; Type: regular 3'; Length: 13; Trimmed: 3330856 times

Minimum overlap: 1
No. of allowed errors:
1-9 bp: 0; 10-13 bp: 1

Bases preceding removed adapters:
  A: 31.0%
  C: 31.6%
  G: 20.1%
  T: 17.2%
  none/other: 0.1%

Overview of removed sequences
length	count	expect	max.err	error counts
1	2211605	2369983.2	0	2211605
2	533078	592495.8	0	533078
3	151301	148124.0	0	151301
4	44913	37031.0	0	44913
5	22592	9257.7	0	22592
6	13247	2314.4	0	13247
7	11580	578.6	0	11580
8	10941	144.7	0	10941
9	10405	36.2	0	10267 138
10	10943	9.0	1	10387 556
11	10540	2.3	1	10080 460
12	10087	0.6	1	9763 324
13	10009	0.1	1	9541 468
14	9417	0.1	1	9099 318
15	8904	0.1	1	8571 333
16	8689	0.1	1	8390 299
17	9043	0.1	1	8682 361
18	9068	0.1	1	8719 349
19	8313	0.1	1	8043 270
20	8322	0.1	1	8021 301
21	8205	0.1	1	7925 280
22	8028	0.1	1	7779 249
23	7516	0.1	1	7258 258
24	7103	0.1	1	6894 209
25	7083	0.1	1	6851 232
26	6558	0.1	1	6385 173
27	6612	0.1	1	6413 199
28	6765	0.1	1	6556 209
29	6816	0.1	1	6608 208
30	6446	0.1	1	6235 211
31	5753	0.1	1	5600 153
32	5772	0.1	1	5605 167
33	5345	0.1	1	5179 166
34	5408	0.1	1	5256 152
35	5195	0.1	1	5037 158
36	4641	0.1	1	4510 131
37	4580	0.1	1	4464 116
38	4130	0.1	1	4020 110
39	4011	0.1	1	3885 126
40	3818	0.1	1	3710 108
41	3786	0.1	1	3686 100
42	3663	0.1	1	3549 114
43	3637	0.1	1	3531 106
44	3138	0.1	1	3043 95
45	4463	0.1	1	4344 119
46	1732	0.1	1	1688 44
47	2372	0.1	1	2308 64
48	2360	0.1	1	2287 73
49	2328	0.1	1	2257 71
50	2230	0.1	1	2165 65
51	2069	0.1	1	1999 70
52	1966	0.1	1	1891 75
53	1926	0.1	1	1863 63
54	1700	0.1	1	1646 54
55	1766	0.1	1	1704 62
56	1455	0.1	1	1413 42
57	1392	0.1	1	1361 31
58	1301	0.1	1	1259 42
59	1157	0.1	1	1104 53
60	1069	0.1	1	1026 43
61	968	0.1	1	927 41
62	915	0.1	1	884 31
63	1140	0.1	1	1095 45
64	1003	0.1	1	969 34
65	766	0.1	1	745 21
66	901	0.1	1	862 39
67	854	0.1	1	816 38
68	919	0.1	1	875 44
69	1038	0.1	1	993 45
70	1479	0.1	1	1397 82
71	4390	0.1	1	2057 2333
72	17237	0.1	1	16414 823
73	4633	0.1	1	4401 232
74	1434	0.1	1	1278 156
75	782	0.1	1	699 83
76	513	0.1	1	465 48
77	537	0.1	1	505 32
78	405	0.1	1	378 27
79	469	0.1	1	441 28
80	420	0.1	1	386 34
81	476	0.1	1	448 28
82	526	0.1	1	489 37
83	644	0.1	1	616 28
84	671	0.1	1	641 30
85	376	0.1	1	359 17
86	386	0.1	1	370 16
87	582	0.1	1	561 21
88	540	0.1	1	514 26
89	246	0.1	1	221 25
90	132	0.1	1	111 21
91	94	0.1	1	77 17
92	86	0.1	1	79 7
93	134	0.1	1	118 16
94	74	0.1	1	64 10
95	78	0.1	1	68 10
96	77	0.1	1	64 13
97	76	0.1	1	71 5
98	75	0.1	1	66 9
99	61	0.1	1	53 8
100	74	0.1	1	71 3
101	67	0.1	1	61 6
102	77	0.1	1	67 10
103	65	0.1	1	59 6
104	59	0.1	1	51 8
105	87	0.1	1	79 8
106	79	0.1	1	70 9
107	69	0.1	1	59 10
108	72	0.1	1	64 8
109	73	0.1	1	58 15
110	71	0.1	1	60 11
111	71	0.1	1	64 7
112	82	0.1	1	61 21
113	82	0.1	1	74 8
114	83	0.1	1	77 6
115	88	0.1	1	67 21
116	91	0.1	1	71 20
117	90	0.1	1	76 14
118	99	0.1	1	82 17
119	144	0.1	1	118 26
120	109	0.1	1	96 13
121	98	0.1	1	87 11
122	138	0.1	1	109 29
123	132	0.1	1	121 11
124	158	0.1	1	126 32
125	158	0.1	1	146 12
126	420	0.1	1	408 12
127	687	0.1	1	674 13
128	650	0.1	1	626 24
129	252	0.1	1	232 20
130	135	0.1	1	125 10
131	108	0.1	1	102 6
132	104	0.1	1	96 8
133	142	0.1	1	135 7
134	84	0.1	1	79 5
135	71	0.1	1	67 4
136	88	0.1	1	81 7
137	107	0.1	1	97 10
138	71	0.1	1	60 11
139	72	0.1	1	56 16
140	63	0.1	1	50 13
141	60	0.1	1	43 17
142	26	0.1	1	12 14
143	30	0.1	1	13 17
144	19	0.1	1	8 11
145	28	0.1	1	8 20
146	21	0.1	1	4 17
147	22	0.1	1	6 16
148	25	0.1	1	10 15
149	62	0.1	1	17 45
150	664	0.1	1	96 568

RUN STATISTICS FOR INPUT FILE: SRX6922015_1.fastq.gz
=============================================
9479933 sequences processed in total

