
SUMMARISING RUN PARAMETERS
==========================
Input filename: SRX6700166_1.fastq.gz
Trimming mode: paired-end
Trim Galore version: 0.6.10
Cutadapt version: 4.4
Python version: could not detect
Number of cores used for trimming: 4
Quality Phred score cutoff: 20
Quality encoding type selected: ASCII+33
Using Illumina adapter for trimming (count: 151907). Second best hit was Nextera (count: 255)
Adapter sequence: 'AGATCGGAAGAGC' (Illumina TruSeq, Sanger iPCR; auto-detected)
Maximum trimming error rate: 0.1 (default)
Minimum required adapter overlap (stringency): 1 bp
Minimum required sequence length for both reads before a sequence pair gets removed: 20 bp
Running FastQC on the data once trimming has completed
Output file will be GZIP compressed


This is cutadapt 4.4 with Python 3.7.16
Command line parameters: -j 4 -e 0.1 -q 20 -O 1 -a AGATCGGAAGAGC SRX6700166_1.fastq.gz
Processing single-end reads on 4 cores ...
Finished in 246.587 s (6.707 µs/read; 8.95 M reads/minute).

=== Summary ===

Total reads processed:              36,763,815
Reads with adapters:                17,588,898 (47.8%)
Reads written (passing filters):    36,763,815 (100.0%)

Total basepairs processed: 4,632,240,690 bp
Quality-trimmed:              61,885,922 bp (1.3%)
Total written (filtered):  4,387,692,303 bp (94.7%)

=== Adapter 1 ===

Sequence: AGATCGGAAGAGC; Type: regular 3'; Length: 13; Trimmed: 17588898 times

Minimum overlap: 1
No. of allowed errors:
1-9 bp: 0; 10-13 bp: 1

Bases preceding removed adapters:
  A: 24.5%
  C: 29.8%
  G: 28.3%
  T: 17.3%
  none/other: 0.0%

Overview of removed sequences
length	count	expect	max.err	error counts
1	6930813	9190953.8	0	6930813
2	1646419	2297738.4	0	1646419
3	775239	574434.6	0	775239
4	333989	143608.7	0	333989
5	315246	35902.2	0	315246
6	316810	8975.5	0	316810
7	340778	2243.9	0	340778
8	260306	561.0	0	260306
9	315655	140.2	0	315010 645
10	273216	35.1	1	265921 7295
11	212254	8.8	1	206582 5672
12	289297	2.2	1	281644 7653
13	289534	0.5	1	281296 8238
14	229518	0.5	1	222778 6740
15	273427	0.5	1	265112 8315
16	212143	0.5	1	205433 6710
17	264854	0.5	1	255851 9003
18	248536	0.5	1	241099 7437
19	220463	0.5	1	213919 6544
20	248194	0.5	1	240177 8017
21	209353	0.5	1	202789 6564
22	215618	0.5	1	208552 7066
23	200069	0.5	1	194021 6048
24	209439	0.5	1	202583 6856
25	245559	0.5	1	237557 8002
26	113068	0.5	1	109258 3810
27	184429	0.5	1	178491 5938
28	205456	0.5	1	198829 6627
29	134556	0.5	1	130080 4476
30	148182	0.5	1	143531 4651
31	134613	0.5	1	130504 4109
32	164776	0.5	1	160138 4638
33	86032	0.5	1	83274 2758
34	136676	0.5	1	132925 3751
35	87607	0.5	1	84836 2771
36	94799	0.5	1	92264 2535
37	89605	0.5	1	87335 2270
38	88440	0.5	1	86047 2393
39	93127	0.5	1	90751 2376
40	74839	0.5	1	72902 1937
41	74818	0.5	1	73010 1808
42	82931	0.5	1	80879 2052
43	93239	0.5	1	91210 2029
44	27028	0.5	1	26333 695
45	22134	0.5	1	21560 574
46	22944	0.5	1	22452 492
47	35475	0.5	1	34731 744
48	26957	0.5	1	26335 622
49	35969	0.5	1	35101 868
50	21268	0.5	1	20763 505
51	29821	0.5	1	29046 775
52	18067	0.5	1	17625 442
53	21759	0.5	1	21229 530
54	22545	0.5	1	21982 563
55	17310	0.5	1	16889 421
56	10949	0.5	1	10668 281
57	14554	0.5	1	14131 423
58	10565	0.5	1	10151 414
59	10681	0.5	1	10387 294
60	9053	0.5	1	8843 210
61	8275	0.5	1	8116 159
62	5022	0.5	1	4913 109
63	7858	0.5	1	7673 185
64	4891	0.5	1	4798 93
65	5300	0.5	1	5165 135
66	4120	0.5	1	3984 136
67	3247	0.5	1	3153 94
68	3261	0.5	1	3166 95
69	2928	0.5	1	2852 76
70	2706	0.5	1	2621 85
71	2436	0.5	1	2355 81
72	2259	0.5	1	2171 88
73	2154	0.5	1	2051 103
74	2175	0.5	1	1998 177
75	2858	0.5	1	2324 534
76	5104	0.5	1	4831 273
77	1338	0.5	1	1258 80
78	304	0.5	1	272 32
79	125	0.5	1	84 41
80	141	0.5	1	24 117
81	28	0.5	1	15 13
82	18	0.5	1	11 7
83	18	0.5	1	7 11
84	23	0.5	1	10 13
85	14	0.5	1	2 12
86	23	0.5	1	2 21
87	33	0.5	1	2 31
88	11	0.5	1	2 9
89	20	0.5	1	4 16
90	14	0.5	1	0 14
91	71	0.5	1	0 71
92	80	0.5	1	0 80
93	87	0.5	1	0 87
94	147	0.5	1	0 147
95	193	0.5	1	0 193
96	31	0.5	1	0 31
97	16	0.5	1	0 16
98	39	0.5	1	0 39
99	62	0.5	1	0 62
100	140	0.5	1	0 140
101	16	0.5	1	0 16
102	11	0.5	1	0 11
103	13	0.5	1	1 12
104	31	0.5	1	1 30
105	20	0.5	1	0 20
106	5	0.5	1	0 5
107	4	0.5	1	1 3
109	3	0.5	1	0 3
110	6	0.5	1	1 5
111	8	0.5	1	0 8
112	7	0.5	1	0 7
113	7	0.5	1	0 7
114	19	0.5	1	0 19
115	24	0.5	1	0 24
116	21	0.5	1	0 21
117	29	0.5	1	0 29
118	23	0.5	1	0 23
119	23	0.5	1	0 23
120	15	0.5	1	0 15
121	17	0.5	1	0 17
122	12	0.5	1	0 12
123	7	0.5	1	0 7
124	4	0.5	1	0 4
126	2	0.5	1	0 2

RUN STATISTICS FOR INPUT FILE: SRX6700166_1.fastq.gz
=============================================
36763815 sequences processed in total

