
SUMMARISING RUN PARAMETERS
==========================
Input filename: SRX7101035_1.fastq.gz
Trimming mode: paired-end
Trim Galore version: 0.6.10
Cutadapt version: 4.4
Python version: could not detect
Number of cores used for trimming: 4
Quality Phred score cutoff: 20
Quality encoding type selected: ASCII+33
Using Illumina adapter for trimming (count: 113865). Second best hit was Nextera (count: 2)
Adapter sequence: 'AGATCGGAAGAGC' (Illumina TruSeq, Sanger iPCR; auto-detected)
Maximum trimming error rate: 0.1 (default)
Minimum required adapter overlap (stringency): 1 bp
Minimum required sequence length for both reads before a sequence pair gets removed: 20 bp
Running FastQC on the data once trimming has completed
Output file will be GZIP compressed


This is cutadapt 4.4 with Python 3.7.16
Command line parameters: -j 4 -e 0.1 -q 20 -O 1 -a AGATCGGAAGAGC SRX7101035_1.fastq.gz
Processing single-end reads on 4 cores ...
Finished in 243.558 s (7.073 µs/read; 8.48 M reads/minute).

=== Summary ===

Total reads processed:              34,433,857
Reads with adapters:                14,854,628 (43.1%)
Reads written (passing filters):    34,433,857 (100.0%)

Total basepairs processed: 4,338,665,982 bp
Quality-trimmed:              62,030,927 bp (1.4%)
Total written (filtered):  4,149,419,191 bp (95.6%)

=== Adapter 1 ===

Sequence: AGATCGGAAGAGC; Type: regular 3'; Length: 13; Trimmed: 14854628 times

Minimum overlap: 1
No. of allowed errors:
1-9 bp: 0; 10-13 bp: 1

Bases preceding removed adapters:
  A: 26.2%
  C: 28.6%
  G: 25.6%
  T: 19.6%
  none/other: 0.0%

Overview of removed sequences
length	count	expect	max.err	error counts
1	6419178	8608464.2	0	6419178
2	1516488	2152116.1	0	1516488
3	675585	538029.0	0	675585
4	301482	134507.3	0	301482
5	262581	33626.8	0	262581
6	277133	8406.7	0	277133
7	303050	2101.7	0	303050
8	222975	525.4	0	222975
9	287647	131.4	0	287215 432
10	230329	32.8	1	223264 7065
11	192101	8.2	1	185899 6202
12	249284	2.1	1	241428 7856
13	262275	0.5	1	254103 8172
14	195377	0.5	1	189081 6296
15	227432	0.5	1	219673 7759
16	167668	0.5	1	161750 5918
17	219801	0.5	1	211321 8480
18	214484	0.5	1	207118 7366
19	170697	0.5	1	164957 5740
20	197748	0.5	1	190673 7075
21	144824	0.5	1	139624 5200
22	154965	0.5	1	149533 5432
23	140859	0.5	1	136261 4598
24	151038	0.5	1	145467 5571
25	168484	0.5	1	162370 6114
26	82944	0.5	1	79751 3193
27	122083	0.5	1	117561 4522
28	138903	0.5	1	133862 5041
29	84415	0.5	1	81269 3146
30	97896	0.5	1	94480 3416
31	89458	0.5	1	86353 3105
32	107435	0.5	1	103817 3618
33	50940	0.5	1	49042 1898
34	83358	0.5	1	80597 2761
35	58672	0.5	1	56741 1931
36	66348	0.5	1	64114 2234
37	50311	0.5	1	48660 1651
38	51295	0.5	1	49591 1704
39	43802	0.5	1	42539 1263
40	56064	0.5	1	54328 1736
41	34634	0.5	1	33599 1035
42	40932	0.5	1	39808 1124
43	48374	0.5	1	47109 1265
44	13377	0.5	1	13009 368
45	12288	0.5	1	11976 312
46	10654	0.5	1	10381 273
47	16634	0.5	1	16206 428
48	13680	0.5	1	13312 368
49	16299	0.5	1	15839 460
50	10082	0.5	1	9802 280
51	12655	0.5	1	12267 388
52	8873	0.5	1	8608 265
53	9602	0.5	1	9326 276
54	10002	0.5	1	9668 334
55	8540	0.5	1	8301 239
56	4430	0.5	1	4315 115
57	6614	0.5	1	6397 217
58	4174	0.5	1	4042 132
59	4094	0.5	1	3955 139
60	3854	0.5	1	3731 123
61	2994	0.5	1	2900 94
62	2189	0.5	1	2127 62
63	3573	0.5	1	3461 112
64	1947	0.5	1	1885 62
65	2126	0.5	1	2033 93
66	1850	0.5	1	1770 80
67	1221	0.5	1	1155 66
68	1217	0.5	1	1164 53
69	1047	0.5	1	1010 37
70	952	0.5	1	895 57
71	909	0.5	1	848 61
72	807	0.5	1	723 84
73	784	0.5	1	708 76
74	878	0.5	1	711 167
75	1559	0.5	1	834 725
76	1718	0.5	1	1498 220
77	460	0.5	1	421 39
78	127	0.5	1	85 42
79	45	0.5	1	25 20
80	31	0.5	1	4 27
81	13	0.5	1	3 10
82	17	0.5	1	5 12
83	13	0.5	1	2 11
84	7	0.5	1	1 6
85	46	0.5	1	2 44
86	24	0.5	1	0 24
87	24	0.5	1	0 24
88	20	0.5	1	0 20
89	17	0.5	1	1 16
90	10	0.5	1	0 10
91	28	0.5	1	0 28
92	36	0.5	1	1 35
93	33	0.5	1	0 33
94	40	0.5	1	0 40
95	43	0.5	1	0 43
96	31	0.5	1	0 31
97	24	0.5	1	0 24
98	34	0.5	1	0 34
99	21	0.5	1	0 21
100	34	0.5	1	0 34
101	15	0.5	1	1 14
102	12	0.5	1	0 12
103	13	0.5	1	0 13
104	22	0.5	1	1 21
105	20	0.5	1	1 19
106	13	0.5	1	0 13
107	11	0.5	1	0 11
108	11	0.5	1	0 11
109	7	0.5	1	0 7
110	13	0.5	1	0 13
111	11	0.5	1	0 11
112	9	0.5	1	0 9
113	9	0.5	1	0 9
114	25	0.5	1	0 25
115	43	0.5	1	0 43
116	40	0.5	1	0 40
117	51	0.5	1	0 51
118	15	0.5	1	0 15
119	23	0.5	1	0 23
120	33	0.5	1	0 33
121	31	0.5	1	0 31
122	29	0.5	1	0 29
123	9	0.5	1	0 9
124	4	0.5	1	0 4
126	9	0.5	1	0 9

RUN STATISTICS FOR INPUT FILE: SRX7101035_1.fastq.gz
=============================================
34433857 sequences processed in total

