
SUMMARISING RUN PARAMETERS
==========================
Input filename: SRX7101030_1.fastq.gz
Trimming mode: paired-end
Trim Galore version: 0.6.10
Cutadapt version: 4.4
Python version: could not detect
Number of cores used for trimming: 4
Quality Phred score cutoff: 20
Quality encoding type selected: ASCII+33
Using Illumina adapter for trimming (count: 95563). Second best hit was smallRNA (count: 0)
Adapter sequence: 'AGATCGGAAGAGC' (Illumina TruSeq, Sanger iPCR; auto-detected)
Maximum trimming error rate: 0.1 (default)
Minimum required adapter overlap (stringency): 1 bp
Minimum required sequence length for both reads before a sequence pair gets removed: 20 bp
Running FastQC on the data once trimming has completed
Output file will be GZIP compressed


This is cutadapt 4.4 with Python 3.7.16
Command line parameters: -j 4 -e 0.1 -q 20 -O 1 -a AGATCGGAAGAGC SRX7101030_1.fastq.gz
Processing single-end reads on 4 cores ...
Finished in 698.692 s (19.157 µs/read; 3.13 M reads/minute).

=== Summary ===

Total reads processed:              36,471,868
Reads with adapters:                15,340,471 (42.1%)
Reads written (passing filters):    36,471,868 (100.0%)

Total basepairs processed: 4,595,455,368 bp
Quality-trimmed:              59,741,976 bp (1.3%)
Total written (filtered):  4,419,744,288 bp (96.2%)

=== Adapter 1 ===

Sequence: AGATCGGAAGAGC; Type: regular 3'; Length: 13; Trimmed: 15340471 times

Minimum overlap: 1
No. of allowed errors:
1-9 bp: 0; 10-13 bp: 1

Bases preceding removed adapters:
  A: 27.9%
  C: 28.8%
  G: 26.3%
  T: 16.9%
  none/other: 0.0%

Overview of removed sequences
length	count	expect	max.err	error counts
1	7402285	9117967.0	0	7402285
2	1679104	2279491.8	0	1679104
3	712416	569872.9	0	712416
4	286590	142468.2	0	286590
5	257780	35617.1	0	257780
6	251979	8904.3	0	251979
7	267890	2226.1	0	267890
8	203505	556.5	0	203505
9	245387	139.1	0	244925 462
10	201484	34.8	1	197101 4383
11	171840	8.7	1	168272 3568
12	211421	2.2	1	207231 4190
13	223093	0.5	1	218275 4818
14	157442	0.5	1	153827 3615
15	197793	0.5	1	193080 4713
16	154837	0.5	1	150957 3880
17	184785	0.5	1	179675 5110
18	161844	0.5	1	158162 3682
19	159666	0.5	1	155821 3845
20	162182	0.5	1	158170 4012
21	152194	0.5	1	148465 3729
22	141042	0.5	1	137583 3459
23	121461	0.5	1	118922 2539
24	133010	0.5	1	130073 2937
25	137868	0.5	1	134677 3191
26	78352	0.5	1	76593 1759
27	108127	0.5	1	105463 2664
28	120301	0.5	1	117439 2862
29	84688	0.5	1	82588 2100
30	77493	0.5	1	75900 1593
31	78981	0.5	1	77262 1719
32	84813	0.5	1	83086 1727
33	57313	0.5	1	55960 1353
34	69630	0.5	1	67903 1727
35	74952	0.5	1	72978 1974
36	68391	0.5	1	66886 1505
37	58008	0.5	1	56805 1203
38	28628	0.5	1	28143 485
39	39823	0.5	1	39218 605
40	37946	0.5	1	37351 595
41	64680	0.5	1	63831 849
42	12899	0.5	1	12675 224
43	14902	0.5	1	14633 269
44	10279	0.5	1	10098 181
45	18558	0.5	1	18277 281
46	16897	0.5	1	16690 207
47	18517	0.5	1	18207 310
48	13025	0.5	1	12768 257
49	14274	0.5	1	14040 234
50	11010	0.5	1	10839 171
51	11856	0.5	1	11657 199
52	11797	0.5	1	11609 188
53	10165	0.5	1	9998 167
54	5834	0.5	1	5738 96
55	8307	0.5	1	8175 132
56	5261	0.5	1	5178 83
57	5344	0.5	1	5230 114
58	4506	0.5	1	4367 139
59	3522	0.5	1	3456 66
60	2846	0.5	1	2776 70
61	3993	0.5	1	3922 71
62	2847	0.5	1	2785 62
63	2860	0.5	1	2802 58
64	2334	0.5	1	2278 56
65	1871	0.5	1	1790 81
66	1824	0.5	1	1757 67
67	1525	0.5	1	1470 55
68	1321	0.5	1	1281 40
69	1202	0.5	1	1152 50
70	1025	0.5	1	984 41
71	952	0.5	1	907 45
72	1001	0.5	1	895 106
73	1656	0.5	1	1081 575
74	2594	0.5	1	2480 114
75	708	0.5	1	676 32
76	233	0.5	1	205 28
77	83	0.5	1	63 20
78	38	0.5	1	15 23
79	35	0.5	1	11 24
80	49	0.5	1	8 41
81	7	0.5	1	2 5
82	11	0.5	1	7 4
83	13	0.5	1	0 13
84	18	0.5	1	6 12
85	81	0.5	1	2 79
86	31	0.5	1	1 30
87	44	0.5	1	1 43
88	41	0.5	1	1 40
89	22	0.5	1	0 22
90	12	0.5	1	1 11
91	54	0.5	1	1 53
92	61	0.5	1	0 61
93	58	0.5	1	0 58
94	116	0.5	1	1 115
95	85	0.5	1	1 84
96	40	0.5	1	0 40
97	22	0.5	1	1 21
98	83	0.5	1	0 83
99	57	0.5	1	0 57
100	62	0.5	1	0 62
101	15	0.5	1	0 15
102	12	0.5	1	0 12
103	30	0.5	1	0 30
104	36	0.5	1	0 36
105	27	0.5	1	1 26
106	7	0.5	1	0 7
107	8	0.5	1	2 6
108	7	0.5	1	0 7
109	9	0.5	1	0 9
110	4	0.5	1	0 4
111	11	0.5	1	0 11
112	17	0.5	1	0 17
113	23	0.5	1	0 23
114	37	0.5	1	0 37
115	54	0.5	1	0 54
116	57	0.5	1	0 57
117	61	0.5	1	0 61
118	22	0.5	1	0 22
119	28	0.5	1	0 28
120	37	0.5	1	0 37
121	39	0.5	1	0 39
122	21	0.5	1	1 20
123	3	0.5	1	0 3
124	6	0.5	1	0 6
125	3	0.5	1	0 3
126	5	0.5	1	0 5

RUN STATISTICS FOR INPUT FILE: SRX7101030_1.fastq.gz
=============================================
36471868 sequences processed in total

