
SUMMARISING RUN PARAMETERS
==========================
Input filename: SRX7101041_1.fastq.gz
Trimming mode: single-end
Trim Galore version: 0.6.10
Cutadapt version: 4.4
Python version: could not detect
Number of cores used for trimming: 4
Quality Phred score cutoff: 20
Quality encoding type selected: ASCII+33
Using Illumina adapter for trimming (count: 107906). Second best hit was smallRNA (count: 0)
Adapter sequence: 'AGATCGGAAGAGC' (Illumina TruSeq, Sanger iPCR; auto-detected)
Maximum trimming error rate: 0.1 (default)
Minimum required adapter overlap (stringency): 1 bp
Minimum required sequence length before a sequence gets removed: 20 bp
Running FastQC on the data once trimming has completed
Output file will be GZIP compressed


This is cutadapt 4.4 with Python 3.7.16
Command line parameters: -j 4 -e 0.1 -q 20 -O 1 -a AGATCGGAAGAGC SRX7101041_1.fastq.gz
Processing single-end reads on 4 cores ...
Finished in 519.945 s (7.441 µs/read; 8.06 M reads/minute).

=== Summary ===

Total reads processed:              69,879,896
Reads with adapters:                28,197,443 (40.4%)
Reads written (passing filters):    69,879,896 (100.0%)

Total basepairs processed: 8,280,541,446 bp
Quality-trimmed:             241,423,447 bp (2.9%)
Total written (filtered):  7,828,027,826 bp (94.5%)

=== Adapter 1 ===

Sequence: AGATCGGAAGAGC; Type: regular 3'; Length: 13; Trimmed: 28197443 times

Minimum overlap: 1
No. of allowed errors:
1-9 bp: 0; 10-13 bp: 1

Bases preceding removed adapters:
  A: 27.5%
  C: 27.5%
  G: 27.2%
  T: 17.8%
  none/other: 0.0%

Overview of removed sequences
length	count	expect	max.err	error counts
1	14315955	17469974.0	0	14315955
2	2563791	4367493.5	0	2563791
3	1259513	1091873.4	0	1259513
4	415181	272968.3	0	415181
5	464006	68242.1	0	464006
6	419077	17060.5	0	419077
7	547008	4265.1	0	547008
8	376082	1066.3	0	376082
9	538455	266.6	0	537458 997
10	342812	66.6	1	333958 8854
11	302731	16.7	1	295110 7621
12	409963	4.2	1	400923 9040
13	346845	1.0	1	337245 9600
14	438853	1.0	1	426997 11856
15	273466	1.0	1	266359 7107
16	294351	1.0	1	286312 8039
17	426069	1.0	1	414631 11438
18	217878	1.0	1	212325 5553
19	304291	1.0	1	297324 6967
20	246625	1.0	1	240642 5983
21	187228	1.0	1	182716 4512
22	245779	1.0	1	239947 5832
23	250057	1.0	1	244001 6056
24	369320	1.0	1	360299 9021
25	182440	1.0	1	177867 4573
26	164132	1.0	1	160543 3589
27	197127	1.0	1	192927 4200
28	194868	1.0	1	190931 3937
29	103943	1.0	1	101468 2475
30	183289	1.0	1	180004 3285
31	104214	1.0	1	102033 2181
32	160549	1.0	1	157546 3003
33	102985	1.0	1	100544 2441
34	148001	1.0	1	144791 3210
35	99848	1.0	1	97645 2203
36	113743	1.0	1	111418 2325
37	66015	1.0	1	64742 1273
38	102909	1.0	1	101082 1827
39	55602	1.0	1	54652 950
40	73984	1.0	1	72771 1213
41	105678	1.0	1	104252 1426
42	52852	1.0	1	51990 862
43	22863	1.0	1	22467 396
44	27906	1.0	1	27441 465
45	50259	1.0	1	49518 741
46	33645	1.0	1	33140 505
47	27472	1.0	1	27071 401
48	29344	1.0	1	28972 372
49	25556	1.0	1	25205 351
50	22496	1.0	1	22226 270
51	28243	1.0	1	27848 395
52	18283	1.0	1	18054 229
53	17594	1.0	1	17364 230
54	9112	1.0	1	9001 111
55	15555	1.0	1	15381 174
56	8256	1.0	1	8144 112
57	9465	1.0	1	9333 132
58	9554	1.0	1	9408 146
59	6668	1.0	1	6571 97
60	6913	1.0	1	6776 137
61	7759	1.0	1	7645 114
62	6169	1.0	1	6083 86
63	5965	1.0	1	5876 89
64	5278	1.0	1	5179 99
65	4749	1.0	1	4620 129
66	4396	1.0	1	4172 224
67	5522	1.0	1	4334 1188
68	7472	1.0	1	7163 309
69	2364	1.0	1	2276 88
70	1248	1.0	1	1179 69
71	1152	1.0	1	1055 97
72	1224	1.0	1	1021 203
73	2181	1.0	1	1228 953
74	2888	1.0	1	2676 212
75	966	1.0	1	910 56
76	301	1.0	1	264 37
77	120	1.0	1	97 23
78	88	1.0	1	47 41
79	39	1.0	1	19 20
80	42	1.0	1	9 33
81	40	1.0	1	9 31
82	14	1.0	1	4 10
83	26	1.0	1	5 21
84	17	1.0	1	1 16
85	29	1.0	1	2 27
86	19	1.0	1	2 17
87	32	1.0	1	1 31
88	15	1.0	1	3 12
89	10	1.0	1	1 9
90	9	1.0	1	1 8
91	27	1.0	1	0 27
92	37	1.0	1	0 37
93	30	1.0	1	0 30
94	47	1.0	1	0 47
95	33	1.0	1	0 33
96	33	1.0	1	1 32
97	14	1.0	1	1 13
98	16	1.0	1	0 16
99	18	1.0	1	1 17
100	30	1.0	1	3 27
101	7	1.0	1	1 6
102	11	1.0	1	0 11
103	19	1.0	1	0 19
104	14	1.0	1	0 14
105	5	1.0	1	0 5
106	5	1.0	1	0 5
107	10	1.0	1	0 10
108	11	1.0	1	1 10
109	10	1.0	1	1 9
110	11	1.0	1	0 11
111	4	1.0	1	0 4
112	9	1.0	1	0 9
113	8	1.0	1	0 8
114	11	1.0	1	0 11
115	9	1.0	1	0 9
116	16	1.0	1	0 16
117	13	1.0	1	0 13
118	16	1.0	1	0 16
119	22	1.0	1	0 22
120	44	1.0	1	0 44
121	22	1.0	1	1 21
122	7	1.0	1	0 7
123	21	1.0	1	0 21
124	2	1.0	1	0 2
125	16	1.0	1	0 16
126	2	1.0	1	0 2

RUN STATISTICS FOR INPUT FILE: SRX7101041_1.fastq.gz
=============================================
69879896 sequences processed in total
Sequences removed because they became shorter than the length cutoff of 20 bp:	261251 (0.4%)

