
SUMMARISING RUN PARAMETERS
==========================
Input filename: SRX7101026_1.fastq.gz
Trimming mode: paired-end
Trim Galore version: 0.6.10
Cutadapt version: 4.4
Python version: could not detect
Number of cores used for trimming: 4
Quality Phred score cutoff: 20
Quality encoding type selected: ASCII+33
Using Illumina adapter for trimming (count: 99465). Second best hit was Nextera (count: 0)
Adapter sequence: 'AGATCGGAAGAGC' (Illumina TruSeq, Sanger iPCR; auto-detected)
Maximum trimming error rate: 0.1 (default)
Minimum required adapter overlap (stringency): 1 bp
Minimum required sequence length for both reads before a sequence pair gets removed: 20 bp
Running FastQC on the data once trimming has completed
Output file will be GZIP compressed


This is cutadapt 4.4 with Python 3.7.16
Command line parameters: -j 4 -e 0.1 -q 20 -O 1 -a AGATCGGAAGAGC SRX7101026_1.fastq.gz
Processing single-end reads on 4 cores ...
Finished in 261.904 s (8.148 µs/read; 7.36 M reads/minute).

=== Summary ===

Total reads processed:              32,142,905
Reads with adapters:                14,623,602 (45.5%)
Reads written (passing filters):    32,142,905 (100.0%)

Total basepairs processed: 4,050,006,030 bp
Quality-trimmed:              78,483,439 bp (1.9%)
Total written (filtered):  3,864,832,189 bp (95.4%)

=== Adapter 1 ===

Sequence: AGATCGGAAGAGC; Type: regular 3'; Length: 13; Trimmed: 14623602 times

Minimum overlap: 1
No. of allowed errors:
1-9 bp: 0; 10-13 bp: 1

Bases preceding removed adapters:
  A: 28.6%
  C: 28.5%
  G: 26.2%
  T: 16.7%
  none/other: 0.0%

Overview of removed sequences
length	count	expect	max.err	error counts
1	7605538	8035726.2	0	7605538
2	1308421	2008931.6	0	1308421
3	777269	502232.9	0	777269
4	233048	125558.2	0	233048
5	218468	31389.6	0	218468
6	212929	7847.4	0	212929
7	189008	1961.8	0	189008
8	181676	490.5	0	181676
9	260113	122.6	0	259514 599
10	123248	30.7	1	119357 3891
11	199360	7.7	1	192843 6517
12	179391	1.9	1	173977 5414
13	153432	0.5	1	148424 5008
14	181896	0.5	1	175444 6452
15	140315	0.5	1	135031 5284
16	175171	0.5	1	167308 7863
17	174344	0.5	1	166058 8286
18	147761	0.5	1	142164 5597
19	137893	0.5	1	133210 4683
20	139348	0.5	1	134245 5103
21	117388	0.5	1	113422 3966
22	109219	0.5	1	105591 3628
23	115939	0.5	1	112008 3931
24	140634	0.5	1	135426 5208
25	133781	0.5	1	129035 4746
26	62485	0.5	1	60331 2154
27	100242	0.5	1	96837 3405
28	94819	0.5	1	91649 3170
29	88839	0.5	1	85707 3132
30	65742	0.5	1	63645 2097
31	84623	0.5	1	82114 2509
32	55952	0.5	1	54370 1582
33	87232	0.5	1	84362 2870
34	50419	0.5	1	48784 1635
35	78421	0.5	1	75740 2681
36	41801	0.5	1	40474 1327
37	55631	0.5	1	54068 1563
38	30074	0.5	1	29111 963
39	49881	0.5	1	48327 1554
40	38343	0.5	1	37282 1061
41	88474	0.5	1	86661 1813
42	6519	0.5	1	6299 220
43	5479	0.5	1	5330 149
44	4121	0.5	1	4010 111
45	13350	0.5	1	13099 251
46	12551	0.5	1	12335 216
47	14015	0.5	1	13739 276
48	14469	0.5	1	14183 286
49	13710	0.5	1	13403 307
50	10991	0.5	1	10788 203
51	12212	0.5	1	11984 228
52	11694	0.5	1	11446 248
53	8504	0.5	1	8338 166
54	6634	0.5	1	6525 109
55	8121	0.5	1	7974 147
56	4783	0.5	1	4680 103
57	4858	0.5	1	4755 103
58	4313	0.5	1	4212 101
59	3644	0.5	1	3563 81
60	2885	0.5	1	2823 62
61	4108	0.5	1	4015 93
62	2580	0.5	1	2529 51
63	2999	0.5	1	2935 64
64	1970	0.5	1	1926 44
65	2034	0.5	1	1976 58
66	1941	0.5	1	1885 56
67	1692	0.5	1	1616 76
68	1454	0.5	1	1405 49
69	1341	0.5	1	1264 77
70	1177	0.5	1	1075 102
71	1166	0.5	1	1018 148
72	1402	0.5	1	1065 337
73	2729	0.5	1	1203 1526
74	2892	0.5	1	2492 400
75	1020	0.5	1	936 84
76	410	0.5	1	365 45
77	215	0.5	1	187 28
78	129	0.5	1	99 30
79	87	0.5	1	58 29
80	53	0.5	1	34 19
81	49	0.5	1	29 20
82	29	0.5	1	19 10
83	28	0.5	1	21 7
84	23	0.5	1	7 16
85	28	0.5	1	5 23
86	23	0.5	1	6 17
87	20	0.5	1	3 17
88	24	0.5	1	4 20
89	12	0.5	1	0 12
90	5	0.5	1	0 5
91	13	0.5	1	0 13
92	16	0.5	1	0 16
93	21	0.5	1	1 20
94	43	0.5	1	0 43
95	26	0.5	1	0 26
96	13	0.5	1	0 13
97	10	0.5	1	0 10
98	21	0.5	1	0 21
99	18	0.5	1	1 17
100	21	0.5	1	0 21
101	14	0.5	1	0 14
102	1	0.5	1	0 1
103	12	0.5	1	1 11
104	15	0.5	1	0 15
105	11	0.5	1	1 10
106	8	0.5	1	0 8
107	9	0.5	1	1 8
108	10	0.5	1	0 10
109	7	0.5	1	0 7
110	4	0.5	1	0 4
111	8	0.5	1	0 8
112	15	0.5	1	0 15
113	19	0.5	1	0 19
114	18	0.5	1	1 17
115	24	0.5	1	0 24
116	29	0.5	1	0 29
117	33	0.5	1	0 33
118	14	0.5	1	0 14
119	15	0.5	1	0 15
120	24	0.5	1	0 24
121	12	0.5	1	0 12
122	18	0.5	1	0 18
123	9	0.5	1	0 9
124	1	0.5	1	0 1
125	3	0.5	1	0 3
126	6	0.5	1	0 6

RUN STATISTICS FOR INPUT FILE: SRX7101026_1.fastq.gz
=============================================
32142905 sequences processed in total

