
SUMMARISING RUN PARAMETERS
==========================
Input filename: SRX7101037_1.fastq.gz
Trimming mode: single-end
Trim Galore version: 0.6.10
Cutadapt version: 4.4
Python version: could not detect
Number of cores used for trimming: 4
Quality Phred score cutoff: 20
Quality encoding type selected: ASCII+33
Using Illumina adapter for trimming (count: 90132). Second best hit was Nextera (count: 0)
Adapter sequence: 'AGATCGGAAGAGC' (Illumina TruSeq, Sanger iPCR; auto-detected)
Maximum trimming error rate: 0.1 (default)
Minimum required adapter overlap (stringency): 1 bp
Minimum required sequence length before a sequence gets removed: 20 bp
Running FastQC on the data once trimming has completed
Output file will be GZIP compressed


This is cutadapt 4.4 with Python 3.7.16
Command line parameters: -j 4 -e 0.1 -q 20 -O 1 -a AGATCGGAAGAGC SRX7101037_1.fastq.gz
Processing single-end reads on 4 cores ...
Finished in 491.327 s (6.863 µs/read; 8.74 M reads/minute).

=== Summary ===

Total reads processed:              71,594,379
Reads with adapters:                27,856,035 (38.9%)
Reads written (passing filters):    71,594,379 (100.0%)

Total basepairs processed: 8,250,980,529 bp
Quality-trimmed:             437,198,183 bp (5.3%)
Total written (filtered):  7,653,456,043 bp (92.8%)

=== Adapter 1 ===

Sequence: AGATCGGAAGAGC; Type: regular 3'; Length: 13; Trimmed: 27856035 times

Minimum overlap: 1
No. of allowed errors:
1-9 bp: 0; 10-13 bp: 1

Bases preceding removed adapters:
  A: 32.1%
  C: 27.7%
  G: 22.2%
  T: 18.1%
  none/other: 0.0%

Overview of removed sequences
length	count	expect	max.err	error counts
1	16807630	17898594.8	0	16807630
2	2399061	4474648.7	0	2399061
3	1144578	1118662.2	0	1144578
4	357235	279665.5	0	357235
5	332491	69916.4	0	332491
6	367852	17479.1	0	367852
7	400136	4369.8	0	400136
8	374376	1092.4	0	374376
9	417904	273.1	0	416741 1163
10	280496	68.3	1	270663 9833
11	219164	17.1	1	211171 7993
12	312321	4.3	1	303116 9205
13	253718	1.1	1	244973 8745
14	330861	1.1	1	318932 11929
15	196845	1.1	1	190303 6542
16	207358	1.1	1	199908 7450
17	304347	1.1	1	293407 10940
18	203897	1.1	1	197287 6610
19	176138	1.1	1	170961 5177
20	184894	1.1	1	179634 5260
21	91161	1.1	1	88673 2488
22	154111	1.1	1	149694 4417
23	190418	1.1	1	184594 5824
24	261021	1.1	1	252780 8241
25	151198	1.1	1	146722 4476
26	116772	1.1	1	112902 3870
27	147270	1.1	1	143437 3833
28	144023	1.1	1	140362 3661
29	76092	1.1	1	73961 2131
30	121157	1.1	1	118335 2822
31	90398	1.1	1	88062 2336
32	118137	1.1	1	115478 2659
33	60369	1.1	1	58498 1871
34	102429	1.1	1	99648 2781
35	72168	1.1	1	70358 1810
36	67142	1.1	1	65565 1577
37	76401	1.1	1	74688 1713
38	66704	1.1	1	65361 1343
39	35604	1.1	1	34809 795
40	52285	1.1	1	51226 1059
41	78168	1.1	1	76851 1317
42	32544	1.1	1	31814 730
43	17242	1.1	1	16882 360
44	18575	1.1	1	18156 419
45	33604	1.1	1	33013 591
46	22706	1.1	1	22300 406
47	18462	1.1	1	18144 318
48	16029	1.1	1	15733 296
49	17934	1.1	1	17619 315
50	12564	1.1	1	12332 232
51	20093	1.1	1	19741 352
52	13155	1.1	1	12924 231
53	12533	1.1	1	12327 206
54	4832	1.1	1	4739 93
55	9215	1.1	1	9067 148
56	5538	1.1	1	5457 81
57	5483	1.1	1	5387 96
58	5447	1.1	1	5304 143
59	3956	1.1	1	3881 75
60	4059	1.1	1	3938 121
61	5020	1.1	1	4926 94
62	4380	1.1	1	4284 96
63	3750	1.1	1	3665 85
64	3168	1.1	1	3073 95
65	2859	1.1	1	2736 123
66	2710	1.1	1	2565 145
67	3092	1.1	1	2691 401
68	4020	1.1	1	3847 173
69	1356	1.1	1	1293 63
70	875	1.1	1	823 52
71	714	1.1	1	663 51
72	730	1.1	1	633 97
73	1206	1.1	1	844 362
74	1585	1.1	1	1472 113
75	519	1.1	1	470 49
76	155	1.1	1	122 33
77	62	1.1	1	38 24
78	56	1.1	1	13 43
79	41	1.1	1	9 32
80	51	1.1	1	6 45
81	30	1.1	1	3 27
82	17	1.1	1	2 15
83	15	1.1	1	1 14
84	21	1.1	1	1 20
85	56	1.1	1	0 56
86	30	1.1	1	0 30
87	49	1.1	1	1 48
88	28	1.1	1	0 28
89	18	1.1	1	1 17
90	15	1.1	1	2 13
91	62	1.1	1	0 62
92	57	1.1	1	0 57
93	35	1.1	1	0 35
94	87	1.1	1	0 87
95	43	1.1	1	1 42
96	41	1.1	1	0 41
97	25	1.1	1	0 25
98	51	1.1	1	0 51
99	29	1.1	1	0 29
100	45	1.1	1	0 45
101	15	1.1	1	0 15
102	14	1.1	1	0 14
103	21	1.1	1	0 21
104	35	1.1	1	0 35
105	17	1.1	1	0 17
106	15	1.1	1	0 15
107	18	1.1	1	0 18
108	16	1.1	1	0 16
109	22	1.1	1	0 22
110	20	1.1	1	0 20
111	8	1.1	1	0 8
112	18	1.1	1	0 18
113	23	1.1	1	0 23
114	33	1.1	1	0 33
115	45	1.1	1	0 45
116	50	1.1	1	0 50
117	46	1.1	1	0 46
118	35	1.1	1	0 35
119	37	1.1	1	0 37
120	52	1.1	1	0 52
121	33	1.1	1	0 33
122	22	1.1	1	0 22
123	17	1.1	1	0 17
124	4	1.1	1	0 4
125	12	1.1	1	0 12
126	3	1.1	1	0 3

RUN STATISTICS FOR INPUT FILE: SRX7101037_1.fastq.gz
=============================================
71594379 sequences processed in total
Sequences removed because they became shorter than the length cutoff of 20 bp:	308149 (0.4%)

