
SUMMARISING RUN PARAMETERS
==========================
Input filename: SRX7101038_1.fastq.gz
Trimming mode: single-end
Trim Galore version: 0.6.10
Cutadapt version: 4.4
Python version: could not detect
Number of cores used for trimming: 4
Quality Phred score cutoff: 20
Quality encoding type selected: ASCII+33
Using Illumina adapter for trimming (count: 97815). Second best hit was Nextera (count: 1)
Adapter sequence: 'AGATCGGAAGAGC' (Illumina TruSeq, Sanger iPCR; auto-detected)
Maximum trimming error rate: 0.1 (default)
Minimum required adapter overlap (stringency): 1 bp
Minimum required sequence length before a sequence gets removed: 20 bp
Running FastQC on the data once trimming has completed
Output file will be GZIP compressed


This is cutadapt 4.4 with Python 3.7.16
Command line parameters: -j 4 -e 0.1 -q 20 -O 1 -a AGATCGGAAGAGC SRX7101038_1.fastq.gz
Processing single-end reads on 4 cores ...
Finished in 581.409 s (7.256 µs/read; 8.27 M reads/minute).

=== Summary ===

Total reads processed:              80,131,547
Reads with adapters:                31,065,902 (38.8%)
Reads written (passing filters):    80,131,547 (100.0%)

Total basepairs processed: 9,561,562,197 bp
Quality-trimmed:             457,821,280 bp (4.8%)
Total written (filtered):  8,900,141,665 bp (93.1%)

=== Adapter 1 ===

Sequence: AGATCGGAAGAGC; Type: regular 3'; Length: 13; Trimmed: 31065902 times

Minimum overlap: 1
No. of allowed errors:
1-9 bp: 0; 10-13 bp: 1

Bases preceding removed adapters:
  A: 29.5%
  C: 28.2%
  G: 25.4%
  T: 17.0%
  none/other: 0.0%

Overview of removed sequences
length	count	expect	max.err	error counts
1	16811276	20032886.8	0	16811276
2	2880567	5008221.7	0	2880567
3	1427708	1252055.4	0	1427708
4	462153	313013.9	0	462153
5	436555	78253.5	0	436555
6	488584	19563.4	0	488584
7	562354	4890.8	0	562354
8	511941	1222.7	0	511941
9	539702	305.7	0	538374 1328
10	395851	76.4	1	383642 12209
11	272634	19.1	1	263673 8961
12	420404	4.8	1	409435 10969
13	349604	1.2	1	338703 10901
14	439509	1.2	1	425323 14186
15	295628	1.2	1	286865 8763
16	238843	1.2	1	231145 7698
17	414201	1.2	1	401258 12943
18	216918	1.2	1	210518 6400
19	284219	1.2	1	276849 7370
20	230622	1.2	1	224234 6388
21	160670	1.2	1	156425 4245
22	225796	1.2	1	219473 6323
23	257982	1.2	1	250496 7486
24	342670	1.2	1	332576 10094
25	196831	1.2	1	191153 5678
26	158449	1.2	1	153940 4509
27	194608	1.2	1	189763 4845
28	195467	1.2	1	190870 4597
29	95470	1.2	1	92808 2662
30	171182	1.2	1	167514 3668
31	98192	1.2	1	95867 2325
32	150591	1.2	1	147464 3127
33	75836	1.2	1	73815 2021
34	128137	1.2	1	125133 3004
35	104357	1.2	1	101755 2602
36	87509	1.2	1	85604 1905
37	77444	1.2	1	75979 1465
38	69404	1.2	1	68024 1380
39	52658	1.2	1	51647 1011
40	64593	1.2	1	63438 1155
41	94521	1.2	1	93059 1462
42	45104	1.2	1	44269 835
43	18629	1.2	1	18223 406
44	27139	1.2	1	26648 491
45	42993	1.2	1	42254 739
46	26893	1.2	1	26411 482
47	23671	1.2	1	23308 363
48	18837	1.2	1	18539 298
49	22388	1.2	1	22012 376
50	14952	1.2	1	14695 257
51	23812	1.2	1	23425 387
52	15055	1.2	1	14821 234
53	14286	1.2	1	14097 189
54	6444	1.2	1	6351 93
55	10316	1.2	1	10179 137
56	6775	1.2	1	6663 112
57	7126	1.2	1	6997 129
58	6146	1.2	1	5990 156
59	5150	1.2	1	5052 98
60	4770	1.2	1	4655 115
61	5499	1.2	1	5397 102
62	4999	1.2	1	4900 99
63	4472	1.2	1	4373 99
64	3588	1.2	1	3505 83
65	3315	1.2	1	3201 114
66	3104	1.2	1	2970 134
67	3601	1.2	1	3192 409
68	5029	1.2	1	4792 237
69	1691	1.2	1	1619 72
70	1045	1.2	1	992 53
71	869	1.2	1	812 57
72	865	1.2	1	773 92
73	1249	1.2	1	903 346
74	1976	1.2	1	1879 97
75	503	1.2	1	471 32
76	159	1.2	1	110 49
77	65	1.2	1	36 29
78	64	1.2	1	14 50
79	41	1.2	1	8 33
80	49	1.2	1	6 43
81	33	1.2	1	3 30
82	23	1.2	1	2 21
83	33	1.2	1	0 33
84	19	1.2	1	1 18
85	60	1.2	1	0 60
86	33	1.2	1	2 31
87	47	1.2	1	0 47
88	35	1.2	1	1 34
89	29	1.2	1	1 28
90	22	1.2	1	2 20
91	59	1.2	1	1 58
92	54	1.2	1	0 54
93	46	1.2	1	0 46
94	95	1.2	1	1 94
95	70	1.2	1	0 70
96	39	1.2	1	0 39
97	37	1.2	1	1 36
98	63	1.2	1	1 62
99	30	1.2	1	0 30
100	46	1.2	1	0 46
101	12	1.2	1	0 12
102	16	1.2	1	0 16
103	25	1.2	1	0 25
104	34	1.2	1	0 34
105	24	1.2	1	1 23
106	15	1.2	1	0 15
107	13	1.2	1	0 13
108	17	1.2	1	0 17
109	17	1.2	1	0 17
110	27	1.2	1	0 27
111	18	1.2	1	0 18
112	29	1.2	1	0 29
113	27	1.2	1	0 27
114	36	1.2	1	0 36
115	57	1.2	1	0 57
116	56	1.2	1	0 56
117	52	1.2	1	0 52
118	33	1.2	1	0 33
119	38	1.2	1	0 38
120	75	1.2	1	0 75
121	30	1.2	1	0 30
122	28	1.2	1	0 28
123	31	1.2	1	0 31
124	3	1.2	1	0 3
125	4	1.2	1	0 4
126	3	1.2	1	0 3

RUN STATISTICS FOR INPUT FILE: SRX7101038_1.fastq.gz
=============================================
80131547 sequences processed in total
Sequences removed because they became shorter than the length cutoff of 20 bp:	321045 (0.4%)

