
SUMMARISING RUN PARAMETERS
==========================
Input filename: SRX7101029_1.fastq.gz
Trimming mode: paired-end
Trim Galore version: 0.6.10
Cutadapt version: 4.4
Python version: could not detect
Number of cores used for trimming: 4
Quality Phred score cutoff: 20
Quality encoding type selected: ASCII+33
Using Illumina adapter for trimming (count: 118814). Second best hit was smallRNA (count: 0)
Adapter sequence: 'AGATCGGAAGAGC' (Illumina TruSeq, Sanger iPCR; auto-detected)
Maximum trimming error rate: 0.1 (default)
Minimum required adapter overlap (stringency): 1 bp
Minimum required sequence length for both reads before a sequence pair gets removed: 20 bp
Running FastQC on the data once trimming has completed
Output file will be GZIP compressed


This is cutadapt 4.4 with Python 3.7.16
Command line parameters: -j 4 -e 0.1 -q 20 -O 1 -a AGATCGGAAGAGC SRX7101029_1.fastq.gz
Processing single-end reads on 4 cores ...
Finished in 308.556 s (7.504 µs/read; 8.00 M reads/minute).

=== Summary ===

Total reads processed:              41,120,555
Reads with adapters:                18,416,297 (44.8%)
Reads written (passing filters):    41,120,555 (100.0%)

Total basepairs processed: 5,181,189,930 bp
Quality-trimmed:              75,210,609 bp (1.5%)
Total written (filtered):  4,947,761,696 bp (95.5%)

=== Adapter 1 ===

Sequence: AGATCGGAAGAGC; Type: regular 3'; Length: 13; Trimmed: 18416297 times

Minimum overlap: 1
No. of allowed errors:
1-9 bp: 0; 10-13 bp: 1

Bases preceding removed adapters:
  A: 26.6%
  C: 29.0%
  G: 27.9%
  T: 16.5%
  none/other: 0.0%

Overview of removed sequences
length	count	expect	max.err	error counts
1	8079283	10280138.8	0	8079283
2	1859734	2570034.7	0	1859734
3	851897	642508.7	0	851897
4	350595	160627.2	0	350595
5	333596	40156.8	0	333596
6	335957	10039.2	0	335957
7	355204	2509.8	0	355204
8	278671	627.4	0	278671
9	340230	156.9	0	339622 608
10	279549	39.2	1	273085 6464
11	233805	9.8	1	228478 5327
12	297942	2.5	1	291317 6625
13	293429	0.6	1	286233 7196
14	234612	0.6	1	228784 5828
15	250932	0.6	1	244319 6613
16	240639	0.6	1	233642 6997
17	263195	0.6	1	254414 8781
18	271157	0.6	1	263647 7510
19	187949	0.6	1	183251 4698
20	247888	0.6	1	241469 6419
21	163673	0.6	1	159703 3970
22	184332	0.6	1	179855 4477
23	174541	0.6	1	170460 4081
24	187043	0.6	1	182310 4733
25	205585	0.6	1	200185 5400
26	103356	0.6	1	100788 2568
27	152224	0.6	1	148300 3924
28	164002	0.6	1	159889 4113
29	115009	0.6	1	112027 2982
30	108813	0.6	1	106387 2426
31	126615	0.6	1	123387 3228
32	136406	0.6	1	133292 3114
33	57137	0.6	1	55510 1627
34	119373	0.6	1	116500 2873
35	53102	0.6	1	51883 1219
36	83092	0.6	1	81062 2030
37	95107	0.6	1	92797 2310
38	58495	0.6	1	57152 1343
39	79687	0.6	1	78225 1462
40	39938	0.6	1	39118 820
41	97317	0.6	1	95900 1417
42	12841	0.6	1	12546 295
43	21597	0.6	1	21216 381
44	12220	0.6	1	11972 248
45	27197	0.6	1	26775 422
46	22404	0.6	1	22048 356
47	25694	0.6	1	25238 456
48	19472	0.6	1	19191 281
49	21197	0.6	1	20822 375
50	16090	0.6	1	15837 253
51	17615	0.6	1	17288 327
52	17776	0.6	1	17505 271
53	14460	0.6	1	14221 239
54	8309	0.6	1	8166 143
55	12437	0.6	1	12254 183
56	7259	0.6	1	7145 114
57	7208	0.6	1	7063 145
58	6977	0.6	1	6791 186
59	5167	0.6	1	5061 106
60	4228	0.6	1	4139 89
61	6291	0.6	1	6178 113
62	4106	0.6	1	4020 86
63	4185	0.6	1	4099 86
64	3239	0.6	1	3151 88
65	2624	0.6	1	2549 75
66	2661	0.6	1	2562 99
67	2298	0.6	1	2238 60
68	2192	0.6	1	2122 70
69	1933	0.6	1	1856 77
70	1732	0.6	1	1665 67
71	1710	0.6	1	1604 106
72	1857	0.6	1	1639 218
73	2726	0.6	1	1839 887
74	3816	0.6	1	3601 215
75	1309	0.6	1	1236 73
76	419	0.6	1	376 43
77	177	0.6	1	149 28
78	113	0.6	1	75 38
79	49	0.6	1	31 18
80	63	0.6	1	16 47
81	39	0.6	1	19 20
82	15	0.6	1	7 8
83	22	0.6	1	5 17
84	16	0.6	1	3 13
85	58	0.6	1	2 56
86	41	0.6	1	2 39
87	42	0.6	1	0 42
88	59	0.6	1	2 57
89	17	0.6	1	0 17
90	14	0.6	1	0 14
91	51	0.6	1	0 51
92	57	0.6	1	0 57
93	43	0.6	1	0 43
94	115	0.6	1	0 115
95	90	0.6	1	0 90
96	43	0.6	1	2 41
97	34	0.6	1	1 33
98	62	0.6	1	0 62
99	58	0.6	1	0 58
100	56	0.6	1	1 55
101	17	0.6	1	1 16
102	13	0.6	1	1 12
103	35	0.6	1	1 34
104	37	0.6	1	1 36
105	23	0.6	1	0 23
106	15	0.6	1	0 15
107	4	0.6	1	0 4
108	8	0.6	1	0 8
109	11	0.6	1	0 11
110	7	0.6	1	0 7
111	8	0.6	1	0 8
112	13	0.6	1	0 13
113	31	0.6	1	0 31
114	35	0.6	1	0 35
115	69	0.6	1	0 69
116	46	0.6	1	0 46
117	63	0.6	1	0 63
118	19	0.6	1	0 19
119	22	0.6	1	0 22
120	40	0.6	1	0 40
121	33	0.6	1	0 33
122	30	0.6	1	0 30
123	14	0.6	1	0 14
124	7	0.6	1	0 7
126	6	0.6	1	0 6

RUN STATISTICS FOR INPUT FILE: SRX7101029_1.fastq.gz
=============================================
41120555 sequences processed in total

