
SUMMARISING RUN PARAMETERS
==========================
Input filename: SRX7101025_1.fastq.gz
Trimming mode: paired-end
Trim Galore version: 0.6.10
Cutadapt version: 4.4
Python version: could not detect
Number of cores used for trimming: 4
Quality Phred score cutoff: 20
Quality encoding type selected: ASCII+33
Using Illumina adapter for trimming (count: 105541). Second best hit was Nextera (count: 0)
Adapter sequence: 'AGATCGGAAGAGC' (Illumina TruSeq, Sanger iPCR; auto-detected)
Maximum trimming error rate: 0.1 (default)
Minimum required adapter overlap (stringency): 1 bp
Minimum required sequence length for both reads before a sequence pair gets removed: 20 bp
Running FastQC on the data once trimming has completed
Output file will be GZIP compressed


This is cutadapt 4.4 with Python 3.7.16
Command line parameters: -j 4 -e 0.1 -q 20 -O 1 -a AGATCGGAAGAGC SRX7101025_1.fastq.gz
Processing single-end reads on 4 cores ...
Finished in 269.125 s (7.394 µs/read; 8.11 M reads/minute).

=== Summary ===

Total reads processed:              36,397,642
Reads with adapters:                15,666,391 (43.0%)
Reads written (passing filters):    36,397,642 (100.0%)

Total basepairs processed: 4,586,102,892 bp
Quality-trimmed:              99,083,840 bp (2.2%)
Total written (filtered):  4,366,158,756 bp (95.2%)

=== Adapter 1 ===

Sequence: AGATCGGAAGAGC; Type: regular 3'; Length: 13; Trimmed: 15666391 times

Minimum overlap: 1
No. of allowed errors:
1-9 bp: 0; 10-13 bp: 1

Bases preceding removed adapters:
  A: 27.5%
  C: 28.4%
  G: 27.5%
  T: 16.6%
  none/other: 0.0%

Overview of removed sequences
length	count	expect	max.err	error counts
1	7401054	9099410.5	0	7401054
2	1662156	2274852.6	0	1662156
3	734829	568713.2	0	734829
4	290058	142178.3	0	290058
5	247466	35544.6	0	247466
6	292547	8886.1	0	292547
7	291089	2221.5	0	291089
8	268442	555.4	0	268442
9	260890	138.8	0	260200 690
10	235605	34.7	1	230333 5272
11	148320	8.7	1	144503 3817
12	234331	2.2	1	229088 5243
13	238131	0.5	1	232161 5970
14	168710	0.5	1	164328 4382
15	210346	0.5	1	204573 5773
16	148204	0.5	1	143594 4610
17	197538	0.5	1	190933 6605
18	220098	0.5	1	213552 6546
19	135001	0.5	1	131498 3503
20	184354	0.5	1	179555 4799
21	105497	0.5	1	102944 2553
22	124284	0.5	1	121289 2995
23	147803	0.5	1	144098 3705
24	140277	0.5	1	136683 3594
25	167745	0.5	1	163539 4206
26	55137	0.5	1	53511 1626
27	133817	0.5	1	130131 3686
28	132434	0.5	1	129148 3286
29	82506	0.5	1	80279 2227
30	79186	0.5	1	77427 1759
31	92106	0.5	1	89924 2182
32	101784	0.5	1	99687 2097
33	41963	0.5	1	40781 1182
34	83311	0.5	1	81306 2005
35	59898	0.5	1	58581 1317
36	36755	0.5	1	35968 787
37	65859	0.5	1	64405 1454
38	61149	0.5	1	60009 1140
39	33130	0.5	1	32452 678
40	68848	0.5	1	67766 1082
41	14796	0.5	1	14449 347
42	48166	0.5	1	47368 798
43	60844	0.5	1	59962 882
44	5077	0.5	1	4943 134
45	9233	0.5	1	9093 140
46	3764	0.5	1	3669 95
47	13315	0.5	1	13121 194
48	11518	0.5	1	11323 195
49	14012	0.5	1	13807 205
50	9047	0.5	1	8905 142
51	11070	0.5	1	10908 162
52	6944	0.5	1	6833 111
53	10641	0.5	1	10510 131
54	9802	0.5	1	9645 157
55	8827	0.5	1	8704 123
56	3270	0.5	1	3201 69
57	6118	0.5	1	6011 107
58	4396	0.5	1	4289 107
59	3060	0.5	1	3001 59
60	3698	0.5	1	3607 91
61	2569	0.5	1	2511 58
62	1790	0.5	1	1743 47
63	3331	0.5	1	3268 63
64	2236	0.5	1	2184 52
65	1756	0.5	1	1668 88
66	1546	0.5	1	1476 70
67	1165	0.5	1	1128 37
68	1027	0.5	1	1001 26
69	1052	0.5	1	1023 29
70	990	0.5	1	941 49
71	821	0.5	1	786 35
72	833	0.5	1	774 59
73	785	0.5	1	706 79
74	859	0.5	1	718 141
75	1261	0.5	1	825 436
76	1389	0.5	1	1248 141
77	386	0.5	1	338 48
78	122	0.5	1	75 47
79	80	0.5	1	32 48
80	58	0.5	1	8 50
81	42	0.5	1	3 39
82	23	0.5	1	3 20
83	21	0.5	1	0 21
84	17	0.5	1	1 16
85	81	0.5	1	1 80
86	39	0.5	1	1 38
87	54	0.5	1	1 53
88	63	0.5	1	0 63
89	32	0.5	1	0 32
90	19	0.5	1	0 19
91	57	0.5	1	1 56
92	43	0.5	1	0 43
93	54	0.5	1	1 53
94	87	0.5	1	0 87
95	56	0.5	1	0 56
96	43	0.5	1	1 42
97	32	0.5	1	1 31
98	79	0.5	1	0 79
99	65	0.5	1	0 65
100	54	0.5	1	0 54
101	31	0.5	1	1 30
102	18	0.5	1	0 18
103	33	0.5	1	0 33
104	44	0.5	1	0 44
105	34	0.5	1	0 34
106	18	0.5	1	0 18
107	25	0.5	1	0 25
108	53	0.5	1	1 52
109	24	0.5	1	1 23
110	24	0.5	1	0 24
111	26	0.5	1	0 26
112	55	0.5	1	0 55
113	42	0.5	1	0 42
114	67	0.5	1	0 67
115	71	0.5	1	0 71
116	115	0.5	1	0 115
117	133	0.5	1	0 133
118	49	0.5	1	0 49
119	42	0.5	1	0 42
120	67	0.5	1	0 67
121	53	0.5	1	0 53
122	65	0.5	1	0 65
123	15	0.5	1	0 15
124	7	0.5	1	0 7
125	1	0.5	1	0 1
126	6	0.5	1	0 6

RUN STATISTICS FOR INPUT FILE: SRX7101025_1.fastq.gz
=============================================
36397642 sequences processed in total

