
SUMMARISING RUN PARAMETERS
==========================
Input filename: SRX7101040_1.fastq.gz
Trimming mode: single-end
Trim Galore version: 0.6.10
Cutadapt version: 4.4
Python version: could not detect
Number of cores used for trimming: 4
Quality Phred score cutoff: 20
Quality encoding type selected: ASCII+33
Using Illumina adapter for trimming (count: 131904). Second best hit was smallRNA (count: 0)
Adapter sequence: 'AGATCGGAAGAGC' (Illumina TruSeq, Sanger iPCR; auto-detected)
Maximum trimming error rate: 0.1 (default)
Minimum required adapter overlap (stringency): 1 bp
Minimum required sequence length before a sequence gets removed: 20 bp
Running FastQC on the data once trimming has completed
Output file will be GZIP compressed


This is cutadapt 4.4 with Python 3.7.16
Command line parameters: -j 4 -e 0.1 -q 20 -O 1 -a AGATCGGAAGAGC SRX7101040_1.fastq.gz
Processing single-end reads on 4 cores ...
Finished in 582.019 s (6.991 µs/read; 8.58 M reads/minute).

=== Summary ===

Total reads processed:              83,253,400
Reads with adapters:                35,034,406 (42.1%)
Reads written (passing filters):    83,253,400 (100.0%)

Total basepairs processed: 9,910,969,950 bp
Quality-trimmed:             470,193,781 bp (4.7%)
Total written (filtered):  9,165,933,193 bp (92.5%)

=== Adapter 1 ===

Sequence: AGATCGGAAGAGC; Type: regular 3'; Length: 13; Trimmed: 35034406 times

Minimum overlap: 1
No. of allowed errors:
1-9 bp: 0; 10-13 bp: 1

Bases preceding removed adapters:
  A: 28.2%
  C: 29.2%
  G: 26.8%
  T: 15.9%
  none/other: 0.0%

Overview of removed sequences
length	count	expect	max.err	error counts
1	17367461	20813350.0	0	17367461
2	2923889	5203337.5	0	2923889
3	1515884	1300834.4	0	1515884
4	510232	325208.6	0	510232
5	511000	81302.1	0	511000
6	586469	20325.5	0	586469
7	668417	5081.4	0	668417
8	632673	1270.3	0	632673
9	706854	317.6	0	705668 1186
10	473188	79.4	1	458086 15102
11	368003	19.8	1	355853 12150
12	539720	5.0	1	525163 14557
13	445747	1.2	1	431233 14514
14	586803	1.2	1	567122 19681
15	371376	1.2	1	359416 11960
16	338404	1.2	1	326798 11606
17	568795	1.2	1	549662 19133
18	318143	1.2	1	307988 10155
19	366339	1.2	1	356206 10133
20	331569	1.2	1	322284 9285
21	197420	1.2	1	191913 5507
22	289864	1.2	1	281640 8224
23	362621	1.2	1	351892 10729
24	491020	1.2	1	475947 15073
25	286326	1.2	1	277665 8661
26	223197	1.2	1	216456 6741
27	283641	1.2	1	276318 7323
28	274277	1.2	1	267327 6950
29	140285	1.2	1	136444 3841
30	250206	1.2	1	244613 5593
31	150899	1.2	1	147239 3660
32	222025	1.2	1	217222 4803
33	127246	1.2	1	123989 3257
34	192350	1.2	1	187918 4432
35	118703	1.2	1	115715 2988
36	140283	1.2	1	136966 3317
37	107135	1.2	1	104963 2172
38	129024	1.2	1	126434 2590
39	82997	1.2	1	81326 1671
40	87728	1.2	1	86153 1575
41	82054	1.2	1	80480 1574
42	112791	1.2	1	110745 2046
43	120012	1.2	1	118170 1842
44	34620	1.2	1	33874 746
45	47482	1.2	1	46629 853
46	26394	1.2	1	25898 496
47	26712	1.2	1	26262 450
48	30173	1.2	1	29698 475
49	32158	1.2	1	31701 457
50	23965	1.2	1	23606 359
51	32751	1.2	1	32243 508
52	17050	1.2	1	16787 263
53	20933	1.2	1	20579 354
54	15491	1.2	1	15287 204
55	17019	1.2	1	16770 249
56	7597	1.2	1	7458 139
57	11976	1.2	1	11795 181
58	9942	1.2	1	9758 184
59	7805	1.2	1	7668 137
60	8446	1.2	1	8261 185
61	7225	1.2	1	7109 116
62	5789	1.2	1	5685 104
63	6765	1.2	1	6628 137
64	5572	1.2	1	5442 130
65	4769	1.2	1	4640 129
66	4435	1.2	1	4228 207
67	5128	1.2	1	4391 737
68	7267	1.2	1	6977 290
69	2395	1.2	1	2316 79
70	1540	1.2	1	1495 45
71	1140	1.2	1	1094 46
72	1064	1.2	1	1012 52
73	984	1.2	1	912 72
74	937	1.2	1	819 118
75	1541	1.2	1	963 578
76	2175	1.2	1	1981 194
77	715	1.2	1	662 53
78	257	1.2	1	210 47
79	112	1.2	1	83 29
80	73	1.2	1	36 37
81	50	1.2	1	20 30
82	33	1.2	1	12 21
83	20	1.2	1	8 12
84	36	1.2	1	6 30
85	45	1.2	1	4 41
86	22	1.2	1	3 19
87	27	1.2	1	2 25
88	25	1.2	1	2 23
89	12	1.2	1	0 12
90	9	1.2	1	1 8
91	43	1.2	1	2 41
92	41	1.2	1	0 41
93	22	1.2	1	0 22
94	53	1.2	1	0 53
95	34	1.2	1	0 34
96	25	1.2	1	0 25
97	16	1.2	1	0 16
98	18	1.2	1	0 18
99	23	1.2	1	0 23
100	33	1.2	1	0 33
101	4	1.2	1	0 4
102	8	1.2	1	0 8
103	13	1.2	1	0 13
104	20	1.2	1	0 20
105	12	1.2	1	0 12
106	8	1.2	1	0 8
107	10	1.2	1	1 9
108	17	1.2	1	0 17
109	7	1.2	1	0 7
110	7	1.2	1	0 7
111	5	1.2	1	0 5
112	8	1.2	1	1 7
113	7	1.2	1	0 7
114	15	1.2	1	0 15
115	24	1.2	1	0 24
116	21	1.2	1	0 21
117	18	1.2	1	0 18
118	23	1.2	1	0 23
119	29	1.2	1	0 29
120	38	1.2	1	0 38
121	16	1.2	1	0 16
122	13	1.2	1	0 13
123	19	1.2	1	0 19
124	4	1.2	1	0 4
125	3	1.2	1	0 3
126	3	1.2	1	0 3

RUN STATISTICS FOR INPUT FILE: SRX7101040_1.fastq.gz
=============================================
83253400 sequences processed in total
Sequences removed because they became shorter than the length cutoff of 20 bp:	273661 (0.3%)

