
SUMMARISING RUN PARAMETERS
==========================
Input filename: SRX7101031_1.fastq.gz
Trimming mode: paired-end
Trim Galore version: 0.6.10
Cutadapt version: 4.4
Python version: could not detect
Number of cores used for trimming: 4
Quality Phred score cutoff: 20
Quality encoding type selected: ASCII+33
Using Illumina adapter for trimming (count: 98381). Second best hit was smallRNA (count: 0)
Adapter sequence: 'AGATCGGAAGAGC' (Illumina TruSeq, Sanger iPCR; auto-detected)
Maximum trimming error rate: 0.1 (default)
Minimum required adapter overlap (stringency): 1 bp
Minimum required sequence length for both reads before a sequence pair gets removed: 20 bp
Running FastQC on the data once trimming has completed
Output file will be GZIP compressed


This is cutadapt 4.4 with Python 3.7.16
Command line parameters: -j 4 -e 0.1 -q 20 -O 1 -a AGATCGGAAGAGC SRX7101031_1.fastq.gz
Processing single-end reads on 4 cores ...
Finished in 256.265 s (7.271 µs/read; 8.25 M reads/minute).

=== Summary ===

Total reads processed:              35,245,167
Reads with adapters:                14,997,014 (42.6%)
Reads written (passing filters):    35,245,167 (100.0%)

Total basepairs processed: 4,440,891,042 bp
Quality-trimmed:              66,638,224 bp (1.5%)
Total written (filtered):  4,257,991,495 bp (95.9%)

=== Adapter 1 ===

Sequence: AGATCGGAAGAGC; Type: regular 3'; Length: 13; Trimmed: 14997014 times

Minimum overlap: 1
No. of allowed errors:
1-9 bp: 0; 10-13 bp: 1

Bases preceding removed adapters:
  A: 27.8%
  C: 29.0%
  G: 26.1%
  T: 17.1%
  none/other: 0.0%

Overview of removed sequences
length	count	expect	max.err	error counts
1	7140293	8811291.8	0	7140293
2	1601224	2202822.9	0	1601224
3	704304	550705.7	0	704304
4	272856	137676.4	0	272856
5	250078	34419.1	0	250078
6	248708	8604.8	0	248708
7	270139	2151.2	0	270139
8	204161	537.8	0	204161
9	239446	134.4	0	238885 561
10	214658	33.6	1	207691 6967
11	163369	8.4	1	158015 5354
12	215147	2.1	1	208365 6782
13	218059	0.5	1	210718 7341
14	167089	0.5	1	161306 5783
15	200395	0.5	1	193143 7252
16	144888	0.5	1	139572 5316
17	191996	0.5	1	184259 7737
18	170321	0.5	1	164424 5897
19	159142	0.5	1	153493 5649
20	170360	0.5	1	164036 6324
21	137295	0.5	1	132286 5009
22	145682	0.5	1	140451 5231
23	121933	0.5	1	117895 4038
24	132705	0.5	1	128033 4672
25	154129	0.5	1	148661 5468
26	64985	0.5	1	62799 2186
27	109046	0.5	1	105333 3713
28	122373	0.5	1	117995 4378
29	80430	0.5	1	77574 2856
30	83652	0.5	1	80890 2762
31	79131	0.5	1	76517 2614
32	94940	0.5	1	92011 2929
33	42342	0.5	1	40874 1468
34	73295	0.5	1	70804 2491
35	62333	0.5	1	60279 2054
36	54627	0.5	1	52829 1798
37	42435	0.5	1	41094 1341
38	48721	0.5	1	47117 1604
39	51122	0.5	1	49477 1645
40	45696	0.5	1	44277 1419
41	80630	0.5	1	78611 2019
42	8857	0.5	1	8570 287
43	11618	0.5	1	11255 363
44	7438	0.5	1	7219 219
45	18383	0.5	1	17876 507
46	16193	0.5	1	15765 428
47	17683	0.5	1	17192 491
48	13757	0.5	1	13384 373
49	14181	0.5	1	13764 417
50	11307	0.5	1	11013 294
51	12046	0.5	1	11705 341
52	12352	0.5	1	12015 337
53	10250	0.5	1	9988 262
54	5709	0.5	1	5571 138
55	8964	0.5	1	8751 213
56	5246	0.5	1	5093 153
57	5038	0.5	1	4855 183
58	4823	0.5	1	4665 158
59	3634	0.5	1	3523 111
60	2918	0.5	1	2834 84
61	4379	0.5	1	4265 114
62	2914	0.5	1	2853 61
63	2892	0.5	1	2817 75
64	2427	0.5	1	2341 86
65	2009	0.5	1	1932 77
66	1869	0.5	1	1789 80
67	1618	0.5	1	1529 89
68	1487	0.5	1	1421 66
69	1316	0.5	1	1241 75
70	1101	0.5	1	1026 75
71	1094	0.5	1	978 116
72	1194	0.5	1	947 247
73	2355	0.5	1	1288 1067
74	2970	0.5	1	2721 249
75	845	0.5	1	780 65
76	282	0.5	1	239 43
77	120	0.5	1	95 25
78	96	0.5	1	50 46
79	57	0.5	1	32 25
80	68	0.5	1	11 57
81	20	0.5	1	6 14
82	10	0.5	1	0 10
83	14	0.5	1	2 12
84	18	0.5	1	3 15
85	55	0.5	1	2 53
86	34	0.5	1	0 34
87	36	0.5	1	1 35
88	50	0.5	1	2 48
89	20	0.5	1	0 20
90	21	0.5	1	1 20
91	64	0.5	1	1 63
92	34	0.5	1	0 34
93	43	0.5	1	0 43
94	100	0.5	1	1 99
95	86	0.5	1	1 85
96	42	0.5	1	0 42
97	22	0.5	1	0 22
98	71	0.5	1	0 71
99	39	0.5	1	0 39
100	57	0.5	1	0 57
101	10	0.5	1	0 10
102	13	0.5	1	1 12
103	27	0.5	1	0 27
104	37	0.5	1	0 37
105	12	0.5	1	0 12
106	15	0.5	1	0 15
107	9	0.5	1	0 9
108	8	0.5	1	0 8
109	9	0.5	1	0 9
110	7	0.5	1	0 7
111	17	0.5	1	0 17
112	14	0.5	1	0 14
113	27	0.5	1	1 26
114	32	0.5	1	0 32
115	72	0.5	1	0 72
116	47	0.5	1	0 47
117	44	0.5	1	0 44
118	22	0.5	1	0 22
119	24	0.5	1	0 24
120	36	0.5	1	0 36
121	23	0.5	1	1 22
122	24	0.5	1	0 24
123	12	0.5	1	1 11
124	7	0.5	1	0 7
125	1	0.5	1	0 1
126	4	0.5	1	0 4

RUN STATISTICS FOR INPUT FILE: SRX7101031_1.fastq.gz
=============================================
35245167 sequences processed in total

