
SUMMARISING RUN PARAMETERS
==========================
Input filename: SRX7101039_1.fastq.gz
Trimming mode: single-end
Trim Galore version: 0.6.10
Cutadapt version: 4.4
Python version: could not detect
Number of cores used for trimming: 4
Quality Phred score cutoff: 20
Quality encoding type selected: ASCII+33
Using Illumina adapter for trimming (count: 121153). Second best hit was smallRNA (count: 0)
Adapter sequence: 'AGATCGGAAGAGC' (Illumina TruSeq, Sanger iPCR; auto-detected)
Maximum trimming error rate: 0.1 (default)
Minimum required adapter overlap (stringency): 1 bp
Minimum required sequence length before a sequence gets removed: 20 bp
Running FastQC on the data once trimming has completed
Output file will be GZIP compressed


This is cutadapt 4.4 with Python 3.7.16
Command line parameters: -j 4 -e 0.1 -q 20 -O 1 -a AGATCGGAAGAGC SRX7101039_1.fastq.gz
Processing single-end reads on 4 cores ...
Finished in 586.067 s (7.219 µs/read; 8.31 M reads/minute).

=== Summary ===

Total reads processed:              81,185,554
Reads with adapters:                32,999,361 (40.6%)
Reads written (passing filters):    81,185,554 (100.0%)

Total basepairs processed: 9,571,784,304 bp
Quality-trimmed:             450,866,701 bp (4.7%)
Total written (filtered):  8,878,296,917 bp (92.8%)

=== Adapter 1 ===

Sequence: AGATCGGAAGAGC; Type: regular 3'; Length: 13; Trimmed: 32999361 times

Minimum overlap: 1
No. of allowed errors:
1-9 bp: 0; 10-13 bp: 1

Bases preceding removed adapters:
  A: 28.0%
  C: 28.6%
  G: 26.7%
  T: 16.7%
  none/other: 0.0%

Overview of removed sequences
length	count	expect	max.err	error counts
1	16848958	20296388.5	0	16848958
2	2866021	5074097.1	0	2866021
3	1447027	1268524.3	0	1447027
4	493179	317131.1	0	493179
5	487706	79282.8	0	487706
6	561654	19820.7	0	561654
7	628060	4955.2	0	628060
8	578509	1238.8	0	578509
9	666997	309.7	0	665753 1244
10	423336	77.4	1	410699 12637
11	335045	19.4	1	324841 10204
12	492104	4.8	1	479771 12333
13	409806	1.2	1	397636 12170
14	522651	1.2	1	505907 16744
15	351714	1.2	1	341805 9909
16	290603	1.2	1	281263 9340
17	505239	1.2	1	489501 15738
18	284715	1.2	1	276519 8196
19	318190	1.2	1	310070 8120
20	282230	1.2	1	275092 7138
21	190409	1.2	1	185674 4735
22	264826	1.2	1	257801 7025
23	317107	1.2	1	308175 8932
24	421078	1.2	1	409042 12036
25	259181	1.2	1	252114 7067
26	182942	1.2	1	177690 5252
27	239553	1.2	1	234043 5510
28	229003	1.2	1	224044 4959
29	119084	1.2	1	116029 3055
30	216028	1.2	1	211567 4461
31	127539	1.2	1	124565 2974
32	197469	1.2	1	193692 3777
33	100229	1.2	1	97664 2565
34	161507	1.2	1	158153 3354
35	96738	1.2	1	94360 2378
36	103204	1.2	1	100878 2326
37	95854	1.2	1	94073 1781
38	106234	1.2	1	104256 1978
39	74597	1.2	1	73235 1362
40	79580	1.2	1	78259 1321
41	84216	1.2	1	82882 1334
42	83243	1.2	1	81911 1332
43	73344	1.2	1	72327 1017
44	32569	1.2	1	32004 565
45	43461	1.2	1	42839 622
46	24193	1.2	1	23802 391
47	26545	1.2	1	26211 334
48	26372	1.2	1	26024 348
49	31594	1.2	1	31187 407
50	18476	1.2	1	18219 257
51	29188	1.2	1	28802 386
52	13940	1.2	1	13748 192
53	18155	1.2	1	17910 245
54	13157	1.2	1	12981 176
55	14722	1.2	1	14537 185
56	6385	1.2	1	6280 105
57	9774	1.2	1	9640 134
58	8318	1.2	1	8170 148
59	6901	1.2	1	6782 119
60	7089	1.2	1	6956 133
61	6497	1.2	1	6405 92
62	4919	1.2	1	4822 97
63	5812	1.2	1	5711 101
64	4852	1.2	1	4762 90
65	4439	1.2	1	4346 93
66	3902	1.2	1	3775 127
67	4009	1.2	1	3694 315
68	5905	1.2	1	5703 202
69	2150	1.2	1	2099 51
70	1232	1.2	1	1202 30
71	940	1.2	1	907 33
72	871	1.2	1	826 45
73	820	1.2	1	773 47
74	804	1.2	1	730 74
75	1224	1.2	1	962 262
76	1818	1.2	1	1729 89
77	497	1.2	1	466 31
78	132	1.2	1	91 41
79	49	1.2	1	27 22
80	54	1.2	1	13 41
81	25	1.2	1	3 22
82	17	1.2	1	1 16
83	19	1.2	1	4 15
84	20	1.2	1	2 18
85	53	1.2	1	2 51
86	23	1.2	1	2 21
87	19	1.2	1	0 19
88	18	1.2	1	0 18
89	14	1.2	1	0 14
90	13	1.2	1	0 13
91	23	1.2	1	0 23
92	35	1.2	1	1 34
93	31	1.2	1	2 29
94	50	1.2	1	2 48
95	43	1.2	1	0 43
96	21	1.2	1	0 21
97	15	1.2	1	0 15
98	29	1.2	1	0 29
99	21	1.2	1	0 21
100	32	1.2	1	0 32
101	13	1.2	1	0 13
102	12	1.2	1	0 12
103	12	1.2	1	0 12
104	16	1.2	1	0 16
105	14	1.2	1	0 14
106	14	1.2	1	0 14
107	8	1.2	1	0 8
108	12	1.2	1	0 12
109	8	1.2	1	0 8
110	13	1.2	1	0 13
111	9	1.2	1	0 9
112	12	1.2	1	0 12
113	13	1.2	1	0 13
114	15	1.2	1	0 15
115	12	1.2	1	0 12
116	28	1.2	1	0 28
117	16	1.2	1	0 16
118	10	1.2	1	0 10
119	30	1.2	1	0 30
120	36	1.2	1	0 36
121	23	1.2	1	0 23
122	17	1.2	1	0 17
123	16	1.2	1	0 16
124	3	1.2	1	1 2
125	3	1.2	1	0 3
126	1	1.2	1	0 1

RUN STATISTICS FOR INPUT FILE: SRX7101039_1.fastq.gz
=============================================
81185554 sequences processed in total
Sequences removed because they became shorter than the length cutoff of 20 bp:	271826 (0.3%)

