
SUMMARISING RUN PARAMETERS
==========================
Input filename: SRX7101036_1.fastq.gz
Trimming mode: single-end
Trim Galore version: 0.6.10
Cutadapt version: 4.4
Python version: could not detect
Number of cores used for trimming: 4
Quality Phred score cutoff: 20
Quality encoding type selected: ASCII+33
Using Illumina adapter for trimming (count: 114573). Second best hit was smallRNA (count: 0)
Adapter sequence: 'AGATCGGAAGAGC' (Illumina TruSeq, Sanger iPCR; auto-detected)
Maximum trimming error rate: 0.1 (default)
Minimum required adapter overlap (stringency): 1 bp
Minimum required sequence length before a sequence gets removed: 20 bp
Running FastQC on the data once trimming has completed
Output file will be GZIP compressed


This is cutadapt 4.4 with Python 3.7.16
Command line parameters: -j 4 -e 0.1 -q 20 -O 1 -a AGATCGGAAGAGC SRX7101036_1.fastq.gz
Processing single-end reads on 4 cores ...
Finished in 600.706 s (7.563 µs/read; 7.93 M reads/minute).

=== Summary ===

Total reads processed:              79,431,504
Reads with adapters:                32,180,367 (40.5%)
Reads written (passing filters):    79,431,504 (100.0%)

Total basepairs processed: 9,412,132,554 bp
Quality-trimmed:             451,341,599 bp (4.8%)
Total written (filtered):  8,729,229,598 bp (92.7%)

=== Adapter 1 ===

Sequence: AGATCGGAAGAGC; Type: regular 3'; Length: 13; Trimmed: 32180367 times

Minimum overlap: 1
No. of allowed errors:
1-9 bp: 0; 10-13 bp: 1

Bases preceding removed adapters:
  A: 28.7%
  C: 27.7%
  G: 26.4%
  T: 17.2%
  none/other: 0.0%

Overview of removed sequences
length	count	expect	max.err	error counts
1	16896103	19857876.0	0	16896103
2	2818483	4964469.0	0	2818483
3	1412368	1241117.2	0	1412368
4	457852	310279.3	0	457852
5	444964	77569.8	0	444964
6	508675	19392.5	0	508675
7	596049	4848.1	0	596049
8	545418	1212.0	0	545418
9	574454	303.0	0	573099 1355
10	425537	75.8	1	412609 12928
11	290763	18.9	1	280728 10035
12	456666	4.7	1	444669 11997
13	368735	1.2	1	356903 11832
14	479549	1.2	1	463606 15943
15	319329	1.2	1	309710 9619
16	264248	1.2	1	255172 9076
17	456912	1.2	1	442181 14731
18	252604	1.2	1	244891 7713
19	302000	1.2	1	293922 8078
20	262601	1.2	1	255459 7142
21	167911	1.2	1	163458 4453
22	246680	1.2	1	239911 6769
23	292657	1.2	1	284141 8516
24	402461	1.2	1	390455 12006
25	231794	1.2	1	225040 6754
26	185926	1.2	1	180544 5382
27	228904	1.2	1	223092 5812
28	227879	1.2	1	222517 5362
29	112293	1.2	1	109187 3106
30	204721	1.2	1	200332 4389
31	116530	1.2	1	113818 2712
32	176492	1.2	1	172948 3544
33	100703	1.2	1	98137 2566
34	170486	1.2	1	166462 4024
35	102632	1.2	1	100049 2583
36	115182	1.2	1	112562 2620
37	85651	1.2	1	83836 1815
38	130057	1.2	1	127357 2700
39	65876	1.2	1	64581 1295
40	71383	1.2	1	70190 1193
41	106663	1.2	1	105090 1573
42	56974	1.2	1	55946 1028
43	25040	1.2	1	24484 556
44	35558	1.2	1	34967 591
45	56376	1.2	1	55519 857
46	35896	1.2	1	35359 537
47	31116	1.2	1	30620 496
48	24757	1.2	1	24353 404
49	30006	1.2	1	29541 465
50	19453	1.2	1	19174 279
51	31690	1.2	1	31262 428
52	20375	1.2	1	20097 278
53	18618	1.2	1	18378 240
54	8367	1.2	1	8225 142
55	13830	1.2	1	13639 191
56	9010	1.2	1	8877 133
57	9025	1.2	1	8873 152
58	8243	1.2	1	8056 187
59	6805	1.2	1	6691 114
60	6185	1.2	1	6053 132
61	7416	1.2	1	7281 135
62	6790	1.2	1	6688 102
63	5860	1.2	1	5748 112
64	4889	1.2	1	4797 92
65	4327	1.2	1	4196 131
66	4143	1.2	1	3983 160
67	4637	1.2	1	4163 474
68	6469	1.2	1	6266 203
69	2110	1.2	1	2035 75
70	1256	1.2	1	1210 46
71	1109	1.2	1	1052 57
72	1098	1.2	1	997 101
73	1557	1.2	1	1196 361
74	2453	1.2	1	2324 129
75	718	1.2	1	682 36
76	201	1.2	1	158 43
77	76	1.2	1	45 31
78	89	1.2	1	18 71
79	34	1.2	1	5 29
80	60	1.2	1	9 51
81	36	1.2	1	7 29
82	12	1.2	1	1 11
83	23	1.2	1	1 22
84	29	1.2	1	2 27
85	70	1.2	1	1 69
86	41	1.2	1	1 40
87	36	1.2	1	1 35
88	30	1.2	1	1 29
89	25	1.2	1	2 23
90	24	1.2	1	0 24
91	59	1.2	1	0 59
92	70	1.2	1	0 70
93	42	1.2	1	0 42
94	95	1.2	1	1 94
95	70	1.2	1	0 70
96	49	1.2	1	0 49
97	31	1.2	1	0 31
98	50	1.2	1	0 50
99	41	1.2	1	0 41
100	49	1.2	1	0 49
101	10	1.2	1	0 10
102	24	1.2	1	0 24
103	23	1.2	1	0 23
104	35	1.2	1	0 35
105	23	1.2	1	0 23
106	15	1.2	1	0 15
107	17	1.2	1	1 16
108	21	1.2	1	0 21
109	27	1.2	1	0 27
110	30	1.2	1	0 30
111	10	1.2	1	0 10
112	17	1.2	1	0 17
113	30	1.2	1	0 30
114	25	1.2	1	0 25
115	48	1.2	1	0 48
116	50	1.2	1	0 50
117	53	1.2	1	0 53
118	29	1.2	1	0 29
119	44	1.2	1	0 44
120	69	1.2	1	0 69
121	38	1.2	1	0 38
122	16	1.2	1	0 16
123	11	1.2	1	0 11
124	1	1.2	1	0 1
125	11	1.2	1	0 11
126	1	1.2	1	0 1

RUN STATISTICS FOR INPUT FILE: SRX7101036_1.fastq.gz
=============================================
79431504 sequences processed in total
Sequences removed because they became shorter than the length cutoff of 20 bp:	281818 (0.4%)

