
SUMMARISING RUN PARAMETERS
==========================
Input filename: SRX7101034_1.fastq.gz
Trimming mode: paired-end
Trim Galore version: 0.6.10
Cutadapt version: 4.4
Python version: could not detect
Number of cores used for trimming: 4
Quality Phred score cutoff: 20
Quality encoding type selected: ASCII+33
Using Illumina adapter for trimming (count: 147156). Second best hit was smallRNA (count: 0)
Adapter sequence: 'AGATCGGAAGAGC' (Illumina TruSeq, Sanger iPCR; auto-detected)
Maximum trimming error rate: 0.1 (default)
Minimum required adapter overlap (stringency): 1 bp
Minimum required sequence length for both reads before a sequence pair gets removed: 20 bp
Running FastQC on the data once trimming has completed
Output file will be GZIP compressed


This is cutadapt 4.4 with Python 3.7.16
Command line parameters: -j 4 -e 0.1 -q 20 -O 1 -a AGATCGGAAGAGC SRX7101034_1.fastq.gz
Processing single-end reads on 4 cores ...
Finished in 270.529 s (6.697 µs/read; 8.96 M reads/minute).

=== Summary ===

Total reads processed:              40,397,480
Reads with adapters:                18,865,750 (46.7%)
Reads written (passing filters):    40,397,480 (100.0%)

Total basepairs processed: 5,090,082,480 bp
Quality-trimmed:              69,900,943 bp (1.4%)
Total written (filtered):  4,828,572,156 bp (94.9%)

=== Adapter 1 ===

Sequence: AGATCGGAAGAGC; Type: regular 3'; Length: 13; Trimmed: 18865750 times

Minimum overlap: 1
No. of allowed errors:
1-9 bp: 0; 10-13 bp: 1

Bases preceding removed adapters:
  A: 25.5%
  C: 28.0%
  G: 30.1%
  T: 16.4%
  none/other: 0.0%

Overview of removed sequences
length	count	expect	max.err	error counts
1	7385017	10099370.0	0	7385017
2	1883057	2524842.5	0	1883057
3	795744	631210.6	0	795744
4	348578	157802.7	0	348578
5	334997	39450.7	0	334997
6	344111	9862.7	0	344111
7	380973	2465.7	0	380973
8	290402	616.4	0	290402
9	347792	154.1	0	347448 344
10	301730	38.5	1	295710 6020
11	239750	9.6	1	234794 4956
12	310570	2.4	1	304483 6087
13	327871	0.6	1	320556 7315
14	240245	0.6	1	234693 5552
15	298503	0.6	1	291239 7264
16	238971	0.6	1	232683 6288
17	293513	0.6	1	284916 8597
18	257163	0.6	1	251195 5968
19	257793	0.6	1	251350 6443
20	260948	0.6	1	254105 6843
21	250143	0.6	1	243675 6468
22	235910	0.6	1	229558 6352
23	204351	0.6	1	199756 4595
24	224058	0.6	1	218825 5233
25	235267	0.6	1	229486 5781
26	134243	0.6	1	131144 3099
27	190821	0.6	1	186195 4626
28	209324	0.6	1	204213 5111
29	146189	0.6	1	142440 3749
30	149939	0.6	1	146570 3369
31	143524	0.6	1	140356 3168
32	191242	0.6	1	187226 4016
33	80205	0.6	1	78063 2142
34	156184	0.6	1	153160 3024
35	61746	0.6	1	60337 1409
36	98541	0.6	1	96450 2091
37	100071	0.6	1	97871 2200
38	119988	0.6	1	117397 2591
39	74162	0.6	1	72537 1625
40	86527	0.6	1	84953 1574
41	143640	0.6	1	141577 2063
42	25203	0.6	1	24741 462
43	24156	0.6	1	23810 346
44	22801	0.6	1	22479 322
45	39113	0.6	1	38600 513
46	34404	0.6	1	33983 421
47	39924	0.6	1	39356 568
48	28232	0.6	1	27897 335
49	32679	0.6	1	32193 486
50	23480	0.6	1	23154 326
51	25424	0.6	1	25030 394
52	26028	0.6	1	25641 387
53	21535	0.6	1	21204 331
54	13177	0.6	1	12978 199
55	18187	0.6	1	17932 255
56	11757	0.6	1	11584 173
57	12174	0.6	1	12014 160
58	9963	0.6	1	9776 187
59	8711	0.6	1	8581 130
60	6640	0.6	1	6542 98
61	9377	0.6	1	9255 122
62	6542	0.6	1	6451 91
63	6675	0.6	1	6581 94
64	5131	0.6	1	5059 72
65	4148	0.6	1	4104 44
66	4015	0.6	1	3926 89
67	3578	0.6	1	3532 46
68	3283	0.6	1	3234 49
69	3215	0.6	1	3145 70
70	2690	0.6	1	2621 69
71	2592	0.6	1	2485 107
72	2773	0.6	1	2556 217
73	4096	0.6	1	3140 956
74	6864	0.6	1	6653 211
75	1846	0.6	1	1790 56
76	499	0.6	1	476 23
77	210	0.6	1	193 17
78	92	0.6	1	72 20
79	53	0.6	1	44 9
80	65	0.6	1	28 37
81	24	0.6	1	19 5
82	23	0.6	1	15 8
83	11	0.6	1	6 5
84	9	0.6	1	7 2
85	17	0.6	1	7 10
86	8	0.6	1	3 5
87	18	0.6	1	6 12
88	19	0.6	1	1 18
89	9	0.6	1	2 7
90	7	0.6	1	1 6
91	30	0.6	1	2 28
92	26	0.6	1	1 25
93	27	0.6	1	1 26
94	54	0.6	1	0 54
95	41	0.6	1	1 40
96	20	0.6	1	1 19
97	9	0.6	1	1 8
98	17	0.6	1	1 16
99	19	0.6	1	0 19
100	31	0.6	1	0 31
101	8	0.6	1	0 8
102	8	0.6	1	1 7
103	9	0.6	1	2 7
104	11	0.6	1	1 10
105	4	0.6	1	1 3
106	10	0.6	1	0 10
107	4	0.6	1	0 4
108	2	0.6	1	1 1
109	5	0.6	1	0 5
110	7	0.6	1	0 7
111	6	0.6	1	0 6
112	5	0.6	1	0 5
113	10	0.6	1	0 10
114	9	0.6	1	0 9
115	17	0.6	1	0 17
116	11	0.6	1	0 11
117	20	0.6	1	0 20
118	4	0.6	1	0 4
119	7	0.6	1	0 7
120	11	0.6	1	0 11
121	9	0.6	1	1 8
122	11	0.6	1	0 11
123	3	0.6	1	0 3
124	2	0.6	1	0 2
125	1	0.6	1	0 1
126	2	0.6	1	0 2

RUN STATISTICS FOR INPUT FILE: SRX7101034_1.fastq.gz
=============================================
40397480 sequences processed in total

