Sample	Unassigned: Overlapping Length	Assigned	Unassigned: r RNA	Unassigned: Unmapped	Unassigned: No Features	Unassigned: Ambiguity
Kiley_A_DZM0422_Aerobic_A	2757562.0	56316666.0	7522108.0	2184498.0	3592802.0	45970.0
Kiley_A_DZM0422_Aerobic_B	2784060.0	54552211.0	6090661.0	1965794.0	3267114.0	43698.0
Kiley_A_DZM0422_Aerobic_C	2761395.0	55045254.0	6646331.0	2104834.0	3326711.0	45513.0
Kiley_A_DZM0422_Anaerobic_A	2914505.0	58375783.0	6465873.0	3295050.0	3402515.0	51314.0
Kiley_A_DZM0422_Anaerobic_B	2413210.0	49423959.0	5262562.0	2761952.0	3102712.0	43561.0
Kiley_A_DZM0422_Anaerobic_C	2327283.0	46669605.0	5806319.0	2224854.0	3131980.0	41167.0
Kiley_A_WT_Aerobic_A	2504742.0	50364330.0	6274490.0	2764130.0	3463491.0	43069.0
Kiley_A_WT_Aerobic_B	2237386.0	44983620.0	5899621.0	2016516.0	2845448.0	37655.0
Kiley_A_WT_Aerobic_C	2644618.0	51289282.0	5848477.0	2034222.0	2922132.0	42383.0
Kiley_A_WT_Anaerobic_A	2197554.0	46187071.0	6316592.0	2880072.0	2828551.0	41406.0
Kiley_A_WT_Anaerobic_B	2551803.0	50037538.0	7083229.0	3102242.0	2790731.0	40777.0
Kiley_A_WT_Anaerobic_C	2391990.0	45366315.0	3933069.0	2103726.0	2683299.0	39737.0
Kiley_B_Dfur_-O2_A	395227.0	6881332.0	1858.0	316702.0	643721.0	4794.0
Kiley_B_Dfur_-O2_B	34485.0	97409.0	0.0	399490.0	8027514.0	50.0
Kiley_B_Dfur_-O2_C	358874.0	6172480.0	1755.0	318522.0	575642.0	4403.0
Kiley_B_DrsuR_-O2_A	365994.0	6267028.0	1567.0	275718.0	509109.0	4428.0
Kiley_B_DrsuR_-O2_B	403020.0	6920037.0	1745.0	295934.0	559036.0	5132.0
Kiley_B_DrsuR_-O2_C	479291.0	8251754.0	1450.0	301228.0	545303.0	6906.0
Kiley_B_WT_+O2_Ctrl_A	385403.0	6434099.0	2035.0	194648.0	623649.0	4668.0
Kiley_B_WT_+O2_Ctrl_B	337635.0	5605926.0	1700.0	198274.0	547983.0	3986.0
Kiley_B_WT_+O2_Ctrl_C	31353.0	99822.0	2.0	263758.0	7423581.0	50.0
Kiley_B_WT_+O2_Paraquat_A	400321.0	6607689.0	2454.0	306606.0	585616.0	4580.0
Kiley_B_WT_+O2_Paraquat_B	330376.0	5475711.0	1326.0	237036.0	473097.0	3774.0
Kiley_B_WT_+O2_Paraquat_C	492143.0	8085577.0	2159.0	269582.0	762246.0	5811.0
Kiley_B_WT_-O2_Ctrl_A	411821.0	7109981.0	2099.0	221862.0	573568.0	5529.0
Kiley_B_WT_-O2_Ctrl_B	300055.0	5296759.0	1801.0	231998.0	399291.0	3998.0
Kiley_B_WT_-O2_Ctrl_C	404490.0	6983837.0	1664.0	266582.0	555727.0	5378.0
Kiley_B_WT_-O2_NoFe_A	401532.0	7155405.0	1519.0	246686.0	466890.0	6060.0
Kiley_B_WT_-O2_NoFe_B	488892.0	8372235.0	2317.0	371700.0	679499.0	6087.0
Kiley_B_WT_-O2_NoFe_C	434214.0	7390608.0	1542.0	379364.0	563182.0	5676.0
Kiley_B_WT_-O2_NoFe_DIP_A	318866.0	5483744.0	867.0	281954.0	345143.0	4620.0
Kiley_B_WT_-O2_NoFe_DIP_B	437243.0	7269165.0	1310.0	298856.0	601338.0	5356.0
Kiley_B_WT_-O2_NoFe_DIP_C	580519.0	9877302.0	1914.0	446358.0	813711.0	7502.0
Kiley_B_WT_-O2_Peroxide_A	366598.0	7315540.0	1112.0	234818.0	473886.0	4940.0
Kiley_B_WT_-O2_Peroxide_C	366438.0	6523426.0	1090.0	274868.0	467521.0	3669.0
SRX10341586	848827.0	14912307.0	5002.0	1016158.0	1382458.0	12098.0
SRX10341587	800295.0	13798932.0	3897.0	1121922.0	2077055.0	9409.0
SRX10341588	679327.0	12173019.0	11124.0	719942.0	1308620.0	8366.0
SRX10341589	557648.0	10895216.0	1537.0	619018.0	4358892.0	10211.0
SRX10341590	962312.0	18779164.0	2296.0	2305804.0	2952900.0	17316.0
SRX10341591	978135.0	19207061.0	1403.0	2398686.0	2587940.0	19537.0
SRX10341592	725367.0	13376484.0	3276.0	671520.0	1347951.0	10976.0
SRX10341593	784887.0	13545049.0	11580.0	762490.0	1501562.0	11718.0
SRX10341594	941610.0	15603110.0	19795.0	944556.0	1684747.0	13236.0
SRX10341595	825095.0	15322693.0	8567.0	1005742.0	1618475.0	12814.0
SRX10341596	880898.0	14766885.0	9834.0	868836.0	1684009.0	12666.0
SRX10341597	676256.0	11942093.0	7116.0	747112.0	1242037.0	10350.0
SRX11348531	902026.0	12287495.0	11242.0	6476334.0	2083247.0	10490.0
SRX11348532	1008037.0	14620863.0	11962.0	7268884.0	2701893.0	13849.0
SRX1432806	207646.0	4372111.0	4160211.0	4620313.0	1181287.0	3714.0
SRX14563846	1490829.0	38782569.0	1070210.0	1592584.0	3188920.0	18264.0
SRX14563847	1308648.0	34766426.0	1679428.0	2178918.0	2933616.0	16722.0
SRX14563848	1345292.0	36224546.0	2699529.0	4561456.0	3319159.0	18424.0
SRX14563849	1508659.0	39717723.0	998290.0	1500530.0	2935070.0	19132.0
SRX14570260	634259.0	19922783.0	37205.0	1534364.0	2101549.0	12454.0
SRX14570261	482876.0	15376800.0	28785.0	1197780.0	1608161.0	9658.0
SRX14570262	583220.0	17642669.0	30156.0	1308904.0	1819001.0	10884.0
SRX14570263	645105.0	19308143.0	46114.0	1697294.0	2369622.0	14032.0
SRX14570264	744607.0	20583527.0	47461.0	1620704.0	2411463.0	14356.0
SRX14570265	1392148.0	21509315.0	22656.0	1637960.0	2994238.0	15975.0
SRX14570266	1381555.0	21881553.0	30263.0	1754928.0	3307529.0	16064.0
SRX14570267	832918.0	22507496.0	29727.0	1596368.0	2354037.0	15650.0
SRX14570268	658686.0	18196313.0	25585.0	1409494.0	1928987.0	12663.0
SRX14570269	488954.0	13527944.0	44355.0	1112394.0	1509106.0	8921.0
SRX14570270	605340.0	17814246.0	38912.0	1351732.0	1824311.0	11289.0
SRX14570271	573975.0	15126428.0	108197.0	1232046.0	1857815.0	9977.0
SRX14570272	564796.0	15915282.0	71019.0	1586512.0	1960478.0	10831.0
SRX14570273	568309.0	15993819.0	69102.0	1627320.0	1910829.0	11615.0
SRX14570274	685647.0	18091443.0	82159.0	1585896.0	2192860.0	12567.0
SRX14570275	670507.0	18601784.0	56797.0	1487746.0	2246101.0	12643.0
SRX14570276	598693.0	17124942.0	56726.0	1490452.0	1941896.0	11609.0
SRX14570277	826719.0	22431744.0	73104.0	1925648.0	2686800.0	15289.0
SRX14953908	1206827.0	24092674.0	3238586.0	50635782.0	1964661.0	15144.0
SRX14953909	2542948.0	48851756.0	1126049.0	8356810.0	4251309.0	35226.0
SRX14953910	1721380.0	35145872.0	2706232.0	23754532.0	2655272.0	23380.0
SRX14953911	2136571.0	44709576.0	1193918.0	10112890.0	3378149.0	31126.0
SRX14953912	526785.0	10369224.0	1642401.0	49440908.0	890850.0	6872.0
SRX14953913	2259157.0	46661107.0	1538792.0	13933374.0	6050841.0	29013.0
SRX14953914	351489.0	7488938.0	1670256.0	46606744.0	1099701.0	4502.0
SRX14953915	408042.0	8623423.0	1610161.0	45566792.0	1134521.0	5421.0
SRX14953916	1130815.0	23216920.0	2910506.0	35969866.0	2918940.0	14345.0
SRX14953917	2423333.0	46870374.0	1260656.0	11946946.0	4064335.0	30674.0
SRX14953918	2865279.0	56638519.0	144404.0	6941042.0	4616354.0	38028.0
SRX14953919	948886.0	18517968.0	2214898.0	49588752.0	1521822.0	12874.0
SRX14953920	519383.0	10462688.0	1784472.0	53599944.0	1193809.0	5928.0
SRX14953921	1224993.0	25040447.0	1768833.0	39766264.0	2584147.0	14358.0
SRX14953922	449974.0	9395645.0	1867285.0	61700706.0	1337798.0	5788.0
SRX14953923	989219.0	18946908.0	1832787.0	49242540.0	2656114.0	12690.0
SRX14953924	2031909.0	42116617.0	507578.0	5538202.0	4834664.0	26116.0
SRX14953925	317680.0	6074290.0	1066115.0	53288330.0	783198.0	3747.0
SRX14953926	1244443.0	23804789.0	1273223.0	24399752.0	3465457.0	14490.0
SRX14953927	633757.0	12534292.0	2838155.0	48976484.0	1812406.0	7034.0
SRX14953928	303934.0	7163477.0	2078981.0	62258212.0	1790287.0	5457.0
SRX14953929	366872.0	9435376.0	4034001.0	44728544.0	2693104.0	6655.0
SRX14953930	1377146.0	32657853.0	2511129.0	17641510.0	9132452.0	23152.0
SRX14953931	153182.0	3494130.0	1060920.0	39396308.0	899613.0	2583.0
SRX14953932	65215.0	1598456.0	622484.0	45258150.0	433633.0	1302.0
SRX18804540	868741.0	17805653.0	31774.0	981206.0	1470939.0	15767.0
SRX18804541	900004.0	18586887.0	9965.0	1171632.0	1571954.0	16526.0
SRX18804542	781618.0	15524893.0	27087.0	829634.0	1118221.0	14775.0
SRX18804543	716360.0	14833477.0	20216.0	830664.0	2119142.0	11143.0
SRX18804544	1022429.0	20301724.0	13631.0	1398140.0	3225132.0	15542.0
SRX18804545	917638.0	17781546.0	12724.0	1253644.0	3280348.0	13464.0
SRX18804546	641742.0	13979053.0	3022.0	731284.0	2408441.0	10530.0
SRX18804547	713209.0	17779729.0	17703.0	975092.0	1369685.0	12458.0
SRX18804548	814991.0	16903172.0	3693.0	1824222.0	1723698.0	12746.0
SRX18804549	727206.0	15901977.0	134546.0	1398502.0	876239.0	11532.0
SRX18804550	595493.0	13332122.0	68869.0	1251734.0	2221080.0	9626.0
SRX18804551	630877.0	13173916.0	91964.0	1120260.0	1312221.0	9050.0
SRX18804552	429531.0	11295101.0	135458.0	2429880.0	2101816.0	7160.0
SRX18804553	519914.0	13481517.0	99941.0	1190622.0	1710404.0	8278.0
SRX18804554	366792.0	12790568.0	70850.0	1118306.0	1393033.0	8419.0
SRX19817112	301654.0	7608978.0	418097.0	13107014.0	387523.0	7034.0
SRX19817113	285427.0	6954626.0	461623.0	11520040.0	364607.0	6383.0
SRX19817114	367374.0	8709814.0	572239.0	10669812.0	503533.0	8146.0
SRX19817115	307158.0	7375769.0	323373.0	12951658.0	374108.0	7054.0
SRX19817116	327489.0	7462134.0	315059.0	12372238.0	392629.0	6887.0
SRX19817117	420241.0	9802232.0	431798.0	11176822.0	503347.0	9348.0
SRX2036088	153818.0	2374575.0	38202704.0	2754120.0	3361253.0	1989.0
SRX2036089	160314.0	2334699.0	35938416.0	2637388.0	2776411.0	1981.0
SRX2036090	152834.0	2200673.0	36066858.0	2188677.0	2284434.0	1691.0
SRX2036091	134869.0	1803687.0	33991616.0	2416302.0	2587868.0	1573.0
SRX2036300	1666878.0	17053617.0	1444051.0	1210042.0	5486842.0	16380.0
SRX2036303	1634709.0	15363389.0	1342520.0	1044888.0	5220251.0	15633.0
SRX2036305	1962658.0	18751224.0	2153565.0	1410960.0	5799947.0	17726.0
SRX2036307	2107105.0	20436637.0	730618.0	1560610.0	6607477.0	19557.0
SRX2037533	1443055.0	26084629.0	919198.0	2350717.0	6052835.0	22235.0
SRX2037535	1492069.0	27694662.0	801995.0	2422873.0	6092037.0	23953.0
SRX2037536	1576394.0	26757377.0	3759916.0	10738957.0	5764453.0	31136.0
SRX2037537	2009384.0	32292748.0	5331787.0	11557482.0	7244496.0	37440.0
SRX2037538	1956657.0	33153430.0	1271375.0	2482851.0	10181803.0	34755.0
SRX2037540	1634044.0	26823881.0	1173519.0	1981417.0	8945419.0	26883.0
SRX2037541	1506666.0	23671118.0	1217704.0	6502824.0	9151139.0	27120.0
SRX2037542	1661556.0	27023480.0	1468312.0	7797908.0	10213120.0	31355.0
SRX2037691	1257781.0	17483394.0	3066643.0	6825450.0	4887654.0	13248.0
SRX2037693	1005248.0	14314367.0	8828815.0	5405466.0	4248018.0	11948.0
SRX2037695	1113731.0	14964078.0	3721143.0	4789308.0	4593311.0	12889.0
SRX2037697	1139158.0	15806384.0	3917113.0	5021834.0	4842895.0	13596.0
SRX2037699	1254625.0	16549935.0	2067439.0	7474110.0	4525749.0	11516.0
SRX2037713	1211576.0	14817772.0	2465787.0	9752354.0	4965345.0	11584.0
SRX2037715	1101827.0	14853116.0	3791205.0	9851914.0	4876991.0	12499.0
SRX2037717	794518.0	11315215.0	5792106.0	4658650.0	3474396.0	9747.0
SRX2116174	118585.0	2114057.0	2212107.0	2317034.0	505862.0	1743.0
SRX2116175	107862.0	1959750.0	2267505.0	2964982.0	497507.0	1744.0
SRX2116176	210598.0	3792618.0	2018791.0	524232.0	385490.0	2411.0
SRX21659709	444335.0	14010097.0	3664125.0	1353868.0	985349.0	7532.0
SRX21659710	532676.0	16654994.0	2675510.0	1524268.0	1001211.0	8985.0
SRX21659711	1034020.0	34710067.0	8748838.0	3146570.0	2516867.0	18286.0
SRX22720559	1533992.0	30017058.0	413734.0	2189128.0	2105265.0	22603.0
SRX22720560	1511623.0	30199486.0	442224.0	1940142.0	2107234.0	23367.0
SRX22720561	1627579.0	30521793.0	212298.0	1887646.0	1927686.0	20168.0
SRX22720562	1594097.0	30021853.0	346665.0	1865774.0	2220825.0	20808.0
SRX22720563	1590127.0	29977116.0	294621.0	2114412.0	2083831.0	20359.0
SRX22720564	1579687.0	30522345.0	349680.0	1773506.0	2045050.0	20152.0
SRX22720565	1514187.0	30114293.0	467744.0	2066092.0	1919146.0	22222.0
SRX22720566	1528685.0	29862667.0	383423.0	2442432.0	1987082.0	22877.0
SRX22720567	1601064.0	30660098.0	352211.0	1805610.0	1606553.0	21276.0
SRX22720568	1595706.0	30330832.0	365155.0	1999978.0	1760823.0	20606.0
SRX22720569	1536168.0	30137382.0	683673.0	1871568.0	1927075.0	22872.0
SRX22720570	1513661.0	30268266.0	343079.0	2070598.0	2017700.0	22264.0
SRX22720571	1660225.0	30281755.0	153964.0	1917162.0	2232668.0	21430.0
SRX22720572	1875042.0	30306175.0	112133.0	1440508.0	2375069.0	20807.0
SRX22720574	1539652.0	30047038.0	291442.0	2098450.0	2160241.0	25577.0
SRX22720575	1528454.0	30021164.0	338852.0	2014826.0	2098515.0	24895.0
SRX22720576	1607889.0	30328233.0	261377.0	1811432.0	2057144.0	22501.0
SRX22720577	1506266.0	30114100.0	592674.0	1964584.0	1965346.0	24098.0
SRX22720578	1554580.0	30393177.0	312805.0	1840182.0	1942978.0	24944.0
SRX22720579	1589034.0	30272441.0	222103.0	2012926.0	2068574.0	23496.0
SRX3316529	3299907.0	53525811.0	96058.0	2435716.0	8977763.0	40059.0
SRX3316530	2537500.0	46720045.0	107067.0	1888748.0	3244591.0	36261.0
SRX3316531	2650440.0	46134514.0	86994.0	1893632.0	3969491.0	34753.0
SRX3316532	2779609.0	51766795.0	83614.0	3638466.0	4253172.0	31578.0
SRX3316533	2842815.0	51633800.0	62273.0	2607264.0	4834141.0	36455.0
SRX3316534	2398370.0	43952652.0	58741.0	3079790.0	3922292.0	28927.0
SRX3316535	2694249.0	46749217.0	52116.0	2959702.0	3707774.0	30490.0
SRX3316536	2198230.0	38165422.0	698922.0	3103068.0	9978091.0	33045.0
SRX3316537	2624246.0	44221016.0	38293.0	2214860.0	6105597.0	27168.0
SRX3316538	2518814.0	44853079.0	81677.0	2785810.0	3379288.0	30694.0
SRX3316539	2340886.0	41847059.0	63647.0	1831508.0	3233126.0	25684.0
SRX3316540	2646123.0	48671252.0	64386.0	3427808.0	4111845.0	29820.0
SRX3316541	3277952.0	49895655.0	88381.0	2115026.0	4975167.0	31609.0
SRX3316542	2721502.0	45265845.0	72892.0	2218198.0	3661312.0	26615.0
SRX3316543	2953912.0	51102772.0	95619.0	2327116.0	3741624.0	38715.0
SRX3316544	2343359.0	39861538.0	68377.0	2120948.0	3280862.0	28342.0
SRX3316545	2091582.0	39078095.0	173448.0	2036088.0	2877362.0	28035.0
SRX3316546	2458693.0	46891992.0	148529.0	2184346.0	3399261.0	36601.0
SRX3316547	1871791.0	37038276.0	205403.0	1585424.0	2636551.0	24113.0
SRX3316548	2178822.0	40458161.0	140900.0	1629528.0	2723441.0	22484.0
SRX3316549	2179005.0	39273358.0	79538.0	1431566.0	2773235.0	24524.0
SRX3316550	2640905.0	47213640.0	93304.0	2032662.0	3130676.0	30359.0
SRX3316551	2095172.0	49122606.0	459374.0	1973286.0	4865052.0	33770.0
SRX3316552	2737565.0	44760965.0	76394.0	1900624.0	3894842.0	22960.0
SRX3316553	2492236.0	41778393.0	83991.0	2208940.0	3202361.0	25425.0
SRX3316554	2560279.0	42202441.0	58909.0	2010190.0	4422471.0	23556.0
SRX3316555	2046498.0	36957393.0	80287.0	1941006.0	4017973.0	25439.0
SRX3316556	2611335.0	39385078.0	34785.0	1630916.0	4116583.0	24577.0
SRX3316557	2514275.0	44478944.0	89982.0	2067946.0	3515280.0	30847.0
SRX3316558	2122118.0	37901664.0	240378.0	1936518.0	2570448.0	26224.0
SRX3316559	2594559.0	42557799.0	476312.0	2508250.0	3467804.0	27362.0
SRX3316560	2038646.0	43426291.0	866742.0	2043746.0	3819054.0	24737.0
SRX3316561	2348683.0	43793040.0	176131.0	2837996.0	4513274.0	31172.0
SRX3316625	2472906.0	42186036.0	39728.0	2205604.0	3051927.0	21217.0
SRX3316626	2251677.0	40238688.0	52193.0	2848120.0	3359034.0	25562.0
SRX3316627	2494200.0	42711250.0	27519.0	2057214.0	3368894.0	21763.0
SRX3316628	2503859.0	42202921.0	82130.0	2224680.0	3602672.0	28932.0
SRX3316629	2189783.0	39807446.0	66226.0	1767464.0	3058851.0	27026.0
SRX3316630	3084769.0	50504675.0	82152.0	2667668.0	4077519.0	31957.0
SRX3316631	2819495.0	47694590.0	85046.0	1983120.0	3630273.0	29864.0
SRX3316632	2168804.0	40262185.0	124890.0	1814684.0	2939036.0	20969.0
SRX3316633	2123405.0	39294304.0	70083.0	2659544.0	3199541.0	25363.0
SRX3316634	2614480.0	40879295.0	33048.0	2104726.0	3709475.0	25950.0
SRX3316735	2246349.0	39483881.0	2342725.0	10618242.0	2612592.0	21327.0
SRX3316736	2904867.0	46983467.0	160956.0	9243964.0	3265449.0	28143.0
SRX3316737	2976655.0	47749986.0	216151.0	10774934.0	3537576.0	30598.0
SRX3316738	2800225.0	43794758.0	206643.0	8848546.0	3616958.0	28016.0
SRX3316739	2252426.0	37643522.0	47223.0	8348936.0	2630150.0	20311.0
SRX3316740	1109422.0	24384669.0	33013.0	12059320.0	1966809.0	7721.0
SRX3316741	3373174.0	52993429.0	5062923.0	10236652.0	4545296.0	30238.0
SRX3316742	2807521.0	44146951.0	52293.0	8519892.0	3136821.0	26158.0
SRX3316743	2729209.0	43331716.0	49549.0	9121918.0	3243825.0	25953.0
SRX3316744	361620.0	8766431.0	23885.0	5661486.0	923759.0	2899.0
SRX3316745	937497.0	26485372.0	132178.0	15121554.0	3248904.0	8133.0
SRX3316746	933010.0	25507447.0	116633.0	14954210.0	2640761.0	7913.0
SRX3316747	1915208.0	37431889.0	144364.0	12230852.0	2376899.0	17102.0
SRX3316748	2515325.0	39339606.0	58637.0	8199892.0	2959736.0	23934.0
SRX3316749	1802509.0	34654253.0	69448.0	11445032.0	2142845.0	14801.0
SRX3316750	2543038.0	40825959.0	55103.0	8455984.0	2964960.0	24200.0
SRX3316751	2081096.0	31052170.0	61171.0	7905996.0	2514309.0	21484.0
SRX3316752	1696459.0	25759004.0	31155.0	5804682.0	2033910.0	17040.0
SRX3316753	2148335.0	32971269.0	50160.0	7726616.0	2512330.0	22948.0
SRX3316754	1905212.0	29338601.0	85457.0	6807728.0	2372905.0	20001.0
SRX3316755	2358133.0	37724931.0	32527.0	8996198.0	2907426.0	24129.0
SRX3316756	1816709.0	27771698.0	33759.0	6644328.0	2239272.0	19068.0
SRX3316757	1963755.0	29851575.0	46506.0	7042566.0	2481613.0	19829.0
SRX3316758	2412634.0	38344395.0	30576.0	8546842.0	3106715.0	23982.0
SRX3411505	58838.0	658166.0	9472886.0	5334870.0	102783.0	487.0
SRX3411506	44691.0	581637.0	5018503.0	4014064.0	105532.0	301.0
SRX3411507	39909.0	557602.0	6131995.0	5060670.0	53129.0	221.0
SRX3411508	30229.0	384929.0	6118853.0	3148180.0	56055.0	236.0
SRX3411509	33326.0	453370.0	6371184.0	3873910.0	55432.0	410.0
SRX3411510	23999.0	336984.0	3407740.0	7241972.0	38644.0	205.0
SRX3411511	29091.0	393403.0	5798931.0	6923670.0	55001.0	236.0
SRX3411512	18364.0	249162.0	3979959.0	4060588.0	34397.0	128.0
SRX3411513	32796.0	466297.0	4749202.0	5248868.0	45039.0	276.0
SRX3411514	129443.0	1293047.0	410034.0	6953246.0	169529.0	3599.0
SRX3411515	77859.0	710780.0	354074.0	7006610.0	90275.0	1938.0
SRX3411516	95105.0	1101257.0	458354.0	8978726.0	775294.0	1496.0
SRX3411517	65252.0	761702.0	1315211.0	8597762.0	191432.0	865.0
SRX3411518	104035.0	910063.0	154915.0	4710746.0	147127.0	2784.0
SRX3411519	65841.0	543413.0	216613.0	5578838.0	87184.0	1309.0
SRX3411520	28370.0	298926.0	1552409.0	4775010.0	254194.0	255.0
SRX3411521	155660.0	1636311.0	850394.0	7663590.0	183901.0	3904.0
SRX3411522	115079.0	759650.0	331860.0	6787040.0	89048.0	1227.0
SRX3411523	75456.0	667706.0	436215.0	7791476.0	71001.0	1792.0
SRX3411524	41595.0	512104.0	3760237.0	8072034.0	64343.0	421.0
SRX3411525	50078.0	503876.0	593169.0	7491668.0	48233.0	692.0
SRX3541437	1208620.0	24027601.0	3230815.0	50241992.0	1957291.0	15365.0
SRX3541438	2544740.0	48724375.0	1123329.0	7797830.0	4237306.0	35820.0
SRX3541439	1721507.0	35033759.0	2698484.0	23316656.0	2643985.0	23713.0
SRX3541440	2138698.0	44594969.0	1191166.0	9889974.0	3366436.0	32041.0
SRX3541441	527432.0	10341652.0	1638388.0	49139090.0	887524.0	7074.0
SRX3541442	2265972.0	46517819.0	1534311.0	13594940.0	6023020.0	28488.0
SRX3541443	352166.0	7465739.0	1665660.0	46156864.0	1094943.0	4342.0
SRX3541444	407018.0	8602056.0	1606384.0	45296172.0	1131933.0	5411.0
SRX3541445	1134152.0	23157909.0	2903686.0	35562838.0	2907229.0	14104.0
SRX3541446	993748.0	18883191.0	1827277.0	48772602.0	2642657.0	12565.0
SRX3541447	319211.0	6063806.0	1064982.0	52875334.0	780901.0	3694.0
SRX3541448	1251786.0	23762490.0	1271715.0	23985078.0	3453519.0	14326.0
SRX3541449	305427.0	7140693.0	2072791.0	61570986.0	1783007.0	5300.0
SRX3541450	368125.0	9413317.0	4025863.0	44314082.0	2685805.0	6522.0
SRX3541451	1384814.0	32601214.0	2507784.0	17381290.0	9110532.0	22774.0
SRX3541452	154183.0	3487807.0	1059321.0	39152360.0	897208.0	2485.0
SRX3541453	65098.0	1595603.0	621498.0	44920386.0	432955.0	1306.0
SRX5252024	664076.0	8071384.0	105703.0	108502.0	4741859.0	6628.0
SRX5252025	566363.0	6557659.0	23748.0	62724.0	4806727.0	6045.0
SRX5252026	589747.0	7073415.0	18876.0	103992.0	1221161.0	9641.0
SRX5252027	544637.0	6726385.0	27447.0	226030.0	3809261.0	5331.0
SRX5252028	721806.0	9460790.0	56019.0	88454.0	4727490.0	7560.0
SRX5252029	469812.0	5583882.0	86976.0	68474.0	3738102.0	4819.0
SRX5252030	508236.0	6073077.0	23914.0	58404.0	4728015.0	5560.0
SRX5252031	496441.0	6972856.0	32640.0	180201.0	2142668.0	4568.0
SRX5252032	668547.0	8369505.0	47642.0	71665.0	4530955.0	6941.0
SRX5252033	749895.0	10117866.0	46256.0	130611.0	4674225.0	7684.0
SRX5252034	498967.0	6508221.0	38502.0	450969.0	3217654.0	5021.0
SRX5252035	573021.0	8348584.0	27279.0	185565.0	3026024.0	5654.0
SRX5252036	736835.0	8784483.0	22776.0	56453.0	1452647.0	11466.0
SRX5252037	481312.0	5818280.0	35654.0	56634.0	4022128.0	5252.0
SRX5252038	412011.0	5561932.0	20256.0	484663.0	2643494.0	4591.0
SRX5252039	506083.0	5992268.0	26303.0	66588.0	993869.0	7953.0
SRX5252040	769005.0	10233209.0	224190.0	153466.0	3834481.0	8072.0
SRX5252041	637062.0	7661425.0	21680.0	47795.0	1281908.0	10288.0
SRX5252042	472380.0	5689060.0	20788.0	52210.0	4246886.0	5282.0
SRX5252043	419224.0	5027592.0	15160.0	742449.0	3490615.0	4569.0
SRX5252044	636874.0	7689952.0	32650.0	89382.0	1262456.0	10066.0
SRX5252045	608258.0	7032923.0	23336.0	65471.0	5010690.0	6371.0
SRX5252046	554740.0	6539055.0	17692.0	37697.0	1138894.0	8943.0
SRX5252047	310727.0	3661007.0	13340.0	494970.0	2678691.0	3321.0
SRX5252048	672519.0	7968505.0	28105.0	83922.0	1364842.0	10402.0
SRX5252049	771756.0	9598111.0	33488.0	67053.0	1582522.0	13106.0
SRX5252050	638773.0	7566580.0	28938.0	48781.0	1343644.0	10378.0
SRX5252051	514448.0	6103745.0	21923.0	506468.0	1114451.0	8120.0
SRX5252052	510326.0	5855925.0	24623.0	85393.0	4638109.0	5598.0
SRX5252053	785889.0	9343191.0	49052.0	120726.0	5078246.0	7696.0
SRX5252054	561298.0	6542861.0	65833.0	90268.0	3960448.0	5473.0
SRX5252055	735132.0	8061648.0	23610.0	105199.0	4598851.0	6653.0
SRX5252056	787437.0	9943506.0	41256.0	139895.0	4844985.0	7653.0
SRX5252057	723342.0	8711134.0	42218.0	142406.0	4442905.0	6730.0
SRX5252058	914013.0	11434487.0	40465.0	159960.0	3238816.0	8290.0
SRX5252059	743549.0	11675381.0	58214.0	185417.0	2793068.0	8234.0
SRX5252060	729012.0	8560843.0	33146.0	92168.0	1505803.0	10886.0
SRX5252061	664607.0	8324374.0	67585.0	125672.0	4112986.0	6601.0
SRX5329169	408044.0	8623407.0	1610161.0	45567010.0	1134521.0	5421.0
SRX5329170	2136572.0	44709535.0	1193916.0	10113114.0	3378143.0	31126.0
SRX5329171	2423334.0	46870377.0	1260656.0	11947024.0	4064331.0	30674.0
SRX5329172	2259161.0	46661094.0	1538792.0	13933568.0	6050844.0	29013.0
SRX5329173	317679.0	6074292.0	1066115.0	53288498.0	783197.0	3747.0
SRX5329174	2865279.0	56638517.0	144404.0	6941288.0	4616349.0	38027.0
SRX5329175	1721381.0	35145870.0	2706232.0	23754702.0	2655265.0	23380.0
SRX5329176	519386.0	10462682.0	1784472.0	53600112.0	1193810.0	5928.0
SRX5329177	2542950.0	48851758.0	1126049.0	8356878.0	4251303.0	35226.0
SRX5329178	351492.0	7488934.0	1670256.0	46606926.0	1099702.0	4502.0
SRX5329179	526786.0	10369214.0	1642401.0	49441104.0	890849.0	6872.0
SRX5329180	989219.0	18946904.0	1832785.0	49242630.0	2656112.0	12690.0
SRX5329181	1377150.0	32657847.0	2511129.0	17641692.0	9132460.0	23152.0
SRX5329182	2031901.0	42116605.0	507578.0	5538386.0	4834660.0	26118.0
SRX5329183	2042219.0	45676261.0	2083271.0	16816292.0	9542203.0	32512.0
SRX5329184	1206829.0	24092674.0	3238586.0	50635882.0	1964659.0	15144.0
SRX5329185	153186.0	3494126.0	1060920.0	39396438.0	899613.0	2583.0
SRX5329186	65215.0	1598452.0	622488.0	45258290.0	433633.0	1302.0
SRX5329187	1244443.0	23804789.0	1273223.0	24399880.0	3465461.0	14490.0
SRX5329188	1130814.0	23216903.0	2910500.0	35970112.0	2918941.0	14344.0
SRX5329189	366871.0	9435369.0	4033999.0	44728750.0	2693104.0	6655.0
SRX5329190	303934.0	7163475.0	2078981.0	62258306.0	1790287.0	5457.0
SRX5329191	449975.0	9395642.0	1867285.0	61700792.0	1337800.0	5788.0
SRX5329192	633755.0	12534295.0	2838153.0	48976566.0	1812401.0	7034.0
SRX5329193	1224994.0	25040439.0	1768831.0	39766352.0	2584146.0	14358.0
SRX5329194	948889.0	18517956.0	2214896.0	49588864.0	1521821.0	12874.0
SRX6700162	3869962.0	61689032.0	364932.0	3406460.0	4830683.0	41859.0
SRX6700163	3729355.0	56017804.0	135590.0	2728838.0	5222507.0	39602.0
SRX6700164	4372601.0	68234509.0	654175.0	3891454.0	5598440.0	44659.0
SRX6700165	4112318.0	68454596.0	155512.0	3338362.0	8471648.0	44050.0
SRX6700166	3628822.0	58241784.0	620232.0	4141428.0	6300348.0	34566.0
SRX6700168	3908146.0	65047579.0	336629.0	3202220.0	6898412.0	42162.0
SRX6700169	3343311.0	57042023.0	643296.0	3058396.0	6051298.0	34238.0
SRX6700170	3867803.0	66985338.0	269256.0	3267368.0	7531782.0	42363.0
SRX6700171	2944063.0	65559582.0	740651.0	4075516.0	15157853.0	52421.0
SRX6700172	2916707.0	59396997.0	346724.0	3544634.0	14076109.0	51217.0
SRX6700173	2432713.0	50428646.0	568473.0	3197144.0	13283319.0	42779.0
SRX6700174	4511310.0	67467324.0	711289.0	3548152.0	5519178.0	48787.0
SRX6700175	3908453.0	60475496.0	523015.0	3200616.0	4760846.0	42306.0
SRX6700176	4961043.0	67768966.0	232937.0	3352858.0	5979141.0	49493.0
SRX6700177	3127787.0	47915265.0	158857.0	2738146.0	4480875.0	29920.0
SRX6700178	2962729.0	48300995.0	174929.0	2970848.0	3946657.0	30918.0
SRX6700179	3352799.0	55247065.0	5610600.0	11669748.0	4601602.0	32322.0
SRX6700180	3089184.0	55319605.0	11445156.0	21157462.0	4941913.0	30742.0
SRX6700181	3318897.0	56536828.0	319532.0	2051134.0	5209182.0	32821.0
SRX6700182	3100329.0	57500553.0	8300555.0	13659434.0	5154032.0	29611.0
SRX6700183	1881718.0	44078266.0	673231.0	2304522.0	11229305.0	33744.0
SRX6700184	2648613.0	57836811.0	1909503.0	3626516.0	13932787.0	47612.0
SRX6700185	2320507.0	57253600.0	1382665.0	3056010.0	13103199.0	43233.0
SRX6922015	916181.0	14462756.0	8090.0	2427200.0	1078476.0	12445.0
SRX6922016	518679.0	9070476.0	4029.0	1492164.0	539216.0	7612.0
SRX6922017	1062874.0	17246743.0	4904.0	1872692.0	1243264.0	15433.0
SRX6922018	821333.0	13237039.0	5406.0	1130642.0	985727.0	11843.0
SRX6922019	1364206.0	22815635.0	6680.0	2355050.0	2420413.0	13510.0
SRX6922020	843834.0	13610696.0	4826.0	1604996.0	1645154.0	9008.0
SRX6922021	1044425.0	16925139.0	6900.0	1920292.0	2002825.0	11163.0
SRX6922023	862772.0	14511626.0	6288.0	1406078.0	947912.0	12794.0
SRX6922024	975218.0	15704698.0	7956.0	1302216.0	1129946.0	13670.0
SRX6922025	973691.0	15346355.0	7988.0	1346758.0	1137007.0	13625.0
SRX6922026	1174247.0	18919672.0	11428.0	2310378.0	1420389.0	18422.0
SRX6922027	1165557.0	19020019.0	10228.0	2290368.0	1429799.0	18723.0
SRX6922028	980950.0	15861451.0	6439.0	1886598.0	1156497.0	15203.0
SRX6922029	967223.0	15373944.0	9445.0	1342648.0	1138442.0	13492.0
SRX7101023	3532548.0	61165316.0	2462914.0	5323250.0	4096756.0	46218.0
SRX7101024	3512263.0	60582158.0	742286.0	1254858.0	4167365.0	46006.0
SRX7101025	3604570.0	62191080.0	903645.0	1232112.0	4243991.0	47370.0
SRX7101026	2912555.0	55597451.0	999268.0	1271018.0	2926006.0	27746.0
SRX7101027	3281156.0	63057772.0	910047.0	1340272.0	3127063.0	30354.0
SRX7101028	3315306.0	67442571.0	619807.0	1591478.0	3451443.0	32939.0
SRX7101029	3911594.0	69920818.0	385401.0	1962386.0	5424313.0	51390.0
SRX7101030	3511264.0	62318591.0	361453.0	1691310.0	4411463.0	43041.0
SRX7101031	3386899.0	59590676.0	390090.0	1985392.0	4488571.0	42268.0
SRX7101032	3620654.0	63612704.0	563744.0	2135118.0	6459302.0	35640.0
SRX7101033	3967613.0	63952976.0	321947.0	2410444.0	4912426.0	29022.0
SRX7101034	3924367.0	64122414.0	2341222.0	4765110.0	5044214.0	29757.0
SRX7101035	2855067.0	42154006.0	542014.0	10076612.0	12624770.0	34641.0
SRX7101036	2024321.0	30566091.0	562382.0	9838433.0	36134431.0	24028.0
SRX7101037	1655420.0	27206699.0	82917.0	11170552.0	31148555.0	22087.0
SRX7101038	2055534.0	32214415.0	173734.0	8029365.0	37311141.0	26313.0
SRX7101039	1854938.0	32020682.0	193755.0	9518792.0	37306203.0	19358.0
SRX7101040	1973500.0	33283512.0	205614.0	8498145.0	38998256.0	20712.0
SRX7101041	1509753.0	26510459.0	861887.0	9444515.0	31276009.0	16022.0
SRX7551986	647341.0	11018536.0	7681.0	979324.0	840918.0	11292.0
SRX7551987	636045.0	10529610.0	12685.0	938602.0	707198.0	10882.0
SRX7551988	421604.0	6981791.0	62357.0	507886.0	541930.0	6434.0
SRX7551989	582274.0	9484033.0	38311.0	709464.0	760735.0	9161.0
SRX7551990	576213.0	9925061.0	30751.0	725964.0	788591.0	9370.0
SRX7551991	539973.0	8739588.0	12043.0	580922.0	656998.0	8208.0
SRX8694706	244426.0	6596554.0	34520.0	306500.0	474404.0	3486.0
SRX8694707	275928.0	7577579.0	31854.0	386484.0	505332.0	4349.0
SRX8694708	293615.0	7512899.0	55385.0	353384.0	535250.0	4321.0
SRX8694709	275221.0	7374490.0	66200.0	271676.0	494156.0	3943.0
SRX8694710	424252.0	9287092.0	70425.0	363540.0	479714.0	5625.0
SRX8694711	326602.0	7256928.0	112559.0	244094.0	390899.0	4526.0
SRX8694712	383245.0	8613101.0	37503.0	484722.0	387757.0	6316.0
SRX8694713	273591.0	6784710.0	42754.0	319630.0	310937.0	5384.0
SRX8694714	319308.0	7318381.0	37566.0	319450.0	362716.0	5445.0
SRX8694715	369360.0	7610183.0	59966.0	349736.0	469629.0	5510.0
SRX8694716	338665.0	7009862.0	167626.0	322714.0	414571.0	4830.0
SRX8694717	412415.0	8475477.0	95150.0	411714.0	511707.0	6083.0
SRX8694718	284429.0	7472103.0	40973.0	358632.0	352964.0	5353.0
SRX8694719	328018.0	6817792.0	387303.0	357726.0	395747.0	4942.0
SRX8694720	280615.0	6556875.0	72754.0	288162.0	293849.0	4665.0
SRX8694721	356410.0	7191146.0	51568.0	325304.0	420480.0	4260.0
SRX8694722	371905.0	8166369.0	48464.0	399578.0	405565.0	4729.0
SRX8694723	277189.0	7685466.0	21339.0	284540.0	334338.0	5586.0
SRX8694724	291827.0	7384755.0	43588.0	355230.0	354212.0	4978.0
SRX8694725	290079.0	7700424.0	103887.0	338336.0	333532.0	5130.0
SRX8694726	306930.0	9347514.0	51394.0	377208.0	351036.0	6254.0
SRX8694727	312498.0	9662157.0	48296.0	370138.0	406272.0	6787.0
SRX8694728	317417.0	9400302.0	53952.0	331988.0	372897.0	6616.0
SRX8694729	743734.0	22575878.0	83497.0	696222.0	972141.0	15046.0
