Sample	>10	1.0	2.0	3.0	4.0	5.0	6.0	7.0	8.0	9.0	>500	>1k	>100	>10k+	>5k	>50
Kiley_A_DZM0422_Aerobic_A	16.495668692966063										11.423090112838233	16.908675754556306	24.792239522447446	5.8760642048559975	2.976522974702537	9.342261174424223
Kiley_A_DZM0422_Aerobic_B	17.196937789670564										11.103422936621298	16.3294679124029	25.539544708681454	4.901150762912627	2.712092395688261	9.545151292608512
Kiley_A_DZM0422_Aerobic_C	17.231421195342417										11.225096285621932	16.358469563008896	25.085532709399743	5.370881907711081	2.6631455490128504	9.480165185530097
Kiley_A_DZM0422_Anaerobic_A	14.520619382171526										11.911428030540183	19.619610706009816	23.391688710866358	5.262144387175028	3.6607328354616318	8.068727487903761
Kiley_A_DZM0422_Anaerobic_B	15.579378750109049										11.58093452558599	17.758610039684193	24.15207892487095	5.226850177264609	3.0137598892419426	8.625375141467035
Kiley_A_DZM0422_Anaerobic_C	15.929731628378994										11.738701332041806	17.190265677883975	24.41330709817899	5.548446706404258	2.9540602745625923	8.636580116731762
Kiley_A_WT_Aerobic_A	13.914529165891224										9.980406325049264	19.117334833410343	22.6005355278194	8.421922913387903	4.664639632333004	8.109447309475891
Kiley_A_WT_Aerobic_B	14.545949003228955										9.920563570818556	18.534565166836124	22.725737886796445	8.192619890605524	4.41627018651119	8.507181316024873
Kiley_A_WT_Aerobic_C	13.491563861207242										10.291623304916213	20.204572576808935	22.774478514886788	8.083940396015505	5.228928513337042	8.132706056625434
Kiley_A_WT_Anaerobic_A	12.263658896380507										10.145147773053973	21.099624581893593	20.836838551664897	9.651860899311055	5.8554151352382835	7.127698449129697
Kiley_A_WT_Anaerobic_B	11.612475495526551										10.034621333958144	22.44686982647897	20.41382887520413	9.697783725151018	6.938154123521246	6.906745847429092
Kiley_A_WT_Anaerobic_C	12.78110458559358										10.317050713910856	21.54895058579595	21.771285671832928	7.470337281881156	6.067021180136846	7.491818468298292
Kiley_B_Dfur_-O2_A	15.343729406689533										11.675676982571975	15.99727967526395	28.96166562563897	2.357583209587278	2.448340665283118	10.237300293257084
Kiley_B_Dfur_-O2_B	14.906253531773928										11.551965074431857	17.042969130818374	28.021906058419212	2.5500921417889204	2.639752413383311	10.008488251770142
Kiley_B_Dfur_-O2_C	17.69938166204047										10.965405230831726	13.74535775732221	29.494389110945235	1.9624575992080788	1.058320441478036	11.535604175557706
Kiley_B_DrsuR_-O2_A	26.213637034033145										6.031485650959088	5.726349255090161	29.754409956347594	1.3450202214462152	0.0	15.643047616990843
Kiley_B_DrsuR_-O2_B	23.84137225313555										6.394656133044004	6.5096285104434495	30.743311378730926	1.3670291257264178	0.6537216842054638	14.676236572450849
Kiley_B_DrsuR_-O2_C	21.827651047057405										7.6696962717544075	7.444302898724533	32.6793572032	1.362704656115336	1.0622184714011946	14.686468208445906
Kiley_B_WT_+O2_Ctrl_A	25.54069924511051										4.490581290118559	5.245645650976682	25.736694912367923	1.7176144760163954	0.907187220402017	14.077550435080083
Kiley_B_WT_+O2_Ctrl_B	28.369822690661383										4.270112872260405	4.619524829420248	25.342702079759448	1.859782210849203	0.930938404239247	15.010051974468208
Kiley_B_WT_+O2_Ctrl_C	24.305727886603254										4.449401705178475	4.979562162274063	24.9345242766208	1.7578317067536795	0.884366564168629	13.44597803895635
Kiley_B_WT_+O2_Paraquat_A	24.041354281331444										4.825434585239395	4.78665675731359	25.01514687609843	1.5023747932396323	0.7246473574192238	12.875863456770151
Kiley_B_WT_+O2_Paraquat_B	26.879781769880335										4.4377937869131845	3.8323189580107595	23.02232356501157	1.3512450501357673	0.0	13.631072503890362
Kiley_B_WT_+O2_Paraquat_C	22.594331979623913										6.404002048795886	6.814310634397598	30.947202031002753	1.8749488178315086	1.4227358627986786	14.12571738609094
Kiley_B_WT_-O2_Ctrl_A	23.984880474219526										6.7027542947075585	6.425995237025531	31.859918955829837	1.2388682496016534	0.22235079303655556	15.234181827803205
Kiley_B_WT_-O2_Ctrl_B	27.571944901143326										4.548611440155675	3.263553956018971	25.60347335357284	0.5842219537425182	0.5021255761177502	15.161810816938697
Kiley_B_WT_-O2_Ctrl_C	23.866941317517444										6.7452704518164	6.2056889624539595	32.14234348574054	1.2879262496597697	0.46500447639677794	15.577082667794956
Kiley_B_WT_-O2_NoFe_A	16.983537820935766										11.245004318642321	14.154299702224115	29.22157180298187	0.5480644753065429	2.223654912671102	11.211236064374978
Kiley_B_WT_-O2_NoFe_B	15.217177207764474										11.417574520048344	16.090050304065464	29.298080358755733	1.006239486532061	2.3616616573039484	10.523741219981263
Kiley_B_WT_-O2_NoFe_C	16.447352031020948										11.00957767858838	14.598380774969383	30.707310466262232	0.4412795660744385	1.9550691658153743	11.463390490168914
Kiley_B_WT_-O2_NoFe_DIP_A	26.51977436786917										5.2934795295132355	4.59451806782771	27.769352222324077	1.1230486382781864	0.0	15.428687747739136
Kiley_B_WT_-O2_NoFe_DIP_B	22.758603560379896										6.991631586029086	7.203736171019587	31.45192289037916	1.3433431278563461	0.47615746311638213	15.035881840854199
Kiley_B_WT_-O2_NoFe_DIP_C	18.776793243124388										9.599973443193857	9.632982901798753	34.800920554814965	1.4545204923419086	1.3006229213010034	13.532119198624098
Kiley_B_WT_-O2_Peroxide_A	14.928593896121239										12.266758116867175	16.844028049970497	31.457316533343583	0.9562511951530376	1.9165292098051094	10.705378595427877
Kiley_B_WT_-O2_Peroxide_C	18.005333796452376										10.799919064662491	13.070775911163397	31.76469000210329	1.0194762413157568	0.5508054228331767	12.31341845476778
SRX10341586	25.916718649868546										4.455037910999643	4.218740125270268	19.380647163197857	0.18031798096128895	0.34163903531501266	10.3238392237477
SRX10341587	23.52294685449832										5.268370335539409	5.499029801998012	18.676030896708724	0.24391037226609524	0.4847572984932872	9.145546653154343
SRX10341588	26.2044693742635										4.525840667202787	3.6819566176463785	18.38359254015126	0.27250777316872493	0.47110045674587037	10.45202774752549
SRX10341589	24.763535298342017										2.4652875428205085	4.169867951399167	13.482785702315352	9.063414806348323	3.115093098808633	9.133435152569207
SRX10341590	21.867760539205896										5.2204653052731445	4.794229718753322	19.43208756356243	3.608273487545393	1.3422574929593718	9.223411015028493
SRX10341591	23.786509675872672										4.551965120157839	3.7678812183949137	18.780844630337878	2.3694318972784183	0.6792876931377823	9.69361109346672
SRX10341592	23.858780358127508										6.212178151441267	5.418666322159353	21.203610094992474	0.44779498312228805	0.17110364817885115	9.582104977008555
SRX10341593	24.399472796182984										5.54051921882708	5.281837928556631	20.6696746904166	0.4647002801022835	0.1648813377500766	9.589002592106993
SRX10341594	24.140122897068462										5.937492468311732	6.192492196251477	20.92538004880332	0.48796792334584893	0.5857501911651809	9.754112757698698
SRX10341595	23.87366284587069										6.517078587380727	5.793332426924572	21.90060819627233	0.27366442205916836	0.2289777919853201	9.651330705056395
SRX10341596	24.71950499440262										5.691882402655255	5.382185353226399	20.3621384741027	0.29999893394023314	0.30508168121439094	9.664988171701719
SRX10341597	24.990842724072426										5.211638124303991	4.159288118434916	20.00542632267779	0.15416270499042645	0.189760931482361	9.594614771379772
SRX11348531	21.95035961198525										6.644231960418846	8.274170551125334	21.286614714953245	1.7248287399812823	0.536321494520911	9.416574945577675
SRX11348532	23.70016429683773										6.263523255158397	7.772911952258002	20.73749219739767	1.6324306403945288	0.7484911090694846	10.053218922148051
SRX1432806	9.965380954764127										9.851109741138607	28.05571046344198	17.542398037917984	4.668205965755227	10.547181209433203	5.650817993558841
SRX14563846	12.182952050881944										9.442669649240951	20.85401003440582	21.362836873836937	11.13480580677422	6.910689985720139	7.348031675541942
SRX14563847	13.241228326028123										9.58025640744641	20.443287146504613	21.752099191392794	8.643631248367209	7.09856548274482	7.66979861032919
SRX14563848	18.597690848771855										10.26301547370364	14.367427129447693	23.47219207871212	2.0125909526401675	2.5169713968631506	8.882811936050688
SRX14563849	18.231330734930644										10.520221499489761	14.568279825850947	25.26993968545789	1.011286119728826	2.210020709352635	9.35431983311559
SRX14570260	23.844764557091228										7.259130541407778	7.858675980669676	22.615563602866896	0.35243929934815876	0.3694749380314006	10.425530652928721
SRX14570261	24.78269704323153										6.361773633638669	6.05085372382594	21.703542172214547	0.2778579533861434	0.32695238019082207	10.506108165517887
SRX14570262	24.413244133386165										6.690590409466787	6.67823476730273	22.34444115775244	0.39036297792622643	0.3422329682113751	10.678063935217667
SRX14570263	22.111111118611586										8.27539013713336	9.165007198311184	23.0931430417209	0.24827158943449448	0.7102691036496881	10.047233459103706
SRX14570264	22.22710171206141										8.34272930195518	9.202092514719663	23.35361190055565	0.24362479268422074	0.8244286543384799	10.003441482290242
SRX14570265	23.243073859113213										7.580516622205799	8.763594068375538	21.59700228906495	1.1651658274796484	0.8748205100532455	10.030608750367467
SRX14570266	23.22593645116319										6.841008418079395	8.125979558396143	21.4094691031476	1.6401382606942867	0.6836337096085127	10.089339830520675
SRX14570267	21.419615183879174										8.463182559590132	10.197084952161527	23.76117439767247	0.7171126452394905	0.9179194605352582	10.191541465218545
SRX14570268	25.30405042738163										5.5421042747626315	3.804720797893382	26.663349530887796	0.12656151562641366	0.13014298499451404	12.01473158385329
SRX14570269	30.28469298162097										3.0300417848580286	2.0134061267545666	19.49981655253003	0.0	0.23561524309719592	11.720726630439113
SRX14570270	24.60044653878293										6.54907954610742	6.835551726784773	21.7748070592595	0.22367379742268714	0.5432134852222441	10.615777769830256
SRX14570271	25.370414490063986										5.995692314262114	5.562092543976637	20.958952929761164	0.1264890308615116	0.6185053598170699	10.7794950589763
SRX14570272	22.893651816777403										7.249907419936016	7.802756266017886	22.89188088759905	0.2505517663760594	0.5735043388178229	9.967641795376736
SRX14570273	22.68966374892386										7.4850703314609826	7.849581433206361	23.11804724518813	0.23985520771783478	0.552905415786147	10.095533357587879
SRX14570274	22.727559811934455										7.403782316992609	7.992035527841736	23.273734876868183	0.27227725528259117	0.9566599302170393	10.128619004565595
SRX14570275	22.96947087794889										7.542127120822978	7.797151677337453	22.936012327590227	0.2695759300685874	0.720565242433723	9.993037709837079
SRX14570276	22.848435117835386										7.531653168316513	7.695650727318508	22.701762274329777	0.2807570206683534	0.6705320410361073	10.049949284510014
SRX14570277	21.502730395371525										8.549719439559638	10.286401114343315	23.545138947972486	0.5684569571633981	0.8250501425518808	9.85220926844039
SRX14953908	9.779712723809267										6.864733535251166	22.653169302740373	11.983093533869837	22.35413978916894	12.207446239161891	4.341877424767955
SRX14953909	18.443114623667668										11.138784503277227	17.247597144508717	25.138472034465455	2.413018065641141	2.5402952673220165	9.597430576496498
SRX14953910	14.871019902384106										10.60489041341343	21.80991815094286	20.33784714822864	5.070572588763048	5.441712299093501	7.251752607556485
SRX14953911	17.440597167132985										11.554127336523347	16.45937587972081	25.917845891760482	2.348137483197414	2.044346913139381	9.336360774120292
SRX14953912	7.505004875123353										5.385555432366977	24.6011935163203	7.966317775900429	24.51257910118528	15.59517874526131	2.8160324743998855
SRX14953913	17.08737751029621										10.158133678304605	16.684208199173924	23.928398950963107	4.6428522488545285	3.1794309367831084	8.885888593277027
SRX14953914	6.905968164632205										5.602804986443156	26.75997854073039	6.673721855565056	23.40778457408656	16.586360430178434	2.248866192332287
SRX14953915	6.99412878096669										5.680077736274121	25.59030640732628	7.142660757451479	24.11089177402765	15.962448296683887	2.5384350340913993
SRX14953916	11.426359893542864										7.567936981078202	23.840446230708643	13.413302070105928	13.613986731423816	10.131863600099834	5.040905261414164
SRX14953917	18.088576666239007										11.118647889637348	16.7456027215492	24.989031994323113	2.642669904476105	2.347450191001682	9.298236062375906
SRX14953918	18.097197466508437										10.830503881368864	18.048027938458155	24.57394237925078	3.1486436397941047	2.940101998972535	9.328914202694694
SRX14953919	9.56324576608373										6.372022289743287	22.80060847108529	10.801513112292968	23.374903919275066	12.517600342593893	3.901860301708932
SRX14953920	7.540362272468566										5.011898958336687	23.231546772087043	7.3177584192746075	30.765089306745548	13.84629343558689	2.8890987027372215
SRX14953921	11.250066336196284										7.370124033824263	22.858385347196926	14.212485585484004	16.594483353593734	10.683411782011849	5.205067934980559
SRX14953922	6.662951745461363										4.365722298737177	22.30807841727343	6.22185255206818	34.77772027451492	14.559340437623366	2.435088800538539
SRX14953923	10.374845336661453										5.752102641850735	22.080745040314945	10.240808070906729	23.817149773284314	11.395523077391083	4.133455322296948
SRX14953924	19.71903618290491										9.387161278864848	15.115407235676209	23.70053458648371	2.9065217892330875	2.9708195690053714	9.91985903173227
SRX14953925	6.096030744433351										4.609230362784858	24.213724564676745	5.783936735296511	32.48847447912474	15.567513216854287	2.0345872610155786
SRX14953926	14.54071945146936										8.421360874536388	21.73791374576482	16.503395675896357	8.71076371337719	7.480466409343977	6.37675283967399
SRX14953927	8.51882819468726										5.677780108900655	23.25254817611655	8.514974884734992	27.524191431699034	12.603231835785822	3.2362909464170224
SRX14953928	6.450676434385848										4.355507805644229	22.98905851776409	4.692411799753233	31.593623015054995	15.887933582840628	1.6525327342670835
SRX14953929	7.477444617976574										6.091991587558901	28.104717195142726	6.97241479321108	19.96148122784145	13.978399762825456	2.3655967034958025
SRX14953930	19.061444285732367										8.11939221368517	17.291702140011274	17.95791693960457	5.468014487453164	5.195378667498194	7.852629872404925
SRX14953931	5.081489020170283										5.809211524987298	27.683882304636242	6.0198285038636685	28.012347686910676	15.083771695414555	1.6546459699252662
SRX14953932	3.8872395469261023										5.36395765563737	28.27868655053883	4.6388527741851835	32.15753493658602	16.62369785125636	1.1273741423593877
SRX18804540	24.5803752525054										6.949863554065293	5.467300592271082	23.498653859776198	0.1398784157472865	0.9181551788580418	10.642381900004182
SRX18804541	24.494446918779232										6.988020816846964	5.354136228377831	23.248258329330163	0.2673654050183976	0.946331920527028	10.337617085573925
SRX18804542	23.40179044427633										7.651103804428147	6.081888923413262	24.73356467330282	0.23051643599267332	0.5975625215182525	10.581772634109333
SRX18804543	22.289212249141										7.223209122998813	5.834567566838189	21.521366171210573	0.16645384935136592	1.0285985386812266	9.541609202389042
SRX18804544	22.110785651435997										7.575427679420824	8.145677061197905	21.273845367963652	1.143079337384509	1.0083081654270225	9.192244475491927
SRX18804545	23.301862241984743										6.467219714074861	6.082679511664401	20.134856791789886	1.2372777396257175	0.7797060412612726	9.176562924269788
SRX18804546	26.16075566216342										5.02662939122076	5.0983331791136886	19.366168276654932	0.5104124592011009	1.181862774292323	10.191710109327214
SRX18804547	18.994802779692034										8.802650792611786	12.147391190942322	23.842123793268964	1.2135979979811444	1.9025739175912413	9.275238289698907
SRX18804548	23.92699072181849										5.557140640286274	5.661931178906182	18.83298981893906	1.0031037075973948	1.4187907431805145	9.259516177000515
SRX18804549	20.279779465420027										6.728420803973151	3.3945470157360838	29.54546802818357	0.1432454732764499	0.19971373516364374	11.18279777323431
SRX18804550	19.28340734419165										5.82461607819828	4.450889025336794	19.703799356645053	0.2651656169302461	0.22500627000525716	8.154016482338708
SRX18804551	19.88602091013077										7.595182189718037	5.693028706506522	23.186886188996947	0.7008584648264559	0.5805064021279798	9.248584850904559
SRX18804552	19.47968592360757										5.425698507407054	4.203112821025406	18.83125651022527	0.0	0.2508000346151947	7.934512015592269
SRX18804553	20.33221895642566										6.184276343870381	5.114691900234892	21.168767015590543	0.2898799828758842	0.5657569643792333	8.833569197973823
SRX18804554	20.506029354550392										6.715041375825607	5.97877664563033	21.370093340575412	0.0	0.21553471057696819	9.092756315971782
SRX19817112	15.325398599427848										2.71067587684349	2.0906548835727947	10.582085478323451	0.0	0.23740638580023463	5.4119437147578555
SRX19817113	15.444389310867598										2.730584786734106	2.2970975079634592	10.516135230155141	0.0	0.29027508425033133	5.634056480811549
SRX19817114	13.795442856962293										3.4127153584205856	3.1247956162015966	11.444593232438102	0.0	0.4281554821748329	5.272072485973214
SRX19817115	11.90018068337161										2.483599933933174	2.011439637282151	7.945752053407877	0.0	0.10012396952588998	3.799736666192346
SRX19817116	15.733099540179648										2.5403956527280736	1.9742225289413626	9.624005177229781	0.0	0.10785991438816839	5.586019606304385
SRX19817117	13.630331514414303										3.5056117189910365	3.3894715159291877	10.78693924338131	0.0	0.285482093878777	4.884880161927092
SRX2036088	4.9799649337356335										3.5285649177176714	16.731644548240745	6.356009596796137	48.15142619948018	7.1446729056263685	2.4485026164413686
SRX2036089	5.048603361189584										3.7034824039760252	17.805499052698796	6.916201856747346	44.74145530018559	7.863919355182706	2.4374069224695893
SRX2036090	4.608744548807168										3.759221728358322	18.23316404317958	6.763252752410915	45.578178845251514	8.358708720841163	2.2972330753616137
SRX2036091	4.589902867450094										3.8658341248829373	15.917182422983592	6.212875566127267	50.68436457812472	6.303259954603961	2.193325365432304
SRX2036300	24.894836081361703										6.455069636055434	8.12769731314892	20.356239618753996	1.0528354508429396	1.7872983211579276	10.208760885198467
SRX2036303	25.170538212427296										6.255516785840555	7.3668229688167965	19.861086626121498	1.2604122978771808	1.8352293648266078	10.208421031027408
SRX2036305	23.434003726391975										7.335868540233066	10.316665574909603	20.82071524084317	1.5050696520152103	1.7762741620167863	9.848010923333913
SRX2036307	24.964784084823243										6.512731191689758	8.8003878347802	20.6868979222531	1.2228778517464063	1.7988069261218025	10.525231466437349
SRX2037533	15.210265520285041										8.872322490701226	16.718832213154943	20.917795947515817	7.612457825061771	4.5807754205430875	8.073282865097928
SRX2037535	15.168776001842883										8.740409140090206	16.72555412306615	21.121549242703495	7.324642816742324	4.625231560178709	8.048105666605384
SRX2037536	13.847841292797996										8.460511360920444	18.091096740633542	19.896642428148464	9.606184315615103	6.211621223455381	7.590588673794533
SRX2037537	12.704275773818862										8.557076090978219	19.119915107952327	19.466483130307573	11.955532046386319	6.735962176115982	7.1882410154194
SRX2037538	15.532595352397314										8.86176781763438	16.892198576450383	21.845541340346593	8.978707893829869	5.266626590273139	8.544277011098853
SRX2037540	15.81576707152505										8.452787291234705	15.666081898948967	20.91194145444295	9.242092912510905	4.686208206529466	8.323066501709947
SRX2037541	14.9738232186466										8.034818870114536	16.414338332812978	18.650509023002726	10.465742371064799	4.669015311569674	7.54338712868323
SRX2037542	14.956226706464271										8.186430077148955	16.928723146950134	19.32391500495359	10.766109672897665	4.765662950730287	7.826549012309619
SRX2037691	21.65365246584091										5.911364884812507	11.127673660756294	15.918561035287004	4.729189369123665	2.749583870806448	8.415066300880806
SRX2037693	18.14517987796985										6.611407588963498	20.15953029066038	13.792289415236404	4.203214429374767	5.425613414221933	6.922483847391801
SRX2037695	20.724755169542753										7.134142608168547	14.656188028887257	15.581214831486514	3.303408310513879	3.234504367398582	8.015600593619485
SRX2037697	21.041038866252226										6.839088487990594	14.297290483168773	16.000893301619655	3.5836468101114254	3.0754000455327297	8.235180367899282
SRX2037699	19.264251713838267										6.259669569499578	11.718276332558009	16.679299115852583	6.104067690502636	2.799106175078983	7.971618538806549
SRX2037713	19.938075341590952										6.263245984443608	10.963866681511332	16.466693384661664	6.8209694493466575	2.5581111411850723	7.916858859754952
SRX2037715	19.56623783657583										6.534842936354466	12.423859132799036	16.752059873323432	6.502432804270773	2.4370106983507798	7.869706343165772
SRX2037717	19.169944912728074										7.399733757013391	17.94743201662158	13.933141771775384	2.8235093299932297	3.5685581030221853	6.990170124744613
SRX2116174	11.537980395489082										5.7175778953174925	12.804563471710123	11.13659352474497	1.7565264796553612	1.560618158551425	4.297768211284031
SRX2116175	10.501231467262171										5.409738156230614	11.823047473752267	9.870465715902322	0.5192748412895742	1.7545595012161166	3.9392455294108952
SRX2116176	19.664575059529447										6.603501554389718	12.077550505217577	15.454384404061164	0.8367735990901382	0.8652629445500456	7.66952474098402
SRX21659709	17.017020311362725										7.878312716571114	15.654751039412446	18.771331149220494	8.522883491441366	4.6342407563472925	7.932332348831918
SRX21659710	19.524525206419586										8.50909832137214	11.57184197430775	23.473528830602895	3.5576233177878183	2.988446083508755	9.240793212995309
SRX21659711	14.939591272254434										9.779723861478892	17.179868090589615	21.149303678694135	11.60208105081346	4.2914298855110795	7.6460830499102475
SRX22720559	21.3190080458269										7.400406265648937	6.527579252669071	24.136039198687875	0.06909934512509464	0.20284681651662317	9.914168054373564
SRX22720560	21.145620824373218										7.277935652996232	6.023017964757901	23.34644748156478	0.06320964599838089	0.13380421404623283	9.424186794821335
SRX22720561	21.86887296059315										7.977072427654018	7.908061627619984	24.277931143857025	0.509715113963702	0.9027012368748378	9.737737522874006
SRX22720562	21.5463372415391										7.155122857056119	7.485491878149765	21.85027640809038	0.4799284050859393	0.7328476419481998	9.289396855509313
SRX22720563	21.18039109031755										8.086770508208616	7.203370747466016	25.61764348882745	0.45175172624889104	0.6893182031974088	9.997399928713966
SRX22720564	21.667707733866134										8.051937255685683	6.699581319774188	24.76767389518272	0.2558818731129126	0.6690297409780523	9.857802061353944
SRX22720565	22.375296248766155										7.0833843884426955	6.738083550689214	22.772354475486996	0.2323422057737775	0.3354549965413641	9.919174880336348
SRX22720566	22.427927681392557										6.749017552240125	6.0993425698615615	22.388232230835268	0.1461929409876157	0.41652150735823223	9.780351510226224
SRX22720567	20.58656524862895										7.558797537067045	7.5838386546580985	22.715178721887938	0.25783429457955254	0.54794762959757	9.28125509893266
SRX22720568	19.622324879843184										7.564580169863763	10.04623160703406	20.187245879837594	1.006893590823624	1.3957826071907797	8.884178242601834
SRX22720569	20.94863169178497										7.365815916147526	9.090740535358831	19.956017874531145	1.103955663087916	0.670797943058951	9.19950899245407
SRX22720570	20.917175320972998										7.5669430832201305	6.6148596474584265	23.336877857180564	0.21990676200437576	0.5695999557869846	9.240196560354557
SRX22720571	19.788160695245445										8.271053669207024	7.85856404474788	24.11526761196082	0.057425628228712305	0.5541315536312887	9.391531402778792
SRX22720572	22.65050147130824										7.153245626607983	7.65848947283112	22.227782222865773	0.7460199400484459	1.303697104654059	9.766389975169364
SRX22720574	23.66645621772945										6.137154982654637	5.281611627959575	22.11581634601969	0.05633126186410935	0.18057262253665063	10.339850584809755
SRX22720575	23.585980403835926										6.443648409738745	5.104564950758469	22.094465588033568	0.0	0.21961751066370505	10.347669510094526
SRX22720576	20.959417370203457										7.464621853423085	6.223146573259519	23.709096595146153	0.0	0.3418434215033278	9.796842895036157
SRX22720577	20.897728383232415										7.812767293127523	6.529922232845618	24.59474617228907	0.0	0.22667144722678859	9.930273655686678
SRX22720578	20.446943877961335										7.8714336340358555	10.05276106487291	20.80281723886458	0.368989762233022	0.8987245986617441	9.117238054806048
SRX22720579	19.437480808502873										7.904155876331857	10.205124283227619	20.304429978748335	0.4446385337056326	1.0902520302177487	8.805571308656369
SRX3316529	21.289985587974165										8.403097160177943	14.26693105303118	22.888958050870865	2.7492414209410545	2.962906342647156	10.374072850494322
SRX3316530	20.49356885014572										11.419565154488028	12.367608874591234	27.426127421302887	0.5926596718453547	1.484254297418649	10.109407308230562
SRX3316531	23.335710488037982										9.334603354622756	9.405316548761746	27.52489310574355	0.896715031954191	1.097731541638823	11.826387966892009
SRX3316532	18.334250667302758										10.646996004204032	16.55176659203423	24.594443097760536	1.802665777819935	2.8490578748378494	9.277244520672529
SRX3316533	20.948948393289598										9.558410004236501	14.150404695361724	24.33076802759206	2.581144593116854	2.609220155354423	10.42939573885119
SRX3316534	21.250775045204517										9.544251134515791	12.499528715173236	25.687974841045197	1.4770224082448016	2.1447803868817386	10.815429820737062
SRX3316535	22.167560280597577										9.706650241234515	11.224738006637951	26.170187574135344	1.4569135899679266	1.4605000038364695	10.697616634665524
SRX3316536	27.958894834116183										5.307965386903213	5.75680204516011	22.40438826385268	2.1999218283033457	1.340438063787085	12.257596880813516
SRX3316537	21.439574493637696										9.193183419883285	13.376506946213516	22.729651702399327	1.7427286317502975	2.6947188605024883	9.730840541057422
SRX3316538	20.50869165047132										9.885058554352629	13.96315924585351	24.93493977054035	1.8848403760056205	2.388869099456205	10.565514595818184
SRX3316539	20.878714787513466										9.137393064156148	14.404048249343	24.193407568029443	2.459390010524047	2.161879289466041	10.415266081561166
SRX3316540	18.715921015126938										10.602365301031751	15.75510104532862	24.63760661736756	1.5626536372109048	2.6723289253663953	9.48325093852023
SRX3316541	17.593601544600126										10.986401728809152	17.549787354476745	24.090239207893827	2.8167888269604298	3.1318683360852306	8.857473927849856
SRX3316542	22.16469091217471										10.026642283961342	12.149753583555203	26.130278185315976	0.9197254286905793	1.9014778029262793	10.608694663193678
SRX3316543	20.044932868944542										11.480839239349093	13.613046097837914	27.19081504681895	0.8962175964168336	1.607534968079532	10.151373145561582
SRX3316544	22.576053583872934										9.714861907357323	9.67215743033365	26.96505284680092	1.254471974163071	1.2595373297513592	10.702113560675029
SRX3316545	24.568219493496223										8.339087824597815	8.948494993083221	27.199251488064295	0.6670080086591506	1.0125351673112337	12.210348013856038
SRX3316546	22.11995637004952										10.33766042609213	12.43197760946148	26.885816015146098	0.740708034776562	1.248090722415487	11.052280308206393
SRX3316547	23.88556542997413										8.40948076556329	8.336030805782261	28.156505646448238	0.8471702149327947	1.0382408063728228	12.342529801215877
SRX3316548	17.103029349513392										10.52933032030145	19.53087838111397	22.507905394002453	2.5239412699684993	3.9431183725432737	8.513874882804636
SRX3316549	19.363322256986123										9.873317851974807	16.498478680186775	23.427417806664817	2.592324770639309	2.682283582321201	9.511307518159482
SRX3316550	20.754874272673984										10.411659198434744	13.219685575795529	26.483941873641303	1.6060896851598532	1.972873398788182	10.361930326015438
SRX3316551	21.788297108176025										9.089649212693791	12.278950638230821	25.23961984791585	1.9291671190895834	2.5493026360668485	10.882135758587413
SRX3316552	19.85141276958964										9.304509425289039	12.96195124468941	26.535599510048595	2.805626255277444	2.861195886746721	10.923809733560512
SRX3316553	23.782199631892862										8.578806957439298	9.45196779229883	26.812421100523487	1.1435216581544851	1.4152627044547452	12.145540035494703
SRX3316554	19.57936499508551										9.138464460086333	13.638099690256514	25.97577698826303	2.7732339393891547	2.869896216703154	10.766844829105064
SRX3316555	24.392408918263694										7.189178159758231	7.889776727290151	26.13959694831266	1.5068467248873139	1.3177815560919182	12.351284663826997
SRX3316556	18.956879678238117										10.452259073783774	15.047210270957024	23.95674797468925	2.297503111256436	2.9321508889228407	9.297810368665646
SRX3316557	23.0271070226503										9.481193126518253	10.66922635760079	26.486855551230708	0.8321568036061093	1.3699500369495585	11.30627088344969
SRX3316558	21.30211230867943										9.546511098987397	12.855193553168299	24.664019064100454	2.049290926389534	1.7746680136054687	10.405442812272051
SRX3316559	21.56330495549181										9.666417670799454	13.116672285301892	25.340152594878912	1.8665317383544007	1.961988977106427	10.968897833506707
SRX3316560	18.251755630643615										10.111928674143801	14.849104425682338	25.53486750496623	3.280236826493823	2.670791761080943	10.15869584271692
SRX3316561	21.47446843831522										8.784611623126084	10.946137736684815	26.001826965844344	2.162304416742388	1.7433921416425153	11.229395200736496
SRX3316625	16.684853825980372										9.989784158149895	19.384724700209485	22.108569020748202	3.939964714112872	4.834331840998018	8.459935787021713
SRX3316626	21.934857225500664										9.009696343086947	12.813782032835183	23.880204463659247	1.6897408158344804	1.76506324482169	10.67840630816356
SRX3316627	17.061197676306055										9.626877116251588	18.607345728962006	21.09266623386347	4.805141045705073	5.3105074051633885	8.358009148549597
SRX3316628	23.594240168927612										9.502222793786059	9.91926586928406	26.429477799338596	1.0799099523959028	1.141178945655235	11.364895722777812
SRX3316629	24.164214295439844										9.29342465292816	10.070742095716415	25.943469765121698	0.540744103803517	1.2405838295686886	11.334090039115836
SRX3316630	19.803899718893707										10.193262779581644	15.31618388184916	25.15676957510437	1.9337603501065843	2.4937750276233945	10.444906185648861
SRX3316631	20.61076170047426										10.150811711313553	14.818486036884254	24.796596669008807	1.8360183830738654	2.246999898584054	10.65559229527732
SRX3316632	17.304151011560094										9.97995018135938	18.898065486429584	22.29046198449979	2.9740099236758333	4.516854225963482	8.607169055615056
SRX3316633	22.139844608685724										9.101147608966361	12.813541091576017	24.056610199901407	1.5964317878484908	1.601444438278538	10.48727921000944
SRX3316634	22.117105959289443										9.363330754396937	12.720279287867353	24.255767421107684	1.9209903433148896	1.867053004115002	10.871498691972246
SRX3316735	20.635017509018326										9.108949360367937	12.226799593178104	25.1761183482617	1.4322264966670406	1.5644758971108352	10.388058203121991
SRX3316736	19.52288262500486										9.879158859758675	14.361407853498259	25.790677723693676	1.9525245888007712	2.719599448631813	10.192918022450261
SRX3316737	20.497875328333702										9.793313573400745	13.750982364945655	25.935781809210273	1.789889125518317	2.335816188121862	10.626328834657047
SRX3316738	19.8449167575789										9.551186748395494	14.180918542529847	24.28118089117771	2.743478074527842	3.0426252781883614	10.439179109648277
SRX3316739	19.33308224587556										9.62684426764343	14.054393382036581	23.73330476489663	3.1601039886731033	2.762019122987236	9.8277133832139
SRX3316740	20.95113710931278										6.826257470457824	8.700579823394614	20.826611368457275	1.256603267862797	1.5579388214531291	9.41742006467602
SRX3316741	17.83973333303268										10.38759397313188	16.90843635320131	25.08226044907982	2.800268792157636	3.4777941654306623	9.899649790381428
SRX3316742	19.86586335110981										9.748002378421303	13.121612002339097	25.728914931164915	2.3302601347796785	2.376033004616089	10.261910769291761
SRX3316743	20.525578308534346										9.528164850271578	12.922322432150093	25.478816851022675	1.929849309901218	2.3103410794618613	10.299993027748327
SRX3316744	24.348870290748017										3.1849722116655004	4.259663881746812	14.424141623860335	0.7066638052114456	0.4406584609031577	9.036274101913765
SRX3316745	22.130032620727462										6.116005396029188	8.134318652511688	19.565242099355437	2.6759367713504987	1.9098051036247041	9.177749956646666
SRX3316746	19.94055802766986										6.365491947626511	8.196653739630056	20.80355406507352	2.016829443741293	1.4104400130231909	8.986082413516353
SRX3316747	21.539408325123187										7.860428183696406	9.447786443745128	23.436733111517558	1.2081743372410536	1.547523990551281	10.540842590633043
SRX3316748	20.220277507380896										9.437624012811707	13.85693087652762	24.0914016956235	3.297444008584602	2.55476562707673	10.194297748250774
SRX3316749	19.339969559810754										8.44388712330108	12.280019744276826	23.130395659400484	2.925955943470621	2.3882732244477696	9.54220896732687
SRX3316750	19.595553426158617										9.335184784230991	12.720506237132811	24.76256737673269	1.9506987949786585	2.2383862036528064	9.998338654592084
SRX3316751	23.118140891895564										8.835893125385557	10.08133282555183	26.135010758006665	0.9794784206445186	1.451436732637339	11.352963777568352
SRX3316752	24.293667124496306										7.9205491321627175	9.126220433785294	25.847364285701957	0.8294578493012943	0.8330402215554065	11.616581948262041
SRX3316753	23.020067584051297										8.938376425260909	10.534265990409992	26.33337126311156	0.9921057260243942	1.2458337984464816	11.476321254170472
SRX3316754	23.803042661023394										8.339706236789361	9.15110561090001	26.04465544625309	0.8978879099116035	1.1609001386451447	11.789444118475885
SRX3316755	22.055294639542225										9.228470507149192	11.63054716943407	26.266291979447214	0.9499728249809266	1.719040054282265	11.20393633445904
SRX3316756	24.65007121087714										7.715967152363292	8.448185376939959	25.908097500090673	0.6315573947025399	1.057286567514364	11.573934498759133
SRX3316757	23.77101901807663										8.39032385117397	9.842532608427865	26.081670468390556	0.8997625670775645	1.2272534868440705	11.574801128817883
SRX3316758	20.60464977382574										9.828362563621303	13.87613591330188	24.43536521532889	2.310575676981106	2.447474162265066	10.58769094972139
SRX3411505	6.486423933059507										8.461264872626236	22.766342177961192	13.138763470664097	22.98685800664235	8.747899056871528	3.7248651800811294
SRX3411506	8.277373017004049										8.946544203111543	21.067506079324154	15.595961216563811	13.149362440123982	8.943799726182439	4.622916143684873
SRX3411507	7.270376433744113										8.998098370763188	22.55078180318003	14.178913488630606	17.494342673988957	9.108154532762862	4.02972206500489
SRX3411508	8.498313702158375										6.8831222455839285	15.647358126325631	15.024201051338256	17.349643869432143	6.201441366457904	4.862642392331343
SRX3411509	8.359499740594377										6.707819065581592	15.251670215118098	14.756737778576259	16.74262288493941	6.061159828531173	4.792119978082175
SRX3411510	7.208087934955241										8.948656056560726	25.271331944173692	13.595267407927118	14.160271889013485	9.810453268433632	3.8793680882789534
SRX3411511	6.897257680135094										8.71774661844007	23.406126535214625	13.46433778383307	18.660070914157583	10.163697586272933	3.6960045442196976
SRX3411512	7.70590968842106										9.579826058243953	22.663975212495163	15.834362174642491	11.759294186721242	9.875487074358789	4.397402827047831
SRX3411513	7.5468042775557835										9.242728294213991	22.67458827978134	14.421785451162808	14.492873447897663	9.326040166687049	4.1880763834143035
SRX3411514	14.493608926196258										5.974661502084259	15.065661535197053	12.930823162844327	7.997283654329033	4.414060901305521	5.635002915090346
SRX3411515	11.149351017808744										6.795700369327334	18.561108159104776	13.17898868648196	10.417229997048164	7.392450594584692	4.801907404041269
SRX3411516	9.629922186439025										8.540802965865536	21.989259817041162	14.880367929514609	10.11775736623179	7.861234306831613	4.620223702899456
SRX3411517	9.411801274893946										8.82717762372876	23.915958301256808	15.7712388081282	7.352103720078479	6.944580593934578	4.807415546923964
SRX3411518	13.562189375434134										3.913384806619368	5.536529826684831	10.542187193107019	10.001810863535455	0.9666176916093762	5.021576372343825
SRX3411519	11.697158640521286										4.416732017428846	7.856194085484498	11.22149409673681	3.4237844366060832	1.3410713971132133	5.005634097062068
SRX3411520	10.736764988672668										5.377028726763322	10.287282563354243	13.650321306338789	9.448821388671542	3.4366993435424784	5.742000407352769
SRX3411521	14.258391387926745										5.9823448520296685	9.916176037103481	16.86256160202057	2.9266303204908932	2.43922581107084	6.813444387425472
SRX3411522	10.913944595742855										4.532878585601232	8.349905965246254	10.890005862607017	4.508924844632615	4.110118687883045	4.506862177496634
SRX3411523	10.863113766495418										5.448948079371358	8.677680339246463	12.19477594249482	2.6638195719865574	2.462900947141047	4.8881936913886035
SRX3411524	9.866925492116378										6.241041291526896	11.706000361733043	14.306261886935731	8.500536000139194	3.8171079104310444	5.146718969764278
SRX3411525	10.188363224842638										5.94133157730741	10.267648392807931	12.758645892979251	4.991044195815855	3.9343847939119256	4.85516680084471
SRX3541437	9.654056839479471										7.133104660774936	23.302188336897252	12.14196910728085	18.608522406636933	12.815980925502016	4.2966396843811205
SRX3541438	17.89905925240144										11.251825067188902	17.426958496314285	25.37713462799518	2.437464070273311	2.5505103590180167	9.645709429008363
SRX3541439	14.346117687556642										10.31611396036116	22.28060920763694	19.56212455720531	6.922857266506519	6.880334691662865	7.2972022878854155
SRX3541440	17.480648639806493										11.590709343007417	16.533833615668005	26.040403037822628	2.324178357586305	2.019414402920392	9.373463956496732
SRX3541441	7.476943939739278										5.414887531380966	24.706089779583497	8.016267683436087	24.548359800563908	15.689063224854541	2.8194233347525324
SRX3541442	16.991537285434337										10.190107580393285	16.719577602013402	24.037013324401595	4.6610034344587055	3.192344676550919	8.93109490717435
SRX3541443	6.636321199938646										5.653097973349024	26.999574524356728	6.715607313499898	23.46673105647508	16.62482894108331	2.2621041738086087
SRX3541444	6.981204546588585										5.687438847717152	25.754920845806133	7.1862529233342185	24.15921993700221	15.96512711018224	2.5507403786173515
SRX3541445	11.171742926321228										7.607152247085026	23.953562568758414	13.491169302148181	13.655759373571422	10.19987729936102	5.074333114482468
SRX3541446	9.928586936169804										5.88309299627826	22.519194880280466	9.824926412016046	20.28103484156546	13.589962849456938	3.9582642723473365
SRX3541447	5.691454930338242										4.935067386926405	27.243977570670353	5.544264436229736	28.057237186164286	15.88423655479983	1.848257535872721
SRX3541448	14.175960025516426										8.467483984669306	21.893424343540655	16.611006024150615	8.768060411696274	7.492545193367368	6.40426182651615
SRX3541449	5.9870095938140455										4.067419107112018	22.50863328144212	5.114359382518018	36.46410721373863	14.231004193555455	1.953548424845248
SRX3541450	7.342134902409479										6.141155222906547	28.262147264023362	7.018578776781141	20.03973854430009	14.029295307134184	2.387816389910352
SRX3541451	18.798500031876518										8.1382236481079	17.423000420880996	17.750670002566977	5.229573401602294	4.420275499606411	7.583966238834658
SRX3541452	4.6827121650570795										6.446884360192113	28.97253901280678	6.069830177276655	22.816078885566057	17.58501808953378	1.4528295438399617
SRX3541453	3.4072793489009587										5.716665646692595	29.898170679722785	4.652250706109646	27.5355259216517	18.721660407143855	0.9341570071496124
SRX5252024	28.58170148037942										2.6863737878205436	4.38572672060047	10.866373928388096	1.9091368218060856	1.4533072409171577	7.279104380560902
SRX5252025	31.630428329541548										1.5661228087883943	2.8487796814182382	7.252118098122005	1.0849683564417638	0.8123092111217192	6.279120276786479
SRX5252026	30.468848597287177										0.5941947099859853	1.3874246487432673	3.481451724699372	0.561896205462252	0.4029480094813338	4.293634154613265
SRX5252027	26.712625277787588										2.655191218498454	4.6612407683902495	10.156892030708178	3.5250122775373436	1.5806447278169404	6.896363358335352
SRX5252028	30.632319472493148										3.057498638805091	4.052445603594003	12.08518911250254	0.5648072820681673	1.2230649808862637	8.224780751031629
SRX5252029	29.09517747812458										1.6480066384049232	2.6635258140182185	7.460335182855856	0.4246981629577228	0.5766741267141084	5.893429954871037
SRX5252030	31.637782871466243										1.2932157832655244	2.381258526130815	5.822556494172659	0.9524524193409588	0.4314023853075205	5.336381819615978
SRX5252031	24.11953396577164										4.393278970195446	5.665258102459916	15.57331054224754	2.32214363407225	1.088557854434293	8.590479693878095
SRX5252032	30.147763361980275										2.72464109041347	4.20905728398275	11.485604065986623	0.6168610627114783	0.9064092865782077	7.7571504579813375
SRX5252033	27.353739133187123										3.8463725546354604	5.488060940245067	13.861727282151175	1.6447942101024822	1.749784334456617	8.185921132304246
SRX5252034	25.222623312925386										2.6151448096199448	4.564885846772803	10.71244938865172	4.101607313695446	0.947139155423387	6.529521645135501
SRX5252035	22.9440994866755										4.540887131032678	6.3496469306352425	15.428364600872632	4.2525841632153085	2.5402307516484544	8.480476459213122
SRX5252036	33.31053279129766										0.8272859850239955	1.3497704759052118	4.95194662685553	0.25420438691728797	0.37398081859291193	5.994285114621453
SRX5252037	30.64136507210023										1.4262398566679495	2.292691805793325	7.530755970730027	0.2717763021464738	0.6974630055509862	6.268411164531286
SRX5252038	25.683677605209294										2.0741845703950164	3.359748075490127	9.715572720552764	4.312536553888279	0.4880838579613551	6.563763418122639
SRX5252039	27.761527053209463										0.6824301415906762	1.2419303695829083	3.4545939849816527	0.3117113630282136	0.21420246767605117	4.042601632286185
SRX5252040	26.01710005115367										4.3535947053256985	5.978754691102075	15.999707830561274	1.7718123620152713	1.520315963406624	9.274155621145711
SRX5252041	31.70355411263528										0.6814826124911585	1.266556777642855	4.052475123152206	0.3406169216237027	0.3273906901641658	4.879376684919812
SRX5252042	31.859417519285333										1.2779792522228546	2.2752441437260873	6.150117930057356	0.5384955100867371	0.41332357617688753	6.122577047304636
SRX5252043	27.39413700366215										1.1268239556249324	2.1862655066152277	5.838823838574233	6.593763244342873	0.7701900031645839	5.2291133893072415
SRX5252044	31.54033585494988										1.1529529167377268	1.598443296192251	5.238909714969227	0.28334327097671236	0.3667051081641237	5.6714158572211275
SRX5252045	32.642606504110184										1.534992636278662	2.6779322677534334	8.072524431267508	0.7719022253508003	0.514899967194754	6.862703210600108
SRX5252046	30.314209213570237										0.5621511138922342	1.1343127095009689	3.6514219324876724	0.3598599731476142	0.3317415888069149	4.412145969781083
SRX5252047	23.68709960071533										1.168711738164365	2.2659475312639508	4.750871582540606	5.928174517510975	0.9205016013785549	4.082549932886875
SRX5252048	31.55746538231404										0.9555444006985566	1.6835173280399716	4.9227896489720395	0.5625339983568971	0.28231790865722595	5.254123965034506
SRX5252049	33.44609964898208										1.0048704384035338	1.7996555883824004	5.654817631336668	0.6269341970634063	0.24810167429754654	5.81892797696336
SRX5252050	32.266136273125326										0.5938599250111846	1.1244623005689638	4.2436876321906105	0.30510025409209995	0.3393988893308911	5.145054128763042
SRX5252051	27.195122811661843										0.8180284950791532	1.5050258766464968	3.7851696691795715	4.933420251454246	0.9025021038543805	4.294876635370233
SRX5252052	33.852633682394654										1.1107934451784804	1.498919026600064	6.208117164823281	0.12314621185462406	0.17658156451451926	6.585562537068269
SRX5252053	30.881161830320142										2.944793500109889	4.4181811985870425	11.948538174520902	1.6589875920230184	1.0224604897295593	8.18222282914606
SRX5252054	28.011050909433155										2.076839411476317	3.369783798005605	9.169834506662701	0.6015380777644532	0.8746453956362313	6.202506989761313
SRX5252055	31.03860860686846										2.5783177583594896	3.984754405926106	11.337988889502313	1.0323521917178846	1.2131813217529168	7.797008249748287
SRX5252056	28.610527341081514										3.5486493727143795	4.9591966367394305	13.072824754158816	3.0727414726992763	1.7649226011481038	8.24394667175142
SRX5252057	26.681225979642537										3.4796865208530003	4.960795595369924	12.532895877467324	2.1614068004070734	2.038252116615204	7.696211477353172
SRX5252058	23.898831588174566										5.844316199378937	7.9754299207016395	18.977795568347585	2.6896595725607653	1.752411862923587	9.657268656333628
SRX5252059	23.76344397549249										6.047831308619789	7.6243327725169685	19.861903529363197	4.61557867592479	2.354637915002515	10.41319197176332
SRX5252060	31.463622108800383										1.02101488925599	1.9203894699825863	5.254657363686273	0.7774950401229388	0.37451781225960046	5.6316764397685475
SRX5252061	28.16318467598009										2.9940418678252496	4.312441002667784	11.863330185428087	1.3040178262634203	1.2847984353833397	7.876592800175265
SRX5329169	6.993524579681412										5.680036593886887	25.590121049599762	7.142649058721827	24.110717132113937	15.962332676218901	2.538476153569787
SRX5329170	17.314335887228854										11.103103241794157	18.522484480576384	24.956796696862156	2.4274128219584705	2.9718413210550936	9.147787958499121
SRX5329171	17.683291038979505										10.654878254482115	18.491299124683948	24.12921778054171	2.8170569286894267	3.4517221697705756	9.32149639494602
SRX5329172	16.861719875079505										10.124623679089902	17.58397495831544	23.38954603544013	5.389117535786276	3.738935971256922	8.641482992046267
SRX5329173	6.095979964789502										4.60924286690137	24.213779639842976	5.7839396080991445	32.48850659427569	15.567559064086026	2.034580621808772
SRX5329174	18.097197803608616										10.830520260591562	18.048007217313295	24.573947974796393	3.1486448100886895	2.940095395538126	9.3289165560845
SRX5329175	14.731788509957555										10.250702892870185	22.092649758750195	19.415439129754294	6.8695626347811	6.842518177578653	7.250655030450513
SRX5329176	7.5401322460161735										5.011898801142664	23.231547402704877	7.317757871196798	30.76507779930622	13.846319543833301	2.889099929906698
SRX5329177	18.442977047652757										11.138872128406522	17.24775255426595	25.138490016914606	2.4130373046356848	2.5403155210977686	9.597378566797216
SRX5329178	6.9058289934262636										5.60278124391431	26.7598651422516	6.673711705537315	23.407685380914245	16.586290143573436	2.248884495264142
SRX5329179	7.50475117059332										5.38549589633236	24.600921347356337	7.966306491658765	24.512307912584063	15.595006212020635	2.816096119486012
SRX5329180	10.085072043605816										5.842616843659761	22.410234132217802	9.759973969625388	20.177403895047462	13.531074414472899	3.932746379441418
SRX5329181	18.798744530411675										8.101949679862958	17.339312954861246	17.690794650100177	5.21066638992488	4.433835718485442	7.560587424761925
SRX5329182	19.9815105963128										9.108191595629126	13.88911984055858	23.98837976001841	3.203682140498708	2.2818918336626464	10.064894109092487
SRX5329183	18.23230004894085										9.215304564805814	17.995265807238454	21.32812206079143	3.928098519659926	4.043596338665673	8.440841528629523
SRX5329184	9.77069366276554										7.107743719612887	23.21573304667971	12.075435768365775	18.580210851979988	12.725755582262293	4.279795037708921
SRX5329185	4.75985743583447										6.391846500918909	28.89119409477236	6.041097785133868	22.775408045602006	17.496699765854864	1.4485530373467415
SRX5329186	3.6686344776336024										5.6670176402282895	29.706146653859765	4.622503293008993	27.419125119023274	18.6143657795719	0.9268751428841577
SRX5329187	14.369600232798865										8.95120774978685	22.24326082860277	16.40093167498043	7.746995853746041	6.360287618511679	6.208665435523298
SRX5329188	11.465055484597485										7.3476816655378405	22.804377989070815	13.85287005732288	16.37699634441218	10.381791296590864	5.123695219791808
SRX5329189	7.964782536191414										5.75737495083796	25.156450183893185	7.421764394542056	24.413494640129336	13.813199260482891	2.6631603610471335
SRX5329190	6.450681530519985										4.355509191378954	22.989054293222903	4.692411473289382	31.593613510850034	15.887928803326194	1.6525335396321066
SRX5329191	6.655803091822188										4.697768404402741	23.569982726073306	5.786175778195037	29.70842811988855	16.0225680018052	2.2009422124797373
SRX5329192	8.444516266543122										6.037286261107773	24.704381541664695	8.311084166803127	22.835313570617053	12.947167263326714	3.057442619435611
SRX5329193	11.190564778131616										7.48510685419441	23.66196688648829	13.814758530005268	13.767617764222104	10.829231589427089	5.073834837587993
SRX5329194	9.414459409871844										6.519487254743909	23.559747782420345	10.785882028383199	19.223166850635863	13.88054077567168	3.846001155684844
SRX6700162	18.33757475567909										9.556085233576733	16.23797276721717	25.214409968192676	1.9124994515221907	3.3702693276311515	10.419330092168005
SRX6700163	16.77897750525332										9.616689654766935	18.44928955449961	23.306433687383144	3.327244233165071	4.497480701154301	9.150228178203045
SRX6700164	16.571707110804734										9.952223671026438	17.76431377308606	25.18773455322542	2.993327662162024	4.008616417717971	9.825332382044866
SRX6700165	16.8658959566549										9.286230636626264	16.519126546272826	23.69854803192472	5.621474154498943	3.788639868904039	9.548389002885358
SRX6700166	18.220282661094572										9.181528997077889	15.720242323637324	24.281289899450105	2.7486363903450073	3.554920913724699	10.081188152466344
SRX6700168	18.687920894544952										9.660829419318592	14.563682357106552	25.173067804424942	4.318610380977192	3.083812979058494	10.026487566611275
SRX6700169	17.784514980204825										9.86871648580896	14.508643738228075	25.017974342400183	4.771825920058073	2.82892183899616	9.433234877565631
SRX6700170	16.132772830936855										9.538832326604235	17.09035681771077	22.139071249204072	6.70393782042737	4.539221803636489	8.748121354195332
SRX6700171	20.129207181862892										8.56823208285963	12.924381554022807	24.02605373774187	3.1755032249634927	2.4227447276330265	10.649889289233288
SRX6700172	20.00695955100278										8.46621954173231	13.176523604193477	23.75399727528421	2.867189516866138	2.4337815050144394	10.199609770719691
SRX6700173	22.587390550766372										7.626133391546553	10.245289500488628	22.89783124278805	2.421785862419724	1.4019906485280307	10.801849994388395
SRX6700174	17.269799193370492										9.735317294820435	17.565078442877432	24.96171681944299	2.4704187987887387	3.794693768634322	9.949216036205826
SRX6700175	18.58900329270466										9.506163630006592	15.832860182919289	25.654112591367785	1.3663051850491543	2.816206908634042	10.585290305075882
SRX6700176	18.03640652225699										9.749919931623959	16.053990960395733	25.907240981967313	2.191978705223071	3.065045324960892	10.567238699241335
SRX6700177	19.21718137046443										9.085368923135544	15.114013390051278	23.86838175868281	2.2489422420243868	3.1313660616400063	10.152927724525444
SRX6700178	23.369179960022013										8.890711019657394	11.546082921738341	25.311234431232023	0.8128132095231331	1.420865930719569	11.494780891449215
SRX6700179	18.02586846486354										10.580845721176981	18.589705870820207	23.99845094467899	2.4528340816298764	3.0671451643685343	9.676533089638363
SRX6700180	12.211721013343494										10.251931968792217	23.629059697169772	20.125903559905314	7.875109264150586	7.430738184008785	6.719740843293293
SRX6700181	17.009433844297078										10.072750938878995	15.449816989210508	24.666347212186228	5.865021104294812	3.350671940286589	9.404766966447738
SRX6700182	13.10265697890888										11.086483840815395	22.041099900832354	22.557061230000972	6.064074703376651	5.584424808393483	7.497204811377226
SRX6700183	22.714622547649668										7.843507644462218	9.012551732629277	23.637186257489414	5.707017928900923	2.033385764598658	10.994107613350147
SRX6700184	21.745443948067525										8.503352504377352	11.719015519790117	24.486067462052848	4.122450735933303	1.9188498635973015	10.910001743689325
SRX6700185	21.445157586724758										8.502069618058167	10.631046776606416	24.774211036928595	4.973612599311301	1.8595852251625589	11.00330717072339
SRX6922015	23.02602840805405										6.758197248615118	6.595170386360542	21.047174606103034	0.5059246906129072	0.6034252647803374	9.681803266802822
SRX6922016	23.86775288033452										5.536677655605472	4.263975006598659	20.04065467229067	0.23002289879168314	0.33046941887484377	9.676736115830579
SRX6922017	23.745401790931947										7.358741163138522	6.93180581368945	21.419004077453373	0.3702512527721773	0.4482130142251727	10.071452578263468
SRX6922018	26.73642975807552										3.816581223866866	2.6619462986358418	20.548108059244612	0.0	0.15137883830826276	11.098932770519374
SRX6922019	18.144739426777527										6.6581168322581625	14.263920104143684	17.03757237364465	3.0635508275801278	4.939107191697019	7.5899232448452985
SRX6922020	22.20589791452556										5.204214111400253	10.340807106195426	15.80828814369972	1.5811419174104735	1.5324537136970386	8.26459871823838
SRX6922021	21.16978914357161										5.866270610679788	11.331792504952626	16.742409678440882	1.7047569215353733	2.6915537977792443	8.407101754411615
SRX6922023	24.773491432430852										4.464238703808779	3.0737956374912145	22.62474705412421	0.0	0.30095240415833324	10.961876854221227
SRX6922024	24.987786395043862										4.64830773464935	3.823570953660902	22.95021854732106	0.11458958945285008	0.2982833323283982	10.854018658404046
SRX6922025	25.333501025307648										4.597684529315925	3.4559428305990125	22.517262299995256	0.14250588537348505	0.4465651369147865	10.9954034787268
SRX6922026	23.286929616416522										6.083534778747071	4.890922868428804	22.649344586073404	0.0	0.49540793947536854	10.098341891359736
SRX6922027	23.12176492728066										6.180930753534411	5.02028052312442	22.97488507007933	0.0	0.4819637795441742	9.976596407198262
SRX6922028	22.315269152359253										6.935828879759728	7.864567514727532	20.975147456579858	0.2504113628774839	0.7218671062116788	9.591476634851938
SRX6922029	23.93683566332285										6.4730434252562326	6.655881594165165	20.966484678873282	0.28107371163969225	0.5897723126229741	10.124687214863817
SRX7101023	20.40225734448518										11.975306557706125	12.94651561890951	27.921462443907775	0.543809896433879	1.2662089236259624	10.955457064650204
SRX7101024	22.270746803315756										10.830844726782779	11.629606184801977	27.855696902465567	0.31335450699517997	1.1892127729915005	11.588088878810254
SRX7101025	21.691971916135138										10.987787571441352	12.190974074922691	28.016154315751656	0.394409654272485	1.24522577727257	11.64012084277028
SRX7101026	15.507363215672834										12.373097387620469	16.232647510823416	29.396823344356093	1.803840682047586	2.8143660281785996	9.75898100670655
SRX7101027	14.324832087050618										12.455232397873463	17.81458926684884	28.692361051397096	3.0485997596723537	3.578549814147023	9.274361326948943
SRX7101028	13.663367830322173										11.528605332977438	20.86729170149712	24.112472740733757	5.310501417663826	4.358312083218976	8.082607758546816
SRX7101029	18.40874971930826										10.194079970024257	14.833249413544653	26.459063119599268	1.3683747232011314	2.319589543066452	10.7021494304706
SRX7101030	22.13767961131748										10.131221743834375	9.360606513455206	29.604107766714165	0.711127103018758	1.1161479009735822	12.386420141512083
SRX7101031	22.84188747835602										9.831498778664585	8.710043856645703	29.1915262566732	0.6570332011361643	1.093846586771572	12.401467361458327
SRX7101032	13.700438900156891										11.785000467316188	18.00206285625215	26.215796034752376	4.79020378106231	3.8444148065242336	8.41417153969521
SRX7101033	13.870970637750741										12.10869191199862	17.654113906273057	27.281741095849643	3.9061920885322	3.5614082403314415	8.670781360158635
SRX7101034	13.018518310133242										12.643638661437933	18.844009033768472	27.359237719769684	3.892461820141216	3.273462742758938	8.339809458662053
SRX7101035	17.460022056274997										7.740567459802391	12.110526765811423	20.786054498507205	3.190212615161678	3.1297468221539844	8.414746697093346
SRX7101036	22.21927159832173										7.537024936210575	11.561137213303292	24.327598375600203	1.1418981447060972	2.2474441198878226	11.618461100437619
SRX7101037	23.49202734283841										7.099117444331323	10.218757766953159	23.02950457108132	0.6183795470975546	1.757302064590898	11.737432526235901
SRX7101038	22.33561065490645										7.467903296463827	11.864026272072033	24.177528909923662	1.0543529930351818	2.3789432625669726	11.674696515517304
SRX7101039	18.183354902754896										8.621793673830313	15.690935422069463	22.706460065598044	2.683880326869077	3.9407030767114786	9.422557331372628
SRX7101040	17.237643880403958										8.881326898946853	17.22407894579387	22.501879509562873	3.465064038864267	4.504990114891006	8.819830111232365
SRX7101041	18.114411985929824										8.74802627743282	15.338259300852583	23.057326529127973	2.0682499131849106	3.4048352647127342	9.4166382286953
SRX7551986	25.66447031465342										2.942307219351	2.749458793518672	19.129941834890978	0.0	0.2899090768933863	11.429209820766694
SRX7551987	26.174365166076157										2.77564391395245	2.1513207636593785	18.387362134783523	0.0	0.26100363889584816	11.465990409169288
SRX7551988	25.19389163685156										3.570100832267161	2.310619087478293	17.68656028140506	0.0	0.9243924862558128	9.69992748588549
SRX7551989	25.46585081637916										4.325862923370153	3.1112958400867576	18.805608288049	0.40614311655105195	0.34018201440204454	10.04526256548715
SRX7551990	26.01716759755127										2.5999514106516584	2.905333302951489	18.07330282255208	0.0	0.4739881173196037	11.36501935078613
SRX7551991	27.244725949224534										2.161757209683413	1.9121288895680038	15.199720462557915	0.0	0.0	11.285576502486501
SRX8694706	26.667892070989485										3.996940059242083	1.6860637892961987	16.721051144182695	0.0	0.17582257606719903	9.906797444023471
SRX8694707	26.28634356827077										4.088898097428518	2.1888908205362196	17.76747091862641	0.0	0.1289847300173352	10.232922797849284
SRX8694708	22.662158507790643										6.790414957247304	10.809681438595407	19.998121755546773	0.631100554690974	1.5483473604393758	9.560153445112963
SRX8694709	22.48283564630417										7.053746907971033	10.836252913279704	19.81259473696973	0.8153222883801565	1.8187182127142705	9.34731507926663
SRX8694710	25.15395784089251										6.236785381909939	4.2606958726344795	21.877047404865817	0.0	0.09862123631942821	10.876563016605777
SRX8694711	25.965451264781137										5.195516922134628	3.4576483822429283	20.98438464916471	0.0	0.0	10.960345822408362
SRX8694712	23.59158704760091										6.215569133564119	4.7388657974432125	21.592715079081966	0.0	0.0	10.493926412131026
SRX8694713	24.515471246916736										4.917827806100127	2.8610227952849603	21.37936340808428	0.0	0.0	10.961943724693137
SRX8694714	25.25557911055675										5.626931148948207	3.492654868544158	20.946546543539963	0.0	0.0	10.814557602440424
SRX8694715	25.283950781481906										5.345566362498541	3.6896559545926277	20.282916601204505	0.0	0.0	10.653998722098205
SRX8694716	25.758458060311686										4.6288888421897	3.132409029947262	20.705944289685778	0.0	0.14490092631141335	11.120734159755603
SRX8694717	24.812825120608885										6.109840640284812	4.288502710885956	21.695493590404713	0.0	0.25524826282989105	10.91215590636201
SRX8694718	21.95647731279968										7.171126125475825	11.794944138386569	19.643584564812837	0.30407061679244807	3.321531914341453	9.280709716367884
SRX8694719	20.73794699644692										8.036685298513767	12.942593862945746	20.569001546479328	0.0	3.174951335843531	9.52472137233309
SRX8694720	20.468158239547208										8.358520907761532	13.021864012152532	20.828446564045525	0.2861611092979745	2.5473848611346677	9.434357217245372
SRX8694721	21.432454448469795										7.755194303629221	11.648158933808547	20.60445086150115	0.5361325970219689	3.4817689016375386	9.74529209792071
SRX8694722	19.981424360483675										8.043077151112936	14.027985491306655	21.055084529658476	1.7591463995454106	3.615722445834875	9.428559719161122
SRX8694723	21.434292848310644										7.334955346480113	12.127927815062893	19.405147907496016	1.1620817397658947	3.7339725237668224	9.185430002562017
SRX8694724	21.301136281289732										7.085984788992933	12.71436448332521	19.802829157135427	0.604286856085399	3.691860664936686	9.266670389784741
SRX8694725	20.88723232972674										7.184815585603535	13.130603865036743	19.974354382067247	1.3757704061445906	3.5756826499622933	9.087836583656193
SRX8694726	18.248147995035715										7.634247465935581	14.578029132633313	20.35572432717478	4.026725951396	5.938091389673513	8.571163275244608
SRX8694727	18.999783007986046										7.636313470279414	14.14206650376498	20.324095164198752	3.1273297341479567	5.34269636536699	8.850433208846455
SRX8694728	23.44268356376741										7.022848203212814	7.949473872094671	22.254575108622358	0.0	0.11367613969432407	9.970047380158121
SRX8694729	20.53928921309844										9.27905292192687	15.235077350856974	23.05666340355247	0.4622247223201951	2.039473545188376	9.73368971455167
