Sample	Unassigned_Unmapped	Unassigned_MultiMapping	percent_assigned	Unassigned_MappingQuality	Unassigned_NonSplit	Assigned	Total	Unassigned_FragmentLength	Unassigned_Duplicate	Unassigned_rRNA	Unassigned_Ambiguity	Unassigned_Read_Type	Unassigned_Singleton	Unassigned_Secondary	Unassigned_Chimera	Unassigned_Overlapping_Length	Unassigned_NoFeatures
Kiley_A_DZM0422_Aerobic_A	2184498	0	77.76439159307219	0	0	56316666	72419606	0	0	7522108	45970	0	0	0	0	2757562	3592802
Kiley_A_DZM0422_Aerobic_B	1965794	0	79.40233150729443	0	0	54552211	68703538	0	0	6090661	43698	0	0	0	0	2784060	3267114
Kiley_A_DZM0422_Aerobic_C	2104834	0	78.71474916115446	0	0	55045254	69930038	0	0	6646331	45513	0	0	0	0	2761395	3326711
Kiley_A_DZM0422_Anaerobic_A	3295050	0	78.35145514987978	0	0	58375783	74505040	0	0	6465873	51314	0	0	0	0	2914505	3402515
Kiley_A_DZM0422_Anaerobic_B	2761952	0	78.44082261611534	0	0	49423959	63007956	0	0	5262562	43561	0	0	0	0	2413210	3102712
Kiley_A_DZM0422_Anaerobic_C	2224854	0	77.52270519222803	0	0	46669605	60201208	0	0	5806319	41167	0	0	0	0	2327283	3131980
Kiley_A_WT_Aerobic_A	2764130	0	76.99290056851831	0	0	50364330	65414252	0	0	6274490	43069	0	0	0	0	2504742	3463491
Kiley_A_WT_Aerobic_B	2016516	0	77.53090188552459	0	0	44983620	58020246	0	0	5899621	37655	0	0	0	0	2237386	2845448
Kiley_A_WT_Aerobic_C	2034222	0	79.17320162169487	0	0	51289282	64781114	0	0	5848477	42383	0	0	0	0	2644618	2922132
Kiley_A_WT_Anaerobic_A	2880072	0	76.40383624185347	0	0	46187071	60451246	0	0	6316592	41406	0	0	0	0	2197554	2828551
Kiley_A_WT_Anaerobic_B	3102242	0	76.26938685175453	0	0	50037538	65606320	0	0	7083229	40777	0	0	0	0	2551803	2790731
Kiley_A_WT_Anaerobic_C	2103726	0	80.26859732245947	0	0	45366315	56518136	0	0	3933069	39737	0	0	0	0	2391990	2683299
Kiley_B_Dfur_-O2_A	316702	0	83.47449680565634	0	0	6881332	8243634	0	0	1858	4794	0	0	0	0	395227	643721
Kiley_B_Dfur_-O2_B	399490	0	1.138095476219741	0	0	97409	8558948	0	0	0	50	0	0	0	0	34485	8027514
Kiley_B_Dfur_-O2_C	318522	0	83.05636575114416	0	0	6172480	7431676	0	0	1755	4403	0	0	0	0	358874	575642
Kiley_B_DrsuR_-O2_A	275718	0	84.41756049830789	0	0	6267028	7423844	0	0	1567	4428	0	0	0	0	365994	509109
Kiley_B_DrsuR_-O2_B	295934	0	84.546342877082	0	0	6920037	8184904	0	0	1745	5132	0	0	0	0	403020	559036
Kiley_B_DrsuR_-O2_C	301228	0	86.08191670877699	0	0	8251754	9585932	0	0	1450	6906	0	0	0	0	479291	545303
Kiley_B_WT_+O2_Ctrl_A	194648	0	84.16635903816886	0	0	6434099	7644502	0	0	2035	4668	0	0	0	0	385403	623649
Kiley_B_WT_+O2_Ctrl_B	198274	0	83.7267216926463	0	0	5605926	6695504	0	0	1700	3986	0	0	0	0	337635	547983
Kiley_B_WT_+O2_Ctrl_C	263758	0	1.2767302853234213	0	0	99822	7818566	0	0	2	50	0	0	0	0	31353	7423581
Kiley_B_WT_+O2_Paraquat_A	306606	0	83.56477447451496	0	0	6607689	7907266	0	0	2454	4580	0	0	0	0	400321	585616
Kiley_B_WT_+O2_Paraquat_B	237036	0	83.96629823409984	0	0	5475711	6521320	0	0	1326	3774	0	0	0	0	330376	473097
Kiley_B_WT_+O2_Paraquat_C	269582	0	84.07134772193824	0	0	8085577	9617518	0	0	2159	5811	0	0	0	0	492143	762246
Kiley_B_WT_-O2_Ctrl_A	221862	0	85.40661344455042	0	0	7109981	8324860	0	0	2099	5529	0	0	0	0	411821	573568
Kiley_B_WT_-O2_Ctrl_B	231998	0	84.9669917813915	0	0	5296759	6233902	0	0	1801	3998	0	0	0	0	300055	399291
Kiley_B_WT_-O2_Ctrl_C	266582	0	84.98552754196503	0	0	6983837	8217678	0	0	1664	5378	0	0	0	0	404490	555727
Kiley_B_WT_-O2_NoFe_A	246686	0	86.43785307049015	0	0	7155405	8278092	0	0	1519	6060	0	0	0	0	401532	466890
Kiley_B_WT_-O2_NoFe_B	371700	0	84.39131999358919	0	0	8372235	9920730	0	0	2317	6087	0	0	0	0	488892	679499
Kiley_B_WT_-O2_NoFe_C	379364	0	84.22742679825578	0	0	7390608	8774586	0	0	1542	5676	0	0	0	0	434214	563182
Kiley_B_WT_-O2_NoFe_DIP_A	281954	0	85.21489795024051	0	0	5483744	6435194	0	0	867	4620	0	0	0	0	318866	345143
Kiley_B_WT_-O2_NoFe_DIP_B	298856	0	84.39497064296619	0	0	7269165	8613268	0	0	1310	5356	0	0	0	0	437243	601338
Kiley_B_WT_-O2_NoFe_DIP_C	446358	0	84.22481685051963	0	0	9877302	11727306	0	0	1914	7502	0	0	0	0	580519	813711
Kiley_B_WT_-O2_Peroxide_A	234818	0	87.12197629266251	0	0	7315540	8396894	0	0	1112	4940	0	0	0	0	366598	473886
Kiley_B_WT_-O2_Peroxide_C	274868	0	85.418564223809	0	0	6523426	7637012	0	0	1090	3669	0	0	0	0	366438	467521
SRX10341586	1016158	0	82.04010595895328	0	0	14912307	18176850	0	0	5002	12098	0	0	0	0	848827	1382458
SRX10341587	1121922	0	77.47199423294263	0	0	13798932	17811510	0	0	3897	9409	0	0	0	0	800295	2077055
SRX10341588	719942	0	81.69593188047729	0	0	12173019	14900398	0	0	11124	8366	0	0	0	0	679327	1308620
SRX10341589	619018	0	66.26243832910791	0	0	10895216	16442522	0	0	1537	10211	0	0	0	0	557648	4358892
SRX10341590	2305804	0	75.05723468844185	0	0	18779164	25019792	0	0	2296	17316	0	0	0	0	962312	2952900
SRX10341591	2398686	0	76.24039396712436	0	0	19207061	25192762	0	0	1403	19537	0	0	0	0	978135	2587940
SRX10341592	671520	0	82.90057732064568	0	0	13376484	16135574	0	0	3276	10976	0	0	0	0	725367	1347951
SRX10341593	762490	0	81.51180042276458	0	0	13545049	16617286	0	0	11580	11718	0	0	0	0	784887	1501562
SRX10341594	944556	0	81.23635201941953	0	0	15603110	19207054	0	0	19795	13236	0	0	0	0	941610	1684747
SRX10341595	1005742	0	81.53236995185433	0	0	15322693	18793386	0	0	8567	12814	0	0	0	0	825095	1618475
SRX10341596	868836	0	81.03375556600382	0	0	14766885	18223128	0	0	9834	12666	0	0	0	0	880898	1684009
SRX10341597	747112	0	81.65553775038352	0	0	11942093	14624964	0	0	7116	10350	0	0	0	0	676256	1242037
SRX11348531	6476334	0	56.440166692741315	0	0	12287495	21770834	0	0	11242	10490	0	0	0	0	902026	2083247
SRX11348532	7268884	0	57.055939773712794	0	0	14620863	25625488	0	0	11962	13849	0	0	0	0	1008037	2701893
SRX1432806	4620313	0	30.058619695376137	0	0	4372111	14545282	0	0	4160211	3714	0	0	0	0	207646	1181287
SRX14563846	1592584	0	84.04796606126088	0	0	38782569	46143376	0	0	1070210	18264	0	0	0	0	1490829	3188920
SRX14563847	2178918	0	81.0713137593958	0	0	34766426	42883758	0	0	1679428	16722	0	0	0	0	1308648	2933616
SRX14563848	4561456	0	75.20395422676017	0	0	36224546	48168406	0	0	2699529	18424	0	0	0	0	1345292	3319159
SRX14563849	1500530	0	85.08618276274478	0	0	39717723	46679404	0	0	998290	19132	0	0	0	0	1508659	2935070
SRX14570260	1534364	0	82.18083660450148	0	0	19922783	24242614	0	0	37205	12454	0	0	0	0	634259	2101549
SRX14570261	1197780	0	82.21102798002144	0	0	15376800	18704060	0	0	28785	9658	0	0	0	0	482876	1608161
SRX14570262	1308904	0	82.46228505442015	0	0	17642669	21394834	0	0	30156	10884	0	0	0	0	583220	1819001
SRX14570263	1697294	0	80.18228585927673	0	0	19308143	24080310	0	0	46114	14032	0	0	0	0	645105	2369622
SRX14570264	1620704	0	80.96700282800985	0	0	20583527	25422118	0	0	47461	14356	0	0	0	0	744607	2411463
SRX14570265	1637960	0	78.01061660017238	0	0	21509315	27572292	0	0	22656	15975	0	0	0	0	1392148	2994238
SRX14570266	1754928	0	77.12405291828969	0	0	21881553	28371892	0	0	30263	16064	0	0	0	0	1381555	3307529
SRX14570267	1596368	0	82.3358743842779	0	0	22507496	27336196	0	0	29727	15650	0	0	0	0	832918	2354037
SRX14570268	1409494	0	81.84839702968658	0	0	18196313	22231728	0	0	25585	12663	0	0	0	0	658686	1928987
SRX14570269	1112394	0	81.04605925085764	0	0	13527944	16691674	0	0	44355	8921	0	0	0	0	488954	1509106
SRX14570270	1351732	0	82.29874299114425	0	0	17814246	21645830	0	0	38912	11289	0	0	0	0	605340	1824311
SRX14570271	1232046	0	79.99829494112628	0	0	15126428	18908438	0	0	108197	9977	0	0	0	0	573975	1857815
SRX14570272	1586512	0	79.14539210911298	0	0	15915282	20108918	0	0	71019	10831	0	0	0	0	564796	1960478
SRX14570273	1627320	0	79.25188917850132	0	0	15993819	20180994	0	0	69102	11615	0	0	0	0	568309	1910829
SRX14570274	1585896	0	79.87190345568315	0	0	18091443	22650572	0	0	82159	12567	0	0	0	0	685647	2192860
SRX14570275	1487746	0	80.61242929646227	0	0	18601784	23075578	0	0	56797	12643	0	0	0	0	670507	2246101
SRX14570276	1490452	0	80.68547597147763	0	0	17124942	21224318	0	0	56726	11609	0	0	0	0	598693	1941896
SRX14570277	1925648	0	80.22997997375042	0	0	22431744	27959304	0	0	73104	15289	0	0	0	0	826719	2686800
SRX14953908	50635782	0	29.687718143235266	0	0	24092674	81153674	0	0	3238586	15144	0	0	0	0	1206827	1964661
SRX14953909	8356810	0	74.96728643431848	0	0	48851756	65164098	0	0	1126049	35226	0	0	0	0	2542948	4251309
SRX14953910	23754532	0	53.245941758490225	0	0	35145872	66006668	0	0	2706232	23380	0	0	0	0	1721380	2655272
SRX14953911	10112890	0	72.62501049750797	0	0	44709576	61562230	0	0	1193918	31126	0	0	0	0	2136571	3378149
SRX14953912	49440908	0	16.49127248992637	0	0	10369224	62877040	0	0	1642401	6872	0	0	0	0	526785	890850
SRX14953913	13933374	0	66.21199761313255	0	0	46661107	70472284	0	0	1538792	29013	0	0	0	0	2259157	6050841
SRX14953914	46606744	0	13.087599916325349	0	0	7488938	57221630	0	0	1670256	4502	0	0	0	0	351489	1099701
SRX14953915	45566792	0	15.036912999778895	0	0	8623423	57348360	0	0	1610161	5421	0	0	0	0	408042	1134521
SRX14953916	35969866	0	35.09134148809928	0	0	23216920	66161392	0	0	2910506	14345	0	0	0	0	1130815	2918940
SRX14953917	11946946	0	70.37982790580104	0	0	46870374	66596318	0	0	1260656	30674	0	0	0	0	2423333	4064335
SRX14953918	6941042	0	79.49977026716748	0	0	56638519	71243626	0	0	144404	38028	0	0	0	0	2865279	4616354
SRX14953919	49588752	0	25.434952448451487	0	0	18517968	72805200	0	0	2214898	12874	0	0	0	0	948886	1521822
SRX14953920	53599944	0	15.485086157841232	0	0	10462688	67566224	0	0	1784472	5928	0	0	0	0	519383	1193809
SRX14953921	39766264	0	35.569300786791956	0	0	25040447	70399042	0	0	1768833	14358	0	0	0	0	1224993	2584147
SRX14953922	61700706	0	12.568214837806382	0	0	9395645	74757196	0	0	1867285	5788	0	0	0	0	449974	1337798
SRX14953923	49242540	0	25.715040248637568	0	0	18946908	73680258	0	0	1832787	12690	0	0	0	0	989219	2656114
SRX14953924	5538202	0	76.49904860742566	0	0	42116617	55055086	0	0	507578	26116	0	0	0	0	2031909	4834664
SRX14953925	53288330	0	9.871539600632891	0	0	6074290	61533360	0	0	1066115	3747	0	0	0	0	317680	783198
SRX14953926	24399752	0	43.91852951083826	0	0	23804789	54202154	0	0	1273223	14490	0	0	0	0	1244443	3465457
SRX14953927	48976484	0	18.763312450166257	0	0	12534292	66802128	0	0	2838155	7034	0	0	0	0	633757	1812406
SRX14953928	62258212	0	9.732939034473045	0	0	7163477	73600348	0	0	2078981	5457	0	0	0	0	303934	1790287
SRX14953929	44728544	0	15.401036475383023	0	0	9435376	61264552	0	0	4034001	6655	0	0	0	0	366872	2693104
SRX14953930	17641510	0	51.556964829807725	0	0	32657853	63343242	0	0	2511129	23152	0	0	0	0	1377146	9132452
SRX14953931	39396308	0	7.763571212984652	0	0	3494130	45006736	0	0	1060920	2583	0	0	0	0	153182	899613
SRX14953932	45258150	0	3.331557565313665	0	0	1598456	47979240	0	0	622484	1302	0	0	0	0	65215	433633
SRX18804540	981206	0	84.09174330124378	0	0	17805653	21174080	0	0	31774	15767	0	0	0	0	868741	1470939
SRX18804541	1171632	0	83.51041795090867	0	0	18586887	22256968	0	0	9965	16526	0	0	0	0	900004	1571954
SRX18804542	829634	0	84.8529707872027	0	0	15524893	18296228	0	0	27087	14775	0	0	0	0	781618	1118221
SRX18804543	830664	0	80.04681560122869	0	0	14833477	18531002	0	0	20216	11143	0	0	0	0	716360	2119142
SRX18804544	1398140	0	78.15389836652206	0	0	20301724	25976598	0	0	13631	15542	0	0	0	0	1022429	3225132
SRX18804545	1253644	0	76.4489777106545	0	0	17781546	23259364	0	0	12724	13464	0	0	0	0	917638	3280348
SRX18804546	731284	0	78.64856741887847	0	0	13979053	17774072	0	0	3022	10530	0	0	0	0	641742	2408441
SRX18804547	975092	0	85.20143113750532	0	0	17779729	20867876	0	0	17703	12458	0	0	0	0	713209	1369685
SRX18804548	1824222	0	79.42278645359794	0	0	16903172	21282522	0	0	3693	12746	0	0	0	0	814991	1723698
SRX18804549	1398502	0	83.47493611811694	0	0	15901977	19050002	0	0	134546	11532	0	0	0	0	727206	876239
SRX18804550	1251734	0	76.27541603819549	0	0	13332122	17478924	0	0	68869	9626	0	0	0	0	595493	2221080
SRX18804551	1120260	0	80.63216904978049	0	0	13173916	16338288	0	0	91964	9050	0	0	0	0	630877	1312221
SRX18804552	2429880	0	68.87699367995967	0	0	11295101	16398946	0	0	135458	7160	0	0	0	0	429531	2101816
SRX18804553	1190622	0	79.25327012283346	0	0	13481517	17010676	0	0	99941	8278	0	0	0	0	519914	1710404
SRX18804554	1118306	0	81.22043428079103	0	0	12790568	15747968	0	0	70850	8419	0	0	0	0	366792	1393033
SRX19817112	13107014	0	34.85512338355405	0	0	7608978	21830300	0	0	418097	7034	0	0	0	0	301654	387523
SRX19817113	11520040	0	35.49599529539207	0	0	6954626	19592706	0	0	461623	6383	0	0	0	0	285427	364607
SRX19817114	10669812	0	41.81195471078135	0	0	8709814	20830918	0	0	572239	8146	0	0	0	0	367374	503533
SRX19817115	12951658	0	34.56454155560304	0	0	7375769	21339120	0	0	323373	7054	0	0	0	0	307158	374108
SRX19817116	12372238	0	35.74429083584957	0	0	7462134	20876436	0	0	315059	6887	0	0	0	0	327489	392629
SRX19817117	11176822	0	43.87005462099802	0	0	9802232	22343788	0	0	431798	9348	0	0	0	0	420241	503347
SRX2036088	2754120	0	5.068629898797738	0	0	2374575	46848459	0	0	38202704	1989	0	0	0	0	153818	3361253
SRX2036089	2637388	0	5.324381107992164	0	0	2334699	43849209	0	0	35938416	1981	0	0	0	0	160314	2776411
SRX2036090	2188677	0	5.130351864581853	0	0	2200673	42895167	0	0	36066858	1691	0	0	0	0	152834	2284434
SRX2036091	2416302	0	4.406123571440873	0	0	1803687	40935915	0	0	33991616	1573	0	0	0	0	134869	2587868
SRX2036300	1210042	0	63.4486849933086	0	0	17053617	26877810	0	0	1444051	16380	0	0	0	0	1666878	5486842
SRX2036303	1044888	0	62.39854451759223	0	0	15363389	24621390	0	0	1342520	15633	0	0	0	0	1634709	5220251
SRX2036305	1410960	0	62.30453932870992	0	0	18751224	30096080	0	0	2153565	17726	0	0	0	0	1962658	5799947
SRX2036307	1560610	0	64.95656475029372	0	0	20436637	31462004	0	0	730618	19557	0	0	0	0	2107105	6607477
SRX2037533	2350717	0	70.74244883113832	0	0	26084629	36872669	0	0	919198	22235	0	0	0	0	1443055	6052835
SRX2037535	2422873	0	71.88267607402062	0	0	27694662	38527589	0	0	801995	23953	0	0	0	0	1492069	6092037
SRX2037536	10738957	0	55.024366194839935	0	0	26757377	48628233	0	0	3759916	31136	0	0	0	0	1576394	5764453
SRX2037537	11557482	0	55.226449620961425	0	0	32292748	58473337	0	0	5331787	37440	0	0	0	0	2009384	7244496
SRX2037538	2482851	0	67.5485771228469	0	0	33153430	49080871	0	0	1271375	34755	0	0	0	0	1956657	10181803
SRX2037540	1981417	0	66.09282559737409	0	0	26823881	40585163	0	0	1173519	26883	0	0	0	0	1634044	8945419
SRX2037541	6502824	0	56.25724111406322	0	0	23671118	42076571	0	0	1217704	27120	0	0	0	0	1506666	9151139
SRX2037542	7797908	0	56.07027726169357	0	0	27023480	48195731	0	0	1468312	31355	0	0	0	0	1661556	10213120
SRX2037691	6825450	0	52.13605704271196	0	0	17483394	33534170	0	0	3066643	13248	0	0	0	0	1257781	4887654
SRX2037693	5405466	0	42.332836751980594	0	0	14314367	33813862	0	0	8828815	11948	0	0	0	0	1005248	4248018
SRX2037695	4789308	0	51.25656717062073	0	0	14964078	29194460	0	0	3721143	12889	0	0	0	0	1113731	4593311
SRX2037697	5021834	0	51.41795739758459	0	0	15806384	30740980	0	0	3917113	13596	0	0	0	0	1139158	4842895
SRX2037699	7474110	0	51.90772783332152	0	0	16549935	31883374	0	0	2067439	11516	0	0	0	0	1254625	4525749
SRX2037713	9752354	0	44.59904158441542	0	0	14817772	33224418	0	0	2465787	11584	0	0	0	0	1211576	4965345
SRX2037715	9851914	0	43.06804959656168	0	0	14853116	34487552	0	0	3791205	12499	0	0	0	0	1101827	4876991
SRX2037717	4658650	0	43.44547851549601	0	0	11315215	26044632	0	0	5792106	9747	0	0	0	0	794518	3474396
SRX2116174	2317034	0	29.081636583437287	0	0	2114057	7269388	0	0	2212107	1743	0	0	0	0	118585	505862
SRX2116175	2964982	0	25.12709392449371	0	0	1959750	7799350	0	0	2267505	1744	0	0	0	0	107862	497507
SRX2116176	524232	0	54.69485761752719	0	0	3792618	6934140	0	0	2018791	2411	0	0	0	0	210598	385490
SRX21659709	1353868	0	68.45779388786075	0	0	14010097	20465306	0	0	3664125	7532	0	0	0	0	444335	985349
SRX21659710	1524268	0	74.36047291402613	0	0	16654994	22397644	0	0	2675510	8985	0	0	0	0	532676	1001211
SRX21659711	3146570	0	69.17849627963508	0	0	34710067	50174648	0	0	8748838	18286	0	0	0	0	1034020	2516867
SRX22720559	2189128	0	82.73314594818667	0	0	30017058	36281780	0	0	413734	22603	0	0	0	0	1533992	2105265
SRX22720560	1940142	0	83.3685474820669	0	0	30199486	36224076	0	0	442224	23367	0	0	0	0	1511623	2107234
SRX22720561	1887646	0	84.3209372445415	0	0	30521793	36197170	0	0	212298	20168	0	0	0	0	1627579	1927686
SRX22720562	1865774	0	83.23214496514585	0	0	30021853	36070022	0	0	346665	20808	0	0	0	0	1594097	2220825
SRX22720563	2114412	0	83.08405994534549	0	0	29977116	36080466	0	0	294621	20359	0	0	0	0	1590127	2083831
SRX22720564	1773506	0	84.10579155600844	0	0	30522345	36290420	0	0	349680	20152	0	0	0	0	1579687	2045050
SRX22720565	2066092	0	83.41058214447035	0	0	30114293	36103684	0	0	467744	22222	0	0	0	0	1514187	1919146
SRX22720566	2442432	0	82.43169504343784	0	0	29862667	36227166	0	0	383423	22877	0	0	0	0	1528685	1987082
SRX22720567	1805610	0	85.05633729828868	0	0	30660098	36046812	0	0	352211	21276	0	0	0	0	1601064	1606553
SRX22720568	1999978	0	84.08157879417072	0	0	30330832	36073100	0	0	365155	20606	0	0	0	0	1595706	1760823
SRX22720569	1871568	0	83.3013633587772	0	0	30137382	36178738	0	0	683673	22872	0	0	0	0	1536168	1927075
SRX22720570	2070598	0	83.53192090158488	0	0	30268266	36235568	0	0	343079	22264	0	0	0	0	1513661	2017700
SRX22720571	1917162	0	83.49624911807373	0	0	30281755	36267204	0	0	153964	21430	0	0	0	0	1660225	2232668
SRX22720572	1440508	0	83.88153369742494	0	0	30306175	36129734	0	0	112133	20807	0	0	0	0	1875042	2375069
SRX22720574	2098450	0	83.08916996659514	0	0	30047038	36162400	0	0	291442	25577	0	0	0	0	1539652	2160241
SRX22720575	2014826	0	83.33030502427839	0	0	30021164	36026706	0	0	338852	24895	0	0	0	0	1528454	2098515
SRX22720576	1811432	0	84.0383200489817	0	0	30328233	36088576	0	0	261377	22501	0	0	0	0	1607889	2057144
SRX22720577	1964584	0	83.26386866637904	0	0	30114100	36167068	0	0	592674	24098	0	0	0	0	1506266	1965346
SRX22720578	1840182	0	84.26476598829576	0	0	30393177	36068666	0	0	312805	24944	0	0	0	0	1554580	1942978
SRX22720579	2012926	0	83.65193113163288	0	0	30272441	36188574	0	0	222103	23496	0	0	0	0	1589034	2068574
SRX3316529	2435716	0	78.2823622572322	0	0	53525811	68375314	0	0	96058	40059	0	0	0	0	3299907	8977763
SRX3316530	1888748	0	85.67107378392119	0	0	46720045	54534212	0	0	107067	36261	0	0	0	0	2537500	3244591
SRX3316531	1893632	0	84.23345307810374	0	0	46134514	54769824	0	0	86994	34753	0	0	0	0	2650440	3969491
SRX3316532	3638466	0	82.75638474583104	0	0	51766795	62553234	0	0	83614	31578	0	0	0	0	2779609	4253172
SRX3316533	2607264	0	83.25783222299886	0	0	51633800	62016748	0	0	62273	36455	0	0	0	0	2842815	4834141
SRX3316534	3079790	0	82.24554091396735	0	0	43952652	53440772	0	0	58741	28927	0	0	0	0	2398370	3922292
SRX3316535	2959702	0	83.19321107825404	0	0	46749217	56193548	0	0	52116	30490	0	0	0	0	2694249	3707774
SRX3316536	3103068	0	70.4460903895023	0	0	38165422	54176778	0	0	698922	33045	0	0	0	0	2198230	9978091
SRX3316537	2214860	0	80.0653109348741	0	0	44221016	55231180	0	0	38293	27168	0	0	0	0	2624246	6105597
SRX3316538	2785810	0	83.60412375453784	0	0	44853079	53649362	0	0	81677	30694	0	0	0	0	2518814	3379288
SRX3316539	1831508	0	84.81037519625812	0	0	41847059	49341910	0	0	63647	25684	0	0	0	0	2340886	3233126
SRX3316540	3427808	0	82.56188835673906	0	0	48671252	58951234	0	0	64386	29820	0	0	0	0	2646123	4111845
SRX3316541	2115026	0	82.6308765978419	0	0	49895655	60383790	0	0	88381	31609	0	0	0	0	3277952	4975167
SRX3316542	2218198	0	83.87788549178522	0	0	45265845	53966364	0	0	72892	26615	0	0	0	0	2721502	3661312
SRX3316543	2327116	0	84.80414408567654	0	0	51102772	60259758	0	0	95619	38715	0	0	0	0	2953912	3741624
SRX3316544	2120948	0	83.56116392981922	0	0	39861538	47703426	0	0	68377	28342	0	0	0	0	2343359	3280862
SRX3316545	2036088	0	84.42999735765301	0	0	39078095	46284610	0	0	173448	28035	0	0	0	0	2091582	2877362
SRX3316546	2184346	0	85.0734465248928	0	0	46891992	55119422	0	0	148529	36601	0	0	0	0	2458693	3399261
SRX3316547	1585424	0	85.41730903672787	0	0	37038276	43361558	0	0	205403	24113	0	0	0	0	1871791	2636551
SRX3316548	1629528	0	85.80126971292127	0	0	40458161	47153336	0	0	140900	22484	0	0	0	0	2178822	2723441
SRX3316549	1431566	0	85.822346630311	0	0	39273358	45761226	0	0	79538	24524	0	0	0	0	2179005	2773235
SRX3316550	2032662	0	85.62262654006835	0	0	47213640	55141546	0	0	93304	30359	0	0	0	0	2640905	3130676
SRX3316551	1973286	0	83.89961888502093	0	0	49122606	58549260	0	0	459374	33770	0	0	0	0	2095172	4865052
SRX3316552	1900624	0	83.83247164675002	0	0	44760965	53393350	0	0	76394	22960	0	0	0	0	2737565	3894842
SRX3316553	2208940	0	83.90693635797675	0	0	41778393	49791346	0	0	83991	25425	0	0	0	0	2492236	3202361
SRX3316554	2010190	0	82.30150892063602	0	0	42202441	51277846	0	0	58909	23556	0	0	0	0	2560279	4422471
SRX3316555	1941006	0	82.0025389741451	0	0	36957393	45068596	0	0	80287	25439	0	0	0	0	2046498	4017973
SRX3316556	1630916	0	82.38991747720041	0	0	39385078	47803274	0	0	34785	24577	0	0	0	0	2611335	4116583
SRX3316557	2067946	0	84.40463922289415	0	0	44478944	52697274	0	0	89982	30847	0	0	0	0	2514275	3515280
SRX3316558	1936518	0	84.6069332226125	0	0	37901664	44797350	0	0	240378	26224	0	0	0	0	2122118	2570448
SRX3316559	2508250	0	82.42510093432986	0	0	42557799	51632086	0	0	476312	27362	0	0	0	0	2594559	3467804
SRX3316560	2043746	0	83.16151471902604	0	0	43426291	52219216	0	0	866742	24737	0	0	0	0	2038646	3819054
SRX3316561	2837996	0	81.55083539949203	0	0	43793040	53700296	0	0	176131	31172	0	0	0	0	2348683	4513274
SRX3316625	2205604	0	84.41019502047905	0	0	42186036	49977418	0	0	39728	21217	0	0	0	0	2472906	3051927
SRX3316626	2848120	0	82.4981280474201	0	0	40238688	48775274	0	0	52193	25562	0	0	0	0	2251677	3359034
SRX3316627	2057214	0	84.27494492987883	0	0	42711250	50680840	0	0	27519	21763	0	0	0	0	2494200	3368894
SRX3316628	2224680	0	83.33055452408772	0	0	42202921	50645194	0	0	82130	28932	0	0	0	0	2503859	3602672
SRX3316629	1767464	0	84.84689789984806	0	0	39807446	46916796	0	0	66226	27026	0	0	0	0	2189783	3058851
SRX3316630	2667668	0	83.54959094267308	0	0	50504675	60448740	0	0	82152	31957	0	0	0	0	3084769	4077519
SRX3316631	1983120	0	84.8018579865421	0	0	47694590	56242388	0	0	85046	29864	0	0	0	0	2819495	3630273
SRX3316632	1814684	0	85.06592399229184	0	0	40262185	47330568	0	0	124890	20969	0	0	0	0	2168804	2939036
SRX3316633	2659544	0	82.94795432937096	0	0	39294304	47372240	0	0	70083	25363	0	0	0	0	2123405	3199541
SRX3316634	2104726	0	82.80696929084614	0	0	40879295	49366974	0	0	33048	25950	0	0	0	0	2614480	3709475
SRX3316735	10618242	0	68.87710615360987	0	0	39483881	57325116	0	0	2342725	21327	0	0	0	0	2246349	2612592
SRX3316736	9243964	0	75.06923579437124	0	0	46983467	62586846	0	0	160956	28143	0	0	0	0	2904867	3265449
SRX3316737	10774934	0	73.13981426311041	0	0	47749986	65285900	0	0	216151	30598	0	0	0	0	2976655	3537576
SRX3316738	8848546	0	73.85892599033316	0	0	43794758	59295146	0	0	206643	28016	0	0	0	0	2800225	3616958
SRX3316739	8348936	0	73.89404083437647	0	0	37643522	50942568	0	0	47223	20311	0	0	0	0	2252426	2630150
SRX3316740	12059320	0	61.63822288006503	0	0	24384669	39560954	0	0	33013	7721	0	0	0	0	1109422	1966809
SRX3316741	10236652	0	69.50713410003175	0	0	52993429	76241712	0	0	5062923	30238	0	0	0	0	3373174	4545296
SRX3316742	8519892	0	75.22103391474432	0	0	44146951	58689636	0	0	52293	26158	0	0	0	0	2807521	3136821
SRX3316743	9121918	0	74.06856190120811	0	0	43331716	58502170	0	0	49549	25953	0	0	0	0	2729209	3243825
SRX3316744	5661486	0	55.69495834836926	0	0	8766431	15740080	0	0	23885	2899	0	0	0	0	361620	923759
SRX3316745	15121554	0	57.660079090622	0	0	26485372	45933638	0	0	132178	8133	0	0	0	0	937497	3248904
SRX3316746	14954210	0	57.76146290303522	0	0	25507447	44159974	0	0	116633	7913	0	0	0	0	933010	2640761
SRX3316747	12230852	0	69.16932479917239	0	0	37431889	54116314	0	0	144364	17102	0	0	0	0	1915208	2376899
SRX3316748	8199892	0	74.08989148754368	0	0	39339606	53097130	0	0	58637	23934	0	0	0	0	2515325	2959736
SRX3316749	11445032	0	69.13030466584458	0	0	34654253	50128888	0	0	69448	14801	0	0	0	0	1802509	2142845
SRX3316750	8455984	0	74.40590761556692	0	0	40825959	54869244	0	0	55103	24200	0	0	0	0	2543038	2964960
SRX3316751	7905996	0	71.16144737173192	0	0	31052170	43636226	0	0	61171	21484	0	0	0	0	2081096	2514309
SRX3316752	5804682	0	72.88444850002476	0	0	25759004	35342250	0	0	31155	17040	0	0	0	0	1696459	2033910
SRX3316753	7726616	0	72.57333421553754	0	0	32971269	45431658	0	0	50160	22948	0	0	0	0	2148335	2512330
SRX3316754	6807728	0	72.38754130777117	0	0	29338601	40529904	0	0	85457	20001	0	0	0	0	1905212	2372905
SRX3316755	8996198	0	72.48752309229015	0	0	37724931	52043344	0	0	32527	24129	0	0	0	0	2358133	2907426
SRX3316756	6644328	0	72.08778109206129	0	0	27771698	38524834	0	0	33759	19068	0	0	0	0	1816709	2239272
SRX3316757	7042566	0	72.0950767239523	0	0	29851575	41405844	0	0	46506	19829	0	0	0	0	1963755	2481613
SRX3316758	8546842	0	73.08546603817575	0	0	38344395	52465144	0	0	30576	23982	0	0	0	0	2412634	3106715
SRX3411505	5334870	0	4.211445716446667	0	0	658166	15628030	0	0	9472886	487	0	0	0	0	58838	102783
SRX3411506	4014064	0	5.956510002121923	0	0	581637	9764728	0	0	5018503	301	0	0	0	0	44691	105532
SRX3411507	5060670	0	4.708074267747628	0	0	557602	11843526	0	0	6131995	221	0	0	0	0	39909	53129
SRX3411508	3148180	0	3.9526591516008347	0	0	384929	9738482	0	0	6118853	236	0	0	0	0	30229	56055
SRX3411509	3873910	0	4.202683220933009	0	0	453370	10787632	0	0	6371184	410	0	0	0	0	33326	55432
SRX3411510	7241972	0	3.0497548134113046	0	0	336984	11049544	0	0	3407740	205	0	0	0	0	23999	38644
SRX3411511	6923670	0	2.9802507997526124	0	0	393403	13200332	0	0	5798931	236	0	0	0	0	29091	55001
SRX3411512	4060588	0	2.9866235913560737	0	0	249162	8342598	0	0	3979959	128	0	0	0	0	18364	34397
SRX3411513	5248868	0	4.4230303349933475	0	0	466297	10542478	0	0	4749202	276	0	0	0	0	32796	45039
SRX3411514	6953246	0	14.433103267834952	0	0	1293047	8958898	0	0	410034	3599	0	0	0	0	129443	169529
SRX3411515	7006610	0	8.62436322549583	0	0	710780	8241536	0	0	354074	1938	0	0	0	0	77859	90275
SRX3411516	8978726	0	9.651486490371099	0	0	1101257	11410232	0	0	458354	1496	0	0	0	0	95105	775294
SRX3411517	8597762	0	6.967493531050955	0	0	761702	10932224	0	0	1315211	865	0	0	0	0	65252	191432
SRX3411518	4710746	0	15.093081379246293	0	0	910063	6029670	0	0	154915	2784	0	0	0	0	104035	147127
SRX3411519	5578838	0	8.368957792446803	0	0	543413	6493198	0	0	216613	1309	0	0	0	0	65841	87184
SRX3411520	4775010	0	4.326514756343893	0	0	298926	6909164	0	0	1552409	255	0	0	0	0	28370	254194
SRX3411521	7663590	0	15.593181090476627	0	0	1636311	10493760	0	0	850394	3904	0	0	0	0	155660	183901
SRX3411522	6787040	0	9.397068545099001	0	0	759650	8083904	0	0	331860	1227	0	0	0	0	115079	89048
SRX3411523	7791476	0	7.383150556755538	0	0	667706	9043646	0	0	436215	1792	0	0	0	0	75456	71001
SRX3411524	8072034	0	4.113042652746417	0	0	512104	12450734	0	0	3760237	421	0	0	0	0	41595	64343
SRX3411525	7491668	0	5.799867306896312	0	0	503876	8687716	0	0	593169	692	0	0	0	0	50078	48233
SRX3541437	50241992	0	29.780738091683855	0	0	24027601	80681684	0	0	3230815	15365	0	0	0	0	1208620	1957291
SRX3541438	7797830	0	75.58455650803401	0	0	48724375	64463400	0	0	1123329	35820	0	0	0	0	2544740	4237306
SRX3541439	23316656	0	53.53724643366806	0	0	35033759	65438104	0	0	2698484	23713	0	0	0	0	1721507	2643985
SRX3541440	9889974	0	72.85178328285737	0	0	44594969	61213284	0	0	1191166	32041	0	0	0	0	2138698	3366436
SRX3541441	49139090	0	16.535753414231525	0	0	10341652	62541160	0	0	1638388	7074	0	0	0	0	527432	887524
SRX3541442	13594940	0	66.487698412982	0	0	46517819	69964550	0	0	1534311	28488	0	0	0	0	2265972	6023020
SRX3541443	46156864	0	13.157872103479406	0	0	7465739	56739714	0	0	1665660	4342	0	0	0	0	352166	1094943
SRX3541444	45296172	0	15.078371085166228	0	0	8602056	57048974	0	0	1606384	5411	0	0	0	0	407018	1131933
SRX3541445	35562838	0	35.25873616346476	0	0	23157909	65679918	0	0	2903686	14104	0	0	0	0	1134152	2907229
SRX3541446	48772602	0	25.82068133201262	0	0	18883191	73132040	0	0	1827277	12565	0	0	0	0	993748	2642657
SRX3541447	52875334	0	9.923108504022588	0	0	6063806	61107928	0	0	1064982	3694	0	0	0	0	319211	780901
SRX3541448	23985078	0	44.21840381813447	0	0	23762490	53738914	0	0	1271715	14326	0	0	0	0	1251786	3453519
SRX3541449	61570986	0	9.798118790084343	0	0	7140693	72878204	0	0	2072791	5300	0	0	0	0	305427	1783007
SRX3541450	44314082	0	15.478937859312458	0	0	9413317	60813714	0	0	4025863	6522	0	0	0	0	368125	2685805
SRX3541451	17381290	0	51.741053352752544	0	0	32601214	63008408	0	0	2507784	22774	0	0	0	0	1384814	9110532
SRX3541452	39152360	0	7.793396268490565	0	0	3487807	44753364	0	0	1059321	2485	0	0	0	0	154183	897208
SRX3541453	44920386	0	3.3495143654136963	0	0	1595603	47636846	0	0	621498	1306	0	0	0	0	65098	432955
SRX5252024	108502	0	58.92315985397154	0	0	8071384	13698152	0	0	105703	6628	0	0	0	0	664076	4741859
SRX5252025	62724	0	54.54141162642496	0	0	6557659	12023266	0	0	23748	6045	0	0	0	0	566363	4806727
SRX5252026	103992	0	78.44678707554937	0	0	7073415	9016832	0	0	18876	9641	0	0	0	0	589747	1221161
SRX5252027	226030	0	59.320319415374655	0	0	6726385	11339091	0	0	27447	5331	0	0	0	0	544637	3809261
SRX5252028	88454	0	62.811812866436654	0	0	9460790	15062119	0	0	56019	7560	0	0	0	0	721806	4727490
SRX5252029	68474	0	56.10777260799643	0	0	5583882	9952065	0	0	86976	4819	0	0	0	0	469812	3738102
SRX5252030	58404	0	53.28566492524571	0	0	6073077	11397206	0	0	23914	5560	0	0	0	0	508236	4728015
SRX5252031	180201	0	70.93896315268907	0	0	6972856	9829374	0	0	32640	4568	0	0	0	0	496441	2142668
SRX5252032	71665	0	61.11244368943842	0	0	8369505	13695255	0	0	47642	6941	0	0	0	0	668547	4530955
SRX5252033	130611	0	64.33626169575668	0	0	10117866	15726537	0	0	46256	7684	0	0	0	0	749895	4674225
SRX5252034	450969	0	60.714788810573495	0	0	6508221	10719334	0	0	38502	5021	0	0	0	0	498967	3217654
SRX5252035	185565	0	68.62154241855276	0	0	8348584	12166127	0	0	27279	5654	0	0	0	0	573021	3026024
SRX5252036	56453	0	79.39225425815162	0	0	8784483	11064660	0	0	22776	11466	0	0	0	0	736835	1452647
SRX5252037	56634	0	55.8415856788294	0	0	5818280	10419260	0	0	35654	5252	0	0	0	0	481312	4022128
SRX5252038	484663	0	60.93967676157208	0	0	5561932	9126947	0	0	20256	4591	0	0	0	0	412011	2643494
SRX5252039	66588	0	78.91765432241846	0	0	5992268	7593064	0	0	26303	7953	0	0	0	0	506083	993869
SRX5252040	153466	0	67.2245739065325	0	0	10233209	15222423	0	0	224190	8072	0	0	0	0	769005	3834481
SRX5252041	47795	0	79.30952061032542	0	0	7661425	9660158	0	0	21680	10288	0	0	0	0	637062	1281908
SRX5252042	52210	0	54.250727070321894	0	0	5689060	10486606	0	0	20788	5282	0	0	0	0	472380	4246886
SRX5252043	742449	0	51.83293470901765	0	0	5027592	9699609	0	0	15160	4569	0	0	0	0	419224	3490615
SRX5252044	89382	0	79.10350176621014	0	0	7689952	9721380	0	0	32650	10066	0	0	0	0	636874	1262456
SRX5252045	65471	0	55.1729502255777	0	0	7032923	12747049	0	0	23336	6371	0	0	0	0	608258	5010690
SRX5252046	37697	0	78.81208207138441	0	0	6539055	8297021	0	0	17692	8943	0	0	0	0	554740	1138894
SRX5252047	494970	0	51.11670447703843	0	0	3661007	7162056	0	0	13340	3321	0	0	0	0	310727	2678691
SRX5252048	83922	0	78.6756803588363	0	0	7968505	10128295	0	0	28105	10402	0	0	0	0	672519	1364842
SRX5252049	67053	0	79.54651386752037	0	0	9598111	12066036	0	0	33488	13106	0	0	0	0	771756	1582522
SRX5252050	48781	0	78.51516235080824	0	0	7566580	9637094	0	0	28938	10378	0	0	0	0	638773	1343644
SRX5252051	506468	0	73.81340656935322	0	0	6103745	8269155	0	0	21923	8120	0	0	0	0	514448	1114451
SRX5252052	85393	0	52.66131917214915	0	0	5855925	11119974	0	0	24623	5598	0	0	0	0	510326	4638109
SRX5252053	120726	0	60.73001273984712	0	0	9343191	15384800	0	0	49052	7696	0	0	0	0	785889	5078246
SRX5252054	90268	0	58.28216202820889	0	0	6542861	11226181	0	0	65833	5473	0	0	0	0	561298	3960448
SRX5252055	105199	0	59.578690354134736	0	0	8061648	13531093	0	0	23610	6653	0	0	0	0	735132	4598851
SRX5252056	139895	0	63.07437386185823	0	0	9943506	15764732	0	0	41256	7653	0	0	0	0	787437	4844985
SRX5252057	142406	0	61.918388540263216	0	0	8711134	14068735	0	0	42218	6730	0	0	0	0	723342	4442905
SRX5252058	159960	0	72.38835502411966	0	0	11434487	15796031	0	0	40465	8290	0	0	0	0	914013	3238816
SRX5252059	185417	0	75.5010633500827	0	0	11675381	15463863	0	0	58214	8234	0	0	0	0	743549	2793068
SRX5252060	92168	0	78.31096049729149	0	0	8560843	10931858	0	0	33146	10886	0	0	0	0	729012	1505803
SRX5252061	125672	0	62.58069099540853	0	0	8324374	13301825	0	0	67585	6601	0	0	0	0	664607	4112986
SRX5329169	45567010	0	15.036831610988552	0	0	8623407	57348564	0	0	1610161	5421	0	0	0	0	408044	1134521
SRX5329170	10113114	0	72.62473627167853	0	0	44709535	61562406	0	0	1193916	31126	0	0	0	0	2136572	3378143
SRX5329171	11947024	0	70.37974997926314	0	0	46870377	66596396	0	0	1260656	30674	0	0	0	0	2423334	4064331
SRX5329172	13933568	0	66.21180253191629	0	0	46661094	70472472	0	0	1538792	29013	0	0	0	0	2259161	6050844
SRX5329173	53288498	0	9.871515899429657	0	0	6074292	61533528	0	0	1066115	3747	0	0	0	0	317679	783197
SRX5329174	6941288	0	79.49950187990926	0	0	56638517	71243864	0	0	144404	38027	0	0	0	0	2865279	4616349
SRX5329175	23754702	0	53.24580804743994	0	0	35145870	66006830	0	0	2706232	23380	0	0	0	0	1721381	2655265
SRX5329176	53600112	0	15.485039233263755	0	0	10462682	67566390	0	0	1784472	5928	0	0	0	0	519386	1193810
SRX5329177	8356878	0	74.96721357462668	0	0	48851758	65164164	0	0	1126049	35226	0	0	0	0	2542950	4251303
SRX5329178	46606926	0	13.087551299493978	0	0	7488934	57221812	0	0	1670256	4502	0	0	0	0	351492	1099702
SRX5329179	49441104	0	16.49120780232894	0	0	10369214	62877226	0	0	1642401	6872	0	0	0	0	526786	890849
SRX5329180	49242630	0	25.71500620111145	0	0	18946904	73680340	0	0	1832785	12690	0	0	0	0	989219	2656112
SRX5329181	17641692	0	51.55680233924813	0	0	32657847	63343430	0	0	2511129	23152	0	0	0	0	1377150	9132460
SRX5329182	5538386	0	76.49880171278132	0	0	42116605	55055248	0	0	507578	26118	0	0	0	0	2031901	4834660
SRX5329183	16816292	0	59.94829718593465	0	0	45676261	76192758	0	0	2083271	32512	0	0	0	0	2042219	9542203
SRX5329184	50635882	0	29.687681561180383	0	0	24092674	81153774	0	0	3238586	15144	0	0	0	0	1206829	1964659
SRX5329185	39396438	0	7.763539900778695	0	0	3494126	45006866	0	0	1060920	2583	0	0	0	0	153186	899613
SRX5329186	45258290	0	3.331539507179959	0	0	1598452	47979380	0	0	622488	1302	0	0	0	0	65215	433633
SRX5329187	24399880	0	43.918422555092974	0	0	23804789	54202286	0	0	1273223	14490	0	0	0	0	1244443	3465461
SRX5329188	35970112	0	35.09119804725441	0	0	23216903	66161614	0	0	2910500	14344	0	0	0	0	1130814	2918941
SRX5329189	44728750	0	15.400975778109787	0	0	9435369	61264748	0	0	4033999	6655	0	0	0	0	366871	2693104
SRX5329190	62258306	0	9.732924150996922	0	0	7163475	73600440	0	0	2078981	5457	0	0	0	0	303934	1790287
SRX5329191	61700792	0	12.568196366475709	0	0	9395642	74757282	0	0	1867285	5788	0	0	0	0	449975	1337800
SRX5329192	48976566	0	18.763295594259137	0	0	12534295	66802204	0	0	2838153	7034	0	0	0	0	633755	1812401
SRX5329193	39766352	0	35.56925001335244	0	0	25040439	70399120	0	0	1768831	14358	0	0	0	0	1224994	2584146
SRX5329194	49588864	0	25.43490103055684	0	0	18517956	72805300	0	0	2214896	12874	0	0	0	0	948889	1521821
SRX6700162	3406460	0	83.13557653681805	0	0	61689032	74202928	0	0	364932	41859	0	0	0	0	3869962	4830683
SRX6700163	2728838	0	82.53242021769375	0	0	56017804	67873696	0	0	135590	39602	0	0	0	0	3729355	5222507
SRX6700164	3891454	0	82.4129698403439	0	0	68234509	82795838	0	0	654175	44659	0	0	0	0	4372601	5598440
SRX6700165	3338362	0	80.93809430673201	0	0	68454596	84576486	0	0	155512	44050	0	0	0	0	4112318	8471648
SRX6700166	4141428	0	79.81915156923975	0	0	58241784	72967180	0	0	620232	34566	0	0	0	0	3628822	6300348
SRX6700168	3202220	0	81.88765381289402	0	0	65047579	79435148	0	0	336629	42162	0	0	0	0	3908146	6898412
SRX6700169	3058396	0	81.2882149008611	0	0	57042023	70172562	0	0	643296	34238	0	0	0	0	3343311	6051298
SRX6700170	3267368	0	81.72540573040013	0	0	66985338	81963910	0	0	269256	42363	0	0	0	0	3867803	7531782
SRX6700171	4075516	0	74.053448903235	0	0	65559582	88530086	0	0	740651	52421	0	0	0	0	2944063	15157853
SRX6700172	3544634	0	73.9390406270507	0	0	59396997	80332388	0	0	346724	51217	0	0	0	0	2916707	14076109
SRX6700173	3197144	0	72.08924943026807	0	0	50428646	69953074	0	0	568473	42779	0	0	0	0	2432713	13283319
SRX6700174	3548152	0	82.47230155621762	0	0	67467324	81806040	0	0	711289	48787	0	0	0	0	4511310	5519178
SRX6700175	3200616	0	82.94457392088725	0	0	60475496	72910732	0	0	523015	42306	0	0	0	0	3908453	4760846
SRX6700176	3352858	0	82.29938493234965	0	0	67768966	82344438	0	0	232937	49493	0	0	0	0	4961043	5979141
SRX6700177	2738146	0	81.97530917001207	0	0	47915265	58450850	0	0	158857	29920	0	0	0	0	3127787	4480875
SRX6700178	2970848	0	82.72549048354469	0	0	48300995	58387076	0	0	174929	30918	0	0	0	0	2962729	3946657
SRX6700179	11669748	0	68.61784494588628	0	0	55247065	80514136	0	0	5610600	32322	0	0	0	0	3352799	4601602
SRX6700180	21157462	0	57.63415701244233	0	0	55319605	95984062	0	0	11445156	30742	0	0	0	0	3089184	4941913
SRX6700181	2051134	0	83.79750079718808	0	0	56536828	67468394	0	0	319532	32821	0	0	0	0	3318897	5209182
SRX6700182	13659434	0	65.53179267708977	0	0	57500553	87744514	0	0	8300555	29611	0	0	0	0	3100329	5154032
SRX6700183	2304522	0	73.21875498436184	0	0	44078266	60200786	0	0	673231	33744	0	0	0	0	1881718	11229305
SRX6700184	3626516	0	72.29434917261031	0	0	57836811	80001842	0	0	1909503	47612	0	0	0	0	2648613	13932787
SRX6700185	3056010	0	74.20189635420599	0	0	57253600	77159214	0	0	1382665	43233	0	0	0	0	2320507	13103199
SRX6922015	2427200	0	76.50168091781137	0	0	14462756	18905148	0	0	8090	12445	0	0	0	0	916181	1078476
SRX6922016	1492164	0	77.97746526531235	0	0	9070476	11632176	0	0	4029	7612	0	0	0	0	518679	539216
SRX6922017	1872692	0	80.41973038215679	0	0	17246743	21445910	0	0	4904	15433	0	0	0	0	1062874	1243264
SRX6922018	1130642	0	81.75053838348467	0	0	13237039	16191990	0	0	5406	11843	0	0	0	0	821333	985727
SRX6922019	2355050	0	78.74114242884004	0	0	22815635	28975494	0	0	6680	13510	0	0	0	0	1364206	2420413
SRX6922020	1604996	0	76.81623865297055	0	0	13610696	17718514	0	0	4826	9008	0	0	0	0	843834	1645154
SRX6922021	1920292	0	77.24584340905996	0	0	16925139	21910744	0	0	6900	11163	0	0	0	0	1044425	2002825
SRX6922023	1406078	0	81.76729415516691	0	0	14511626	17747470	0	0	6288	12794	0	0	0	0	862772	947912
SRX6922024	1302216	0	82.0787130395662	0	0	15704698	19133704	0	0	7956	13670	0	0	0	0	975218	1129946
SRX6922025	1346758	0	81.51930601934914	0	0	15346355	18825424	0	0	7988	13625	0	0	0	0	973691	1137007
SRX6922026	2310378	0	79.31268082514788	0	0	18919672	23854536	0	0	11428	18422	0	0	0	0	1174247	1420389
SRX6922027	2290368	0	79.46631362824192	0	0	19020019	23934694	0	0	10228	18723	0	0	0	0	1165557	1429799
SRX6922028	1886598	0	79.67720422694613	0	0	15861451	19907138	0	0	6439	15203	0	0	0	0	980950	1156497
SRX6922029	1342648	0	81.5801843164894	0	0	15373944	18845194	0	0	9445	13492	0	0	0	0	967223	1138442
SRX7101023	5323250	0	79.82214415748642	0	0	61165316	76627002	0	0	2462914	46218	0	0	0	0	3532548	4096756
SRX7101024	1254858	0	86.1705613386804	0	0	60582158	70304936	0	0	742286	46006	0	0	0	0	3512263	4167365
SRX7101025	1232112	0	86.11007542663	0	0	62191080	72222768	0	0	903645	47370	0	0	0	0	3604570	4243991
SRX7101026	1271018	0	87.2335215383477	0	0	55597451	63734044	0	0	999268	27746	0	0	0	0	2912555	2926006
SRX7101027	1340272	0	87.88948291728241	0	0	63057772	71746664	0	0	910047	30354	0	0	0	0	3281156	3127063
SRX7101028	1591478	0	88.21379294071704	0	0	67442571	76453544	0	0	619807	32939	0	0	0	0	3315306	3451443
SRX7101029	1962386	0	85.6286150632443	0	0	69920818	81655902	0	0	385401	51390	0	0	0	0	3911594	5424313
SRX7101030	1691310	0	86.15022173539057	0	0	62318591	72337122	0	0	361453	43041	0	0	0	0	3511264	4411463
SRX7101031	1985392	0	85.2709700100292	0	0	59590676	69883896	0	0	390090	42268	0	0	0	0	3386899	4488571
SRX7101032	2135118	0	83.23311023900115	0	0	63612704	76427162	0	0	563744	35640	0	0	0	0	3620654	6459302
SRX7101033	2410444	0	84.60011893998325	0	0	63952976	75594428	0	0	321947	29022	0	0	0	0	3967613	4912426
SRX7101034	4765110	0	79.92614314637187	0	0	64122414	80227084	0	0	2341222	29757	0	0	0	0	3924367	5044214
SRX7101035	10076612	0	61.73054621875197	0	0	42154006	68287110	0	0	542014	34641	0	0	0	0	2855067	12624770
SRX7101036	9838433	0	38.6180824520264	0	0	30566091	79149686	0	0	562382	24028	0	0	0	0	2024321	36134431
SRX7101037	11170552	0	38.16543391339393	0	0	27206699	71286230	0	0	82917	22087	0	0	0	0	1655420	31148555
SRX7101038	8029365	0	40.36362908730984	0	0	32214415	79810502	0	0	173734	26313	0	0	0	0	2055534	37311141
SRX7101039	9518792	0	39.573855749175216	0	0	32020682	80913728	0	0	193755	19358	0	0	0	0	1854938	37306203
SRX7101040	8498145	0	40.1104081563814	0	0	33283512	82979739	0	0	205614	20712	0	0	0	0	1973500	38998256
SRX7101041	9444515	0	38.07953889363977	0	0	26510459	69618645	0	0	861887	16022	0	0	0	0	1509753	31276009
SRX7551986	979324	0	81.5880113959979	0	0	11018536	13505092	0	0	7681	11292	0	0	0	0	647341	840918
SRX7551987	938602	0	82.03811415360254	0	0	10529610	12835022	0	0	12685	10882	0	0	0	0	636045	707198
SRX7551988	507886	0	81.92665291559425	0	0	6981791	8522002	0	0	62357	6434	0	0	0	0	421604	541930
SRX7551989	709464	0	81.87198732594278	0	0	9484033	11583978	0	0	38311	9161	0	0	0	0	582274	760735
SRX7551990	725964	0	82.32500134788216	0	0	9925061	12055950	0	0	30751	9370	0	0	0	0	576213	788591
SRX7551991	580922	0	82.93613844041583	0	0	8739588	10537732	0	0	12043	8208	0	0	0	0	539973	656998
SRX8694706	306500	0	86.11812963371537	0	0	6596554	7659890	0	0	34520	3486	0	0	0	0	244426	474404
SRX8694707	386484	0	86.29000244376661	0	0	7577579	8781526	0	0	31854	4349	0	0	0	0	275928	505332
SRX8694708	353384	0	85.81409809918019	0	0	7512899	8754854	0	0	55385	4321	0	0	0	0	293615	535250
SRX8694709	271676	0	86.90505399327762	0	0	7374490	8485686	0	0	66200	3943	0	0	0	0	275221	494156
SRX8694710	363540	0	87.3614853958103	0	0	9287092	10630648	0	0	70425	5625	0	0	0	0	424252	479714
SRX8694711	244094	0	87.05937227374416	0	0	7256928	8335608	0	0	112559	4526	0	0	0	0	326602	390899
SRX8694712	484722	0	86.89004669188161	0	0	8613101	9912644	0	0	37503	6316	0	0	0	0	383245	387757
SRX8694713	319630	0	87.6916729804785	0	0	6784710	7737006	0	0	42754	5384	0	0	0	0	273591	310937
SRX8694714	319450	0	87.51044199440719	0	0	7318381	8362866	0	0	37566	5445	0	0	0	0	319308	362716
SRX8694715	349736	0	85.8512334303207	0	0	7610183	8864384	0	0	59966	5510	0	0	0	0	369360	469629
SRX8694716	322714	0	84.88295608716017	0	0	7009862	8258268	0	0	167626	4830	0	0	0	0	338665	414571
SRX8694717	411714	0	85.50252377139032	0	0	8475477	9912546	0	0	95150	6083	0	0	0	0	412415	511707
SRX8694718	358632	0	87.75786445026304	0	0	7472103	8514454	0	0	40973	5353	0	0	0	0	284429	352964
SRX8694719	357726	0	82.22600225193716	0	0	6817792	8291528	0	0	387303	4942	0	0	0	0	328018	395747
SRX8694720	288162	0	87.46091728336437	0	0	6556875	7496920	0	0	72754	4665	0	0	0	0	280615	293849
SRX8694721	325304	0	86.13009104619765	0	0	7191146	8349168	0	0	51568	4260	0	0	0	0	356410	420480
SRX8694722	399578	0	86.90760816932915	0	0	8166369	9396610	0	0	48464	4729	0	0	0	0	371905	405565
SRX8694723	284540	0	89.27807976759601	0	0	7685466	8608458	0	0	21339	5586	0	0	0	0	277189	334338
SRX8694724	355230	0	87.55321835441913	0	0	7384755	8434590	0	0	43588	4978	0	0	0	0	291827	354212
SRX8694725	338336	0	87.79025622854672	0	0	7700424	8771388	0	0	103887	5130	0	0	0	0	290079	333532
SRX8694726	377208	0	89.53269320067861	0	0	9347514	10440336	0	0	51394	6254	0	0	0	0	306930	351036
SRX8694727	370138	0	89.41351719410099	0	0	9662157	10806148	0	0	48296	6787	0	0	0	0	312498	406272
SRX8694728	331988	0	89.67039747129971	0	0	9400302	10483172	0	0	53952	6616	0	0	0	0	317417	372897
SRX8694729	696222	0	89.99207462749513	0	0	22575878	25086518	0	0	83497	15046	0	0	0	0	743734	972141
