Sample	Cutadapt_mqc-generalstats-cutadapt-percent_trimmed	FastQC_mqc-generalstats-fastqc-percent_gc	FastQC_mqc-generalstats-fastqc-median_sequence_length	FastQC_mqc-generalstats-fastqc-avg_sequence_length	FastQC_mqc-generalstats-fastqc-percent_fails	Bowtie 1_mqc-generalstats-bowtie_1-reads_aligned	Bowtie 1_mqc-generalstats-bowtie_1-reads_aligned_percentage	featureCounts_mqc-generalstats-featurecounts-percent_assigned	FastQC_mqc-generalstats-fastqc-percent_duplicates	featureCounts_mqc-generalstats-featurecounts-Assigned	FastQC_mqc-generalstats-fastqc-total_sequences
Kiley_A_DZM0422_Aerobic_A	9.889658362339976	48.0	147	134.89368268587376	18.181818181818183	35117554.0	96.98	77.76439159307219	92.48086261320329	56316666	36209803.0
Kiley_A_DZM0422_Aerobic_B	9.359970470683049	48.0	147	135.67210102047437	18.181818181818183	33368872.0	97.14	79.40233150729443	92.15524977903756	54552211	34351769.0
Kiley_A_DZM0422_Aerobic_C	9.093504200477941	48.0	147	136.19503887585475	18.181818181818183	33912602.0	96.99	78.71474916115446	92.16608882059735	55045254	34965019.0
Kiley_A_DZM0422_Anaerobic_A	9.003476762135488	48.0	147	136.2974610039804	18.181818181818183	35604995.0	95.58	78.35145514987978	90.96674177938944	58375783	37252520.0
Kiley_A_DZM0422_Anaerobic_B	9.906757576462798	48.0	147	134.92614596163062	18.181818181818183	30123002.0	95.62	78.44082261611534	91.02732219993719	49423959	31503978.0
Kiley_A_DZM0422_Anaerobic_C	9.402097071218291	48.0	147	135.61562375957638	18.181818181818183	28988177.0	96.3	77.52270519222803	91.57900393657646	46669605	30100604.0
Kiley_A_WT_Aerobic_A	9.622892459049334	49.0	147	135.26459478585798	18.181818181818183	31325061.0	95.77	76.99290056851831	91.69838167438614	50364330	32707126.0
Kiley_A_WT_Aerobic_B	9.555808711361955	49.0	147	135.37137660533187	18.181818181818183	28001865.0	96.52	77.53090188552459	91.93775560106812	44983620	29010123.0
Kiley_A_WT_Aerobic_C	9.401225571631494	49.0	147	135.68678726333727	18.181818181818183	31373446.0	96.86	79.17320162169487	92.81681655889957	51289282	32390557.0
Kiley_A_WT_Anaerobic_A	11.383684662559029	48.0	147	132.70050843947865	18.181818181818183	28785587.0	95.24	76.40383624185347	91.53350783755458	46187071	30225623.0
Kiley_A_WT_Anaerobic_B	10.054319656650186	48.0	147	134.67234556061064	18.181818181818183	31252039.0	95.27	76.26938685175453	92.234767699602	50037538	32803160.0
Kiley_A_WT_Anaerobic_C	9.026452170169081	48.0	147	136.25766677797017	18.181818181818183	27207205.0	96.28	80.26859732245947	92.16612259851952	45366315	28259068.0
Kiley_B_Dfur_-O2_A	0.344533336778171	48.0	150	144.3711724707817	18.181818181818183	3963466.0	96.16	83.47449680565634	91.67049103781433	6881332	4121817.0
Kiley_B_Dfur_-O2_B	0.3351758344118545	48.0	150	144.2800951705747	18.181818181818183	4079729.0	95.33	1.138095476219741	91.54932281661057	97409	4279474.0
Kiley_B_Dfur_-O2_C	0.3142549028020325	48.0	150	144.06888190497003	18.181818181818183	3556577.0	95.71	83.05636575114416	91.42322640534253	6172480	3715838.0
Kiley_B_DrsuR_-O2_A	0.31641995526871475	48.0	150	143.76245890942752	18.181818181818183	3574063.0	96.29	84.41756049830789	90.62009610154811	6267028	3711922.0
Kiley_B_DrsuR_-O2_B	0.3174975120236075	48.0	150	143.9902325060868	18.181818181818183	3944485.0	96.38	84.546342877082	90.38870807726066	6920037	4092452.0
Kiley_B_DrsuR_-O2_C	0.33143109889581274	48.0	150	144.02852137903753	18.181818181818183	4642352.0	96.86	86.08191670877699	91.58536231453647	8251754	4792966.0
Kiley_B_WT_+O2_Ctrl_A	0.31973684014889503	48.0	150	143.57717847415043	18.181818181818183	3724927.0	97.45	84.16635903816886	87.27679912155546	6434099	3822251.0
Kiley_B_WT_+O2_Ctrl_B	0.32073330473000705	48.0	150	143.1584493116575	18.181818181818183	3248615.0	97.04	83.7267216926463	88.55393521735733	5605926	3347752.0
Kiley_B_WT_+O2_Ctrl_C	0.3198946860456457	48.0	150	142.93336169318005	18.181818181818183	3777404.0	96.63	1.2767302853234213	85.47647203482458	99822	3909283.0
Kiley_B_WT_+O2_Paraquat_A	0.3260134851009392	48.0	150	143.54584757867005	18.181818181818183	3800330.0	96.12	83.56477447451496	84.71160605704327	6607689	3953633.0
Kiley_B_WT_+O2_Paraquat_B	0.32714478276067027	48.0	150	143.0596228984316	18.181818181818183	3142142.0	96.37	83.96629823409984	84.74847031672664	5475711	3260660.0
Kiley_B_WT_+O2_Paraquat_C	0.3228418377254505	47.0	150	142.86338221566103	18.181818181818183	4673968.0	97.2	84.07134772193824	90.28017917007105	8085577	4808759.0
Kiley_B_WT_-O2_Ctrl_A	0.3250153229314122	48.0	150	143.87281467796456	18.181818181818183	4051499.0	97.33	85.40661344455042	91.10530726753423	7109981	4162430.0
Kiley_B_WT_-O2_Ctrl_B	0.3211740473999819	48.0	150	143.75450400086496	18.181818181818183	3000952.0	96.28	84.9669917813915	86.27098963381023	5296759	3116951.0
Kiley_B_WT_-O2_Ctrl_C	0.3737554677987849	48.0	150	143.87353142822096	18.181818181818183	3975548.0	96.76	84.98552754196503	91.26301727657562	6983837	4108839.0
Kiley_B_WT_-O2_NoFe_A	0.32453715299594926	48.0	150	142.94212869342357	18.181818181818183	4015703.0	97.02	86.43785307049015	90.91032454618659	7155405	4139046.0
Kiley_B_WT_-O2_NoFe_B	0.32275663370978597	48.0	150	143.5158936892749	18.181818181818183	4774515.0	96.25	84.39131999358919	90.98052448925729	8372235	4960365.0
Kiley_B_WT_-O2_NoFe_C	0.3320251003669744	48.0	150	144.2502112350372	18.181818181818183	4197611.0	95.68	84.22742679825578	91.40137547172988	7390608	4387293.0
Kiley_B_WT_-O2_NoFe_DIP_A	0.42137857458710876	48.0	150	144.08622894663316	18.181818181818183	3076620.0	95.62	85.21489795024051	88.08249813377782	5483744	3217597.0
Kiley_B_WT_-O2_NoFe_DIP_B	0.3223967446298842	48.0	150	143.24726155043592	18.181818181818183	4157206.0	96.53	84.39497064296619	90.88273348988983	7269165	4306634.0
Kiley_B_WT_-O2_NoFe_DIP_C	0.3191734053258725	48.0	150	143.4563916043463	18.181818181818183	5640474.0	96.19	84.22481685051963	92.66615694874139	9877302	5863653.0
Kiley_B_WT_-O2_Peroxide_A	0.36081660519260694	48.0	147	142.78237929405802	18.181818181818183	4081038.0	97.2	87.12197629266251	92.94421196260167	7315540	4198447.0
Kiley_B_WT_-O2_Peroxide_C	0.31019027803309795	48.0	147	142.6287160475851	18.181818181818183	3681072.0	96.4	85.418564223809	92.11200112479679	6523426	3818506.0
SRX10341586	0.4915274219400236	48.0	150	148.70563062356788	18.181818181818183	8580346.0	94.41	82.04010595895328	79.64425415441386	14912307	9088425.0
SRX10341587	0.5194308032744497	48.0	150	148.69729551284536	18.181818181818183	8344794.0	93.7	77.47199423294263	78.5593040512237	13798932	8905755.0
SRX10341588	0.5496925307681743	48.0	150	148.63190177873102	18.181818181818183	7090228.0	95.17	81.69593188047729	79.64783220289652	12173019	7450199.0
SRX10341589	0.49400628011773745	49.0	150	148.73499892534733	27.27272727272727	7911752.0	96.24	66.26243832910791	81.66456624792107	10895216	8221261.0
SRX10341590	0.4467036597679057	49.0	150	148.8118224963661	18.181818181818183	11356994.0	90.78	75.05723468844185	77.4419062841787	18779164	12509896.0
SRX10341591	0.4136008679693721	48.0	150	148.82539056257508	18.181818181818183	11397038.0	90.48	76.24039396712436	76.21692699957813	19207061	12596381.0
SRX10341592	0.5489655951940825	49.0	150	148.6212057903859	18.181818181818183	7732027.0	95.84	82.90057732064568	80.87293114282568	13376484	8067787.0
SRX10341593	0.5720771913914375	49.0	150	148.5850104523687	18.181818181818183	7927398.0	95.41	81.51180042276458	80.53856649616563	13545049	8308643.0
SRX10341594	0.6004960128438591	49.0	150	148.5533009903549	18.181818181818183	9131249.0	95.08	81.23635201941953	81.6051115270551	15603110	9603527.0
SRX10341595	0.5442940144477636	49.0	150	148.6245799453063	18.181818181818183	8893822.0	94.65	81.53236995185433	81.81096748182699	15322693	9396693.0
SRX10341596	0.5208953269318701	49.0	150	148.66208841862934	18.181818181818183	8677146.0	95.23	81.03375556600382	80.73102335174578	14766885	9111564.0
SRX10341597	0.5776942628342351	49.0	150	148.57385700231467	18.181818181818183	6938926.0	94.89	81.65553775038352	79.4818377644947	11942093	7312482.0
SRX11348531	0.498572487689021	48.0	150	148.737141535322	20.0	7647250.0	70.25	56.440166692741315	81.78652726499702	12287495	10885417.0
SRX11348532	0.6027013171635038	48.0	150	148.5745303269932	20.0	9178302.0	71.63	57.055939773712794	83.0227438497009	14620863	12812744.0
SRX1432806	1.8522260287415149	51.0	50	49.419323736727826	18.181818181818183	9924969.0	68.23	30.058619695376137	91.5968674219171	4372111	14545282.0
SRX14563846	3.314532554369477	50.0	151	146.87425553778294	20.0	22275396.0	96.55	84.04796606126088	93.49218256731587	38782569	23071688.0
SRX14563847	8.187950429625042	50.0	151	147.27103011820932	20.0	20352420.0	94.92	81.0713137593958	92.9978568956112	34766426	21441879.0
SRX14563848	6.181724371499862	49.0	151	144.2752598041131	10.0	21803475.0	90.53	75.20395422676017	86.84771345563378	36224546	24084203.0
SRX14563849	5.149196394273377	49.0	151	146.52216677830762	10.0	22589437.0	96.79	85.08618276274478	87.52576456870932	39717723	23339702.0
SRX14570260	0.5878912685224481	50.0	150	148.5010462980601	18.181818181818183	11354125.0	93.67	82.18083660450148	84.48513821082048	19922783	12121307.0
SRX14570261	0.5482727906539884	50.0	150	148.6177511192757	18.181818181818183	8753140.0	93.6	82.21102798002144	82.94656614345496	15376800	9352030.0
SRX14570262	0.5342256606957076	50.0	150	148.63784771594862	18.181818181818183	10042965.0	93.88	82.46228505442015	83.90689908617227	17642669	10697417.0
SRX14570263	0.5013445879721667	50.0	150	148.66044182986016	27.27272727272727	11191508.0	92.95	80.18228585927673	84.77951350759346	19308143	12040155.0
SRX14570264	0.47002234343697824	50.0	150	148.7075740109459	27.27272727272727	11900707.0	93.62	80.96700282800985	85.22185600339549	20583527	12711059.0
SRX14570265	0.42997475939980445	49.0	150	148.8052185868335	27.27272727272727	12967166.0	94.06	78.01061660017238	84.70548524339713	21509315	13786146.0
SRX14570266	0.457197573490101	48.0	150	148.76112787966343	27.27272727272727	13308482.0	93.81	77.12405291828969	83.85261882258855	21881553	14185946.0
SRX14570267	0.46159671257799234	50.0	150	148.71559642021882	27.27272727272727	12869914.0	94.16	82.3358743842779	86.03982594964702	22507496	13668098.0
SRX14570268	0.4730898318489473	49.0	150	148.7740590385057	18.181818181818183	10411117.0	93.66	81.84839702968658	85.58441172291546	18196313	11115864.0
SRX14570269	0.5684192215157223	49.0	150	148.6914404151435	18.181818181818183	7789640.0	93.34	81.04605925085764	82.49378337679504	13527944	8345837.0
SRX14570270	0.46778363083599117	49.0	150	148.64992139363562	18.181818181818183	10147049.0	93.76	82.29874299114425	83.5615855927257	17814246	10822915.0
SRX14570271	0.542946464545086	49.0	150	148.61724337039368	18.181818181818183	8838196.0	93.48	79.99829494112628	82.64486792561087	15126428	9454219.0
SRX14570272	0.5720035572994651	50.0	150	148.58274900718177	18.181818181818183	9261203.0	92.11	79.14539210911298	83.65681069860143	15915282	10054459.0
SRX14570273	0.47924352031354106	50.0	150	148.68090451838	18.181818181818183	9276837.0	91.94	79.25188917850132	83.89917627937358	15993819	10090497.0
SRX14570274	0.495672234184731	49.0	150	148.64966156263074	18.181818181818183	10532338.0	93.0	79.87190345568315	84.39430465002853	18091443	11325286.0
SRX14570275	0.5583325050061437	49.0	150	148.59942810533283	18.181818181818183	10793916.0	93.55	80.61242929646227	84.21090799727918	18601784	11537789.0
SRX14570276	0.5516772705033944	49.0	150	148.60855006036002	18.181818181818183	9866933.0	92.98	80.68547597147763	83.55642690166785	17124942	10612159.0
SRX14570277	0.5273803154584963	49.0	150	148.57355733890944	27.27272727272727	13016828.0	93.11	80.22997997375042	85.65412699733164	22431744	13979652.0
SRX14953908	0.727595144412357	52.0	100	99.0395559910202	20.0	15258946.0	37.61	29.687718143235266	94.76584854323464	24092674	40576837.0
SRX14953909	1.1935803013292756	49.0	100	99.03273633895769	20.0	28403644.0	87.18	74.96728643431848	92.49047143815348	48851756	32582049.0
SRX14953910	0.6727434388311826	50.0	100	98.92426940866035	20.0	21126068.0	64.01	53.245941758490225	91.33835785845247	35145872	33003334.0
SRX14953911	0.8905171401206394	49.0	100	99.01200453589807	20.0	25724670.0	83.57	72.62501049750797	91.14522203248265	44709576	30781115.0
SRX14953912	0.8063678214088725	53.0	100	99.10481943806515	30.0	6718066.0	21.37	16.49127248992637	93.35275396656606	10369224	31438520.0
SRX14953913	0.7827706938178478	48.0	100	98.92364226480868	20.0	28269455.0	80.23	66.21199761313255	91.20508770680529	46661107	35236142.0
SRX14953914	0.6692732744284385	53.0	100	99.02653265906616	20.0	5307443.0	18.55	13.087599916325349	93.1072735718425	7488938	28610815.0
SRX14953915	0.7974440001416586	53.0	100	99.11707082818062	30.0	5890784.0	20.54	15.036912999778895	93.00498029750588	8623423	28674180.0
SRX14953916	0.9824972904360655	51.0	100	99.00758279088203	30.0	15095763.0	45.63	35.09134148809928	91.178007910211	23216920	33080696.0
SRX14953917	0.7291723655825035	49.0	100	98.94641448495696	20.0	27324686.0	82.06	70.37982790580104	91.3731068544761	46870374	33298159.0
SRX14953918	3.703361271890909	49.0	100	98.96986697448556	20.0	32151292.0	90.26	79.49977026716748	92.81234627188581	56638519	35621813.0
SRX14953919	0.9614355279022108	52.0	100	99.07182058424398	20.0	11608224.0	31.89	25.434952448451487	94.16372033208228	18517968	36402600.0
SRX14953920	0.7283248415663299	53.0	100	99.04046885911517	20.0	6983140.0	20.67	15.485086157841232	94.86562865423214	10462688	33783112.0
SRX14953921	1.070888321941482	51.0	100	99.09125655431504	30.0	15316389.0	43.51	35.569300786791956	93.54316485231095	25040447	35199521.0
SRX14953922	1.0526263759890357	53.0	100	99.0167532233285	20.0	6528245.0	17.47	12.568214837806382	95.32232910045907	9395645	37378598.0
SRX14953923	0.692598886101308	51.0	100	99.06154242836664	30.0	12218859.0	33.17	25.715040248637568	93.34690455961389	18946908	36840129.0
SRX14953924	0.7301211396265073	48.0	100	99.07113395481754	20.0	24758442.0	89.94	76.49904860742566	91.16039009650163	42116617	27527543.0
SRX14953925	1.3310241260548807	53.0	100	99.02180904797008	30.0	4122515.0	13.4	9.871539600632891	94.85329574494	6074290	30766680.0
SRX14953926	1.3026637334197289	50.0	100	99.01549691180169	30.0	14901201.0	54.98	43.91852951083826	91.17878445070843	23804789	27101077.0
SRX14953927	3.029131824088984	52.0	100	98.65467022248154	20.0	8912822.0	26.68	18.763312450166257	94.163610029841	12534292	33401064.0
SRX14953928	0.7054101618982254	53.0	100	98.98075840619667	40.0	5671068.0	15.41	9.732939034473045	92.67437689298545	7163477	36800174.0
SRX14953929	3.0090481625150205	52.0	100	98.95338896789778	30.0	8268004.0	26.99	15.401036475383023	91.37235539049625	9435376	30632276.0
SRX14953930	0.7761989721472036	49.0	100	99.02387440162914	30.0	22850866.0	72.15	51.556964829807725	90.18153412841005	32657853	31671621.0
SRX14953931	1.0932969616140071	53.0	100	98.94593964778961	20.0	2805214.0	12.47	7.763571212984652	93.84109101623957	3494130	22503368.0
SRX14953932	0.9294795807068024	54.0	100	99.06223124834824	20.0	1360545.0	5.67	3.331557565313665	95.33015956317003	1598456	23989620.0
SRX18804540	0.5351327754915306	49.0	150	148.63901770466532	18.181818181818183	10096437.0	95.37	84.09174330124378	84.48734486030241	17805653	10587040.0
SRX18804541	0.49208030820822896	49.0	150	148.7072164546402	18.181818181818183	10542668.0	94.74	83.51041795090867	83.95082979094985	18586887	11128484.0
SRX18804542	0.5144138278310907	49.0	150	148.67539309195317	18.181818181818183	8733297.0	95.47	84.8529707872027	84.95421200180871	15524893	9148114.0
SRX18804543	0.479908808900622	48.0	150	148.73113898536084	18.181818181818183	8850169.0	95.52	80.04681560122869	81.929182719121	14833477	9265501.0
SRX18804544	0.4468703803054388	48.0	150	148.80481870643723	18.181818181818183	12289229.0	94.62	78.15389836652206	83.55776727305856	20301724	12988299.0
SRX18804545	0.40917106279718907	48.0	150	148.83203994743795	18.181818181818183	11002860.0	94.61	76.4489777106545	81.77285429362378	17781546	11629682.0
SRX18804546	0.4965144215442937	49.0	150	148.71768258843557	18.181818181818183	8521394.0	95.89	78.64856741887847	82.41461376068203	13979053	8887036.0
SRX18804547	0.44131307194471964	49.0	150	148.79897925404578	18.181818181818183	9946392.0	95.33	85.20143113750532	86.25088617351219	17779729	10433938.0
SRX18804548	0.4511319774435139	48.0	150	148.80379458787826	18.181818181818183	9729150.0	91.43	79.42278645359794	78.5998250532783	16903172	10641261.0
SRX18804549	0.5137308276351847	49.0	150	148.66863877494606	18.181818181818183	8825750.0	92.66	83.47493611811694	81.74578248345719	15901977	9525001.0
SRX18804550	0.5817075294794877	49.0	150	148.59549100390848	18.181818181818183	8113595.0	92.84	76.27541603819549	76.154446240415	13332122	8739462.0
SRX18804551	0.4757995104039168	50.0	150	148.73426187615252	18.181818181818183	7609014.0	93.14	80.63216904978049	80.44348636788732	13173916	8169144.0
SRX18804552	1.0049248224473406	50.0	150	147.95507979598202	18.181818181818183	6984533.0	85.18	68.87699367995967	77.70913414041794	11295101	8199473.0
SRX18804553	0.7612878545902212	50.0	150	148.31990192512043	18.181818181818183	7910027.0	93.0	79.25327012283346	78.83043256684923	13481517	8505338.0
SRX18804554	0.9067648468512468	50.0	150	148.0840002976892	18.181818181818183	7314831.0	92.9	81.22043428079103	78.76819283885288	12790568	7873984.0
SRX19817112	3.7761603293034933	48.0	150	146.78995634508001	18.181818181818183	4361643.0	39.96	34.85512338355405	56.18704967056072	7608978	10915150.0
SRX19817113	4.5472591083184115	49.0	150	146.50690261978104	18.181818181818183	4036333.0	41.2	35.49599529539207	56.37427124427235	6954626	9796353.0
SRX19817114	4.584031593011337	48.0	150	146.48436588344308	18.181818181818183	5080553.0	48.78	41.81195471078135	56.1822944446301	8709814	10415459.0
SRX19817115	3.7161398279555704	48.0	150	147.04317881899536	9.090909090909092	4193731.0	39.31	34.56454155560304	49.604062212584644	7375769	10669560.0
SRX19817116	3.612267400853005	48.0	150	147.09963348150038	18.181818181818183	4252099.0	40.74	35.74429083584957	55.15492686017755	7462134	10438218.0
SRX19817117	3.715484824742115	48.0	150	147.04250487876092	18.181818181818183	5583483.0	49.98	43.87005462099802	55.33259340423846	9802232	11171894.0
SRX2036088	7.973604859562039	52.0	49	46.2406110732479	27.27272727272727	44094339.0	94.12	5.068629898797738	92.35501946942516	2374575	46848459.0
SRX2036089	7.871420424797732	52.0	49	46.20303146175339	27.27272727272727	41211821.0	93.99	5.324381107992164	91.7426022467069	2334699	43849209.0
SRX2036090	8.264513125945006	52.0	49	46.08381375458918	36.36363636363637	40706490.0	94.9	5.130351864581853	92.49372474966363	2200673	42895167.0
SRX2036091	8.34670982304809	52.0	49	46.00267596314874	36.36363636363637	38519613.0	94.1	4.406123571440873	92.51434854746104	1803687	40935915.0
SRX2036300	3.0606011207383763	44.0	100	95.10791987888894	27.27272727272727	12833884.0	95.5	63.4486849933086	85.28171749589423	17053617	13438905.0
SRX2036303	3.080384093770132	43.0	100	95.24838069662192	27.27272727272727	11788251.0	95.76	62.39854451759223	84.75018051739443	15363389	12310695.0
SRX2036305	7.7139698383773005	43.0	100	95.09941347843308	18.181818181818183	14342560.0	95.31	62.30453932870992	86.42182392355231	18751224	15048040.0
SRX2036307	3.1883887234493624	43.0	100	95.26327032442053	18.181818181818183	14950697.0	95.04	64.95656475029372	86.21450128004244	20436637	15731002.0
SRX2037533	1.626687167695106	45.0	50	49.21141439476486	18.181818181818183	34521952.0	93.62	70.74244883113832	88.01007883606802	26084629	36872669.0
SRX2037535	1.6406006611496757	45.0	50	49.20217343473011	18.181818181818183	36104716.0	93.71	71.88267607402062	87.8989179272267	27694662	38527589.0
SRX2037536	1.7742198016241062	43.0	50	49.15866759954037	27.27272727272727	37889276.0	77.92	55.024366194839935	89.11691372593785	26757377	48628233.0
SRX2037537	1.7713446172010494	44.0	50	49.159740737902474	27.27272727272727	46915855.0	80.23	55.226449620961425	90.41618315461866	32292748	58473337.0
SRX2037538	1.515070614107562	45.0	50	49.25594619133796	27.27272727272727	46598020.0	94.94	67.5485771228469	91.69686261609887	33153430	49080871.0
SRX2037540	1.5052341090790198	45.0	50	49.26099902567842	27.27272727272727	38603746.0	95.12	66.09282559737409	89.41982539166312	26823881	40585163.0
SRX2037541	1.6677735204206432	45.0	50	49.20035888856057	36.36363636363637	35573747.0	84.55	56.25724111406322	87.09600694240615	23671118	42076571.0
SRX2037542	1.7136848686154393	45.0	50	49.175663255320266	36.36363636363637	40397823.0	83.82	56.07027726169357	88.67627859967232	27023480	48195731.0
SRX2037691	9.12526823241462	41.0	100	94.15492329167533	36.36363636363637	13354360.0	79.65	52.13605704271196	82.38195440131739	17483394	16767085.0
SRX2037693	3.8906828835931364	45.0	100	94.13625015681438	27.27272727272727	14204198.0	84.01	42.332836751980594	85.98777641400433	14314367	16906931.0
SRX2037695	8.513222461443693	44.0	100	94.618956610261	27.27272727272727	12202576.0	83.6	51.25656717062073	84.67788995746734	14964078	14597230.0
SRX2037697	3.59040201789013	44.0	100	94.59497283430782	27.27272727272727	12859573.0	83.66	51.41795739758459	84.88687753046831	15806384	15370490.0
SRX2037699	8.72692454005249	40.0	100	96.75552606195316	27.27272727272727	12204632.0	76.56	51.90772783332152	81.00105636514996	16549935	15941687.0
SRX2037713	4.623493028213961	37.0	100	94.41412301037147	45.45454545454545	11736032.0	70.65	44.59904158441542	82.24763769427103	14817772	16612209.0
SRX2037715	9.7494092328635	38.0	100	94.00242800648768	45.45454545454545	12317819.0	71.43	43.06804959656168	82.78463955911745	14853116	17243776.0
SRX2037717	3.6452590385221146	44.0	100	94.51342080778872	36.36363636363637	10692991.0	82.11	43.44547851549601	84.06539840795196	11315215	13022316.0
SRX2116174	2.8363336478374976	39.0	151	146.9141974537609	40.0	2476177.0	68.13	29.081636583437287	64.35844535302414	2114057	3634694.0
SRX2116175	4.260694825597855	37.0	151	146.62738869264746	40.0	2417184.0	61.98	25.12709392449371	57.987768708910195	1959750	3899675.0
SRX2116176	3.7150569805397256	49.0	151	147.31701696244957	20.0	3204954.0	92.44	54.69485761752719	79.23144931668027	3792618	3467070.0
SRX21659709	1.998549628920013	49.0	150	146.8397426356586	30.0	9555719.0	93.38	68.45779388786075	88.61352824581806	14010097	10232653.0
SRX21659710	1.4183505919818966	49.0	150	147.27436412508388	20.0	10436688.0	93.19	74.36047291402613	87.84593092716725	16654994	11198822.0
SRX21659711	2.0478347214864967	50.0	150	146.6561907120903	20.0	23514039.0	93.73	69.17849627963508	91.89479269850288	34710067	25087324.0
SRX22720559	0.4967059349064956	48.0	100	99.22244718974648	20.0	17046326.0	93.97	82.73314594818667	78.91274216139513	30017058	18140890.0
SRX22720560	0.49036426640185987	49.0	100	99.26980420425355	20.0	17141967.0	94.64	83.3685474820669	76.87728247816362	30199486	18112038.0
SRX22720561	0.4598536084754942	49.0	100	99.27459157718684	20.0	17154762.0	94.79	84.3209372445415	82.57792501896137	30521793	18098585.0
SRX22720562	0.4637148927603112	49.0	100	99.2688526777167	20.0	17102124.0	94.83	83.23214496514585	78.13171940869366	30021853	18035011.0
SRX22720563	0.4558449771201231	49.0	100	99.14400152148811	20.0	16983027.0	94.14	83.08405994534549	82.44334871343321	29977116	18040233.0
SRX22720564	0.4745095363665337	49.0	100	99.26437732051599	20.0	17258457.0	95.11	84.10579155600844	81.44586972251389	30522345	18145210.0
SRX22720565	0.45921344314969287	49.0	100	99.27492319066387	20.0	17018796.0	94.28	83.41058214447035	78.80266382313098	30114293	18051842.0
SRX22720566	0.5700767047867785	48.0	100	99.15635266639406	20.0	16892367.0	93.26	82.43169504343784	77.44090434538398	29862667	18113583.0
SRX22720567	0.48545676243832486	49.0	100	99.26194860172379	20.0	17120601.0	94.99	85.05633729828868	77.58916916959458	30660098	18023406.0
SRX22720568	0.4902105705468686	49.0	100	99.22603979142353	20.0	17036561.0	94.46	84.08157879417072	78.3296739557918	30330832	18036550.0
SRX22720569	0.46269211663545734	49.0	100	99.24027742482339	20.0	17153585.0	94.83	83.3013633587772	78.34826064071513	30137382	18089369.0
SRX22720570	0.47969461029459165	49.0	100	99.27252825179944	20.0	17082485.0	94.29	83.53192090158488	77.81138125256092	30268266	18117784.0
SRX22720571	0.46129339951740034	49.0	100	99.27418137885678	20.0	17175021.0	94.71	83.49624911807373	79.05590406032017	30281755	18133602.0
SRX22720572	0.4706915603398046	48.0	100	99.25589609931808	20.0	17344613.0	96.01	83.88153369742494	81.30643739687804	30306175	18064867.0
SRX22720574	0.4868693910878593	48.0	100	99.2664541070283	20.0	17031975.0	94.2	83.08916996659514	77.99578630349532	30047038	18081200.0
SRX22720575	0.46712708472013054	48.0	100	99.26579887708857	20.0	17005940.0	94.41	83.33030502427839	77.84066582674266	30021164	18013353.0
SRX22720576	0.4646584417092944	49.0	100	99.26964976395854	20.0	17138572.0	94.98	84.0383200489817	77.46829919426852	30328233	18044288.0
SRX22720577	0.4898740805992549	49.0	100	99.26997245118127	20.0	17101242.0	94.57	83.26386866637904	78.91157394703362	30114100	18083534.0
SRX22720578	0.4836607174641331	49.0	100	99.22988213647824	20.0	17114242.0	94.9	84.26476598829576	79.20562262824015	30393177	18034333.0
SRX22720579	0.4640975614554747	49.0	100	99.22937444288354	20.0	17087824.0	94.44	83.65193113163288	77.80222206734231	30272441	18094287.0
SRX3316529	1.3816342698763182	47.0	100	98.97489968382449	20.0	32969799.0	96.44	78.2823622572322	90.88242786613607	53525811	34187657.0
SRX3316530	0.9055928818681925	48.0	100	98.60987014903598	20.0	26322732.0	96.54	85.67107378392119	90.66441182609762	46720045	27267106.0
SRX3316531	1.4776954096685373	48.0	100	98.7057940518487	20.0	26438096.0	96.54	84.23345307810374	90.64853910298308	46134514	27384912.0
SRX3316532	1.3851787824970234	48.0	100	98.78018335550804	20.0	29457384.0	94.18	82.75638474583104	90.64451316057135	51766795	31276617.0
SRX3316533	0.8482948625383407	48.0	100	98.66884519646209	20.0	29704742.0	95.8	83.25783222299886	91.17130661895978	51633800	31008374.0
SRX3316534	0.8223657151476013	48.0	100	98.7304645973303	20.0	25180491.0	94.24	82.24554091396735	90.48758958491848	43952652	26720386.0
SRX3316535	5.578398911534129	48.0	100	98.41545324740841	20.0	26616923.0	94.73	83.19321107825404	90.07941541424886	46749217	28096774.0
SRX3316536	1.460234084451442	47.0	100	98.75076875188111	20.0	25536855.0	94.27	70.4460903895023	88.22237272301109	38165422	27088389.0
SRX3316537	0.7695298419473152	46.0	100	98.71907245146673	20.0	26508160.0	95.99	80.0653109348741	89.49242365760131	44221016	27615590.0
SRX3316538	0.8881680444342229	49.0	100	98.94331753656269	20.0	25431776.0	94.81	83.60412375453784	91.35683390430664	44853079	26824681.0
SRX3316539	1.4643759850429132	48.0	100	98.97409565215453	20.0	23755201.0	96.29	84.81037519625812	91.05547422162127	41847059	24670955.0
SRX3316540	1.370922338163433	48.0	100	98.70789371431988	20.0	27761713.0	94.19	82.56188835673906	90.26105719234471	48671252	29475617.0
SRX3316541	0.7403697343231194	47.0	100	98.81673740585015	20.0	29134382.0	96.5	82.6308765978419	91.46413881914418	49895655	30191895.0
SRX3316542	0.8170470252623685	48.0	100	98.76679414607217	20.0	25874083.0	95.89	83.87788549178522	90.97673072652837	45265845	26983182.0
SRX3316543	1.7804571228133745	48.0	100	98.7159301237154	20.0	28966321.0	96.14	84.80414408567654	91.34404717003274	51102772	30129879.0
SRX3316544	3.2959284826292983	48.0	100	98.56514003836958	20.0	22791239.0	95.55	83.56116392981922	89.91626312168914	39861538	23851713.0
SRX3316545	0.8196230425770621	48.0	100	98.72500003780955	20.0	22124261.0	95.6	84.42999735765301	90.67931648420377	39078095	23142305.0
SRX3316546	0.8141243143061767	48.0	100	98.75984062387302	20.0	26467538.0	96.04	85.0734465248928	91.44762520611125	46891992	27559711.0
SRX3316547	1.275355516468202	48.0	100	98.82216049524789	20.0	20888067.0	96.34	85.41730903672787	90.66901228346852	37038276	21680779.0
SRX3316548	1.5764153199668438	48.0	100	98.97716564528966	20.0	22761904.0	96.54	85.80126971292127	91.61124765208267	40458161	23576668.0
SRX3316549	0.8066523896045319	48.0	100	98.95760144188445	20.0	22164830.0	96.87	85.822346630311	91.31596986169468	39273358	22880613.0
SRX3316550	1.3072046659561025	48.0	100	98.794966321764	20.0	26554442.0	96.31	85.62262654006835	91.3750516828493	47213640	27570773.0
SRX3316551	0.8562885087470655	48.0	100	98.76782080593333	20.0	28287987.0	96.63	83.89961888502093	91.02369295423605	49122606	29274630.0
SRX3316552	0.7486427308297089	47.0	100	98.81938803240479	20.0	25746363.0	96.44	83.83247164675002	91.66629369492689	44760965	26696675.0
SRX3316553	1.6709829722248362	47.0	100	98.69197454513481	20.0	23791203.0	95.56	83.90693635797675	90.58270248368446	41778393	24895673.0
SRX3316554	1.4211196195256126	47.0	100	98.81313470148493	20.0	24633828.0	96.08	82.30150892063602	91.27538536012275	42202441	25638923.0
SRX3316555	0.8079422343818924	48.0	100	98.77505409753611	20.0	21563795.0	95.69	82.0025389741451	89.38366644241638	36957393	22534298.0
SRX3316556	0.94204614094967	47.0	100	98.79875985063282	20.0	23086179.0	96.59	82.38991747720041	90.51021765946896	39385078	23901637.0
SRX3316557	1.4436996499883183	48.0	100	98.73428208070118	20.0	25314664.0	96.08	84.40463922289415	90.67154290752836	44478944	26348637.0
SRX3316558	3.2362569731734534	48.0	100	98.88488403889963	20.0	21430416.0	95.68	84.6069332226125	90.58571769316949	37901664	22398675.0
SRX3316559	0.5712935940421654	48.0	100	99.19072555000005	20.0	24561918.0	95.14	82.42510093432986	91.47661941638022	42557799	25816043.0
SRX3316560	1.4490946234852182	48.0	100	98.97425162415307	20.0	25087735.0	96.09	83.16151471902604	91.78759057272208	43426291	26109608.0
SRX3316561	0.7500644634914286	48.0	100	98.99695971880676	20.0	25431150.0	94.72	81.55083539949203	90.03569731279568	43793040	26850148.0
SRX3316625	1.436766241372656	48.0	100	98.99206429591861	20.0	23885907.0	95.59	84.41019502047905	92.02010445377759	42186036	24988709.0
SRX3316626	1.2656231152477093	48.0	100	98.96943414402962	20.0	22963577.0	94.16	82.4981280474201	89.91138359569408	40238688	24387637.0
SRX3316627	0.7662066887782545	48.0	100	99.00271708203731	20.0	24311813.0	95.94	84.27494492987883	91.78046249407934	42711250	25340420.0
SRX3316628	0.7522829774676824	48.0	100	98.79920317809426	20.0	24210257.0	95.61	83.33055452408772	90.75687262515231	42202921	25322597.0
SRX3316629	1.2160234439115198	48.0	100	98.84537042981367	20.0	22574666.0	96.23	84.84689789984806	90.65464502284922	39807446	23458398.0
SRX3316630	0.7475578427177361	48.0	100	99.00173164899715	20.0	28890536.0	95.59	83.54959094267308	91.79367818958245	50504675	30224370.0
SRX3316631	1.3777994011573245	48.0	100	98.98791224867621	20.0	27129634.0	96.47	84.8018579865421	91.8064334530089	47694590	28121194.0
SRX3316632	1.2522827563586554	48.0	100	98.99023464075056	20.0	22757942.0	96.17	85.06592399229184	91.54110391527796	40262185	23665284.0
SRX3316633	0.8008945100933534	48.0	100	98.95762632292667	20.0	22356348.0	94.39	82.94795432937096	89.98844451260481	39294304	23686120.0
SRX3316634	0.755836639484396	48.0	100	98.97740039727775	20.0	23631124.0	95.74	82.80696929084614	90.74187499566443	40879295	24683487.0
SRX3316735	1.0762299791919994	48.0	100	98.72817534289857	20.0	23353437.0	81.48	68.87710615360987	87.95118441201056	39483881	28662558.0
SRX3316736	0.8130093591492604	48.0	100	98.78100289635941	20.0	26671441.0	85.23	75.06923579437124	90.49638767333788	46983467	31293423.0
SRX3316737	1.2495333455988582	48.0	100	98.85288370076847	20.0	27255483.0	83.5	73.13981426311041	90.76835462223895	47749986	32642950.0
SRX3316738	1.1870799260731075	49.0	100	99.00456735531101	20.0	25223300.0	85.08	73.85892599033316	90.79879300753989	43794758	29647573.0
SRX3316739	0.8194689570709344	49.0	100	98.98049513326458	20.0	21296816.0	83.61	73.89404083437647	90.08594498294885	37643522	25471284.0
SRX3316740	2.3127843266279937	48.0	100	97.98743255787006	20.0	13750817.0	69.52	61.63822288006503	83.82199908151529	24384669	19780477.0
SRX3316741	2.643237429422092	48.0	100	98.07953745844532	20.0	33002530.0	86.57	69.50713410003175	91.6078299585598	52993429	38120856.0
SRX3316742	1.1603770598177088	48.0	100	98.85619498474995	20.0	25084872.0	85.48	75.22103391474432	89.84175145582678	44146951	29344818.0
SRX3316743	0.8107107301655474	48.0	100	98.73445193571452	20.0	24690126.0	84.41	74.06856190120811	89.49498051400236	43331716	29251085.0
SRX3316744	73.00838320306953	48.0	100	97.53067608296782	20.0	5039297.0	64.03	55.69495834836926	76.65767890450383	8766431	7870040.0
SRX3316745	8.130466617830892	48.0	100	97.57721180281867	20.0	15406042.0	67.08	57.660079090622	86.25062204920448	26485372	22966819.0
SRX3316746	26.928452935896953	49.0	100	97.269984262219	20.0	14602882.0	66.14	57.76146290303522	82.95072075728919	25507447	22079987.0
SRX3316747	1.0233339621855746	48.0	100	98.75889211523165	20.0	20942731.0	77.4	69.16932479917239	84.84020146773281	37431889	27058157.0
SRX3316748	0.8072223555379966	49.0	100	98.99774123384823	20.0	22448619.0	84.56	74.08989148754368	90.93905225573211	39339606	26548565.0
SRX3316749	0.7277872482655654	49.0	100	99.01773093390781	20.0	19341928.0	77.17	69.13030466584458	86.9247996509061	34654253	25064444.0
SRX3316750	0.8102585273613612	48.0	100	98.52450957771534	20.0	23206630.0	84.59	74.40590761556692	87.26151031928156	40825959	27434622.0
SRX3316751	0.5204231521614335	48.0	100	99.25976027349387	20.0	17865115.0	81.88	71.16144737173192	90.14929121121688	31052170	21818113.0
SRX3316752	1.2574876568787525	48.0	100	98.87189513966995	20.0	14768784.0	83.58	72.88444850002476	89.68639356738237	25759004	17671125.0
SRX3316753	0.7936432347082812	48.0	100	98.83509873225405	20.0	18852521.0	82.99	72.57333421553754	90.50818542259576	32971269	22715829.0
SRX3316754	0.7699301253218748	48.0	100	98.86283066448911	20.0	16861088.0	83.2	72.38754130777117	89.82106806750063	29338601	20264952.0
SRX3316755	1.751799179789975	48.0	100	98.66702439412809	20.0	21523573.0	82.71	72.48752309229015	90.07312903579717	37724931	26021672.0
SRX3316756	1.3437691018675706	48.0	100	98.8534419123	20.0	15940253.0	82.75	72.08778109206129	89.38826008177631	27771698	19262417.0
SRX3316757	0.773924542355556	48.0	100	98.88800788603658	20.0	17181639.0	82.99	72.0950767239523	90.18753280995388	29851575	20702922.0
SRX3316758	0.9672767388019405	49.0	100	98.86658227794057	20.0	21959151.0	83.71	73.08546603817575	90.94755720106303	38344395	26232572.0
SRX3411505	5.764510860971942	50.0	147	141.37563429299792	30.0	5146580.0	65.86	4.211445716446667	90.5524873924368	658166	7814015.0
SRX3411506	4.789190756312227	51.0	147	141.10535224329854	40.0	2875332.0	58.89	5.956510002121923	86.0930269127997	581637	4882364.0
SRX3411507	22.666136651894295	50.0	147	141.06819624493585	40.0	3391428.0	57.27	4.708074267747628	88.37575915947612	557602	5921763.0
SRX3411508	21.09703644695751	50.0	147	141.02967094871664	40.0	3295151.0	67.67	3.9526591516008347	79.83546338420896	384929	4869241.0
SRX3411509	5.268357660552186	51.0	147	139.01367009923956	40.0	3456861.0	64.09	4.202683220933009	78.20677849986953	453370	5393816.0
SRX3411510	35.449044432856006	51.0	147	139.85746380122112	30.0	1903786.0	34.46	3.0497548134113046	87.77282478615022	336984	5524772.0
SRX3411511	8.434693851462633	51.0	147	138.70955442635838	40.0	3138331.0	47.55	2.9802507997526124	89.50409814047264	393403	6600166.0
SRX3411512	6.030946594096546	51.0	147	139.3031477724325	40.0	2141005.0	51.33	2.9866235913560737	86.75589676363745	249162	4171299.0
SRX3411513	34.68110845267993	51.0	147	138.8086013553929	40.0	2646805.0	50.21	4.4230303349933475	87.07005530834358	466297	5271239.0
SRX3411514	23.709553733523904	47.0	147	143.51261059116868	30.0	1002826.0	22.39	14.433103267834952	77.87109741102965	1293047	4479449.0
SRX3411515	5.11862320625267	49.0	147	142.43402079418206	40.0	617463.0	14.98	8.62436322549583	81.14676520650687	710780	4120768.0
SRX3411516	7.058409373432211	44.0	147	140.59865338408545	30.0	1215753.0	21.31	9.651486490371099	84.41016282666247	1101257	5705116.0
SRX3411517	12.471447535542529	47.0	147	140.54049075467168	30.0	1167231.0	21.35	6.967493531050955	83.67531574055232	761702	5466112.0
SRX3411518	62.70625354497311	49.0	147	143.2158303854108	50.0	659462.0	21.87	15.093081379246293	61.66296171851286	910063	3014835.0
SRX3411519	6.834065165267789	47.0	147	139.75303201904515	40.0	457180.0	14.08	8.368957792446803	55.278996732544144	543413	3246599.0
SRX3411520	9.217538307941311	47.0	147	139.9695974795214	40.0	1067077.0	30.89	4.326514756343893	66.20560710820742	298926	3454582.0
SRX3411521	5.189632323307347	45.0	147	141.39147664897996	30.0	1415085.0	26.97	15.593181090476627	67.99217308629113	1636311	5246880.0
SRX3411522	5.9942594240371365	46.0	147	140.76126633864035	20.0	648432.0	16.04	9.397068545099001	57.463786220608846	759650	4041952.0
SRX3411523	7.668591041408127	47.0	147	138.8678964214212	30.0	626085.0	13.85	7.383150556755538	56.87247834044332	667706	4521823.0
SRX3411524	9.04819218799992	49.0	147	137.61954805234777	40.0	2189350.0	35.17	4.113042652746417	66.99315234944453	512104	6225367.0
SRX3411525	6.850122179798731	47.0	147	139.93581512102836	40.0	598024.0	13.77	5.799867306896312	60.791123837678754	503876	4343858.0
SRX3541437	0.5133589326079572	51.0	100	98.77760989718558	20.0	15219846.0	37.73	29.780738091683855	92.9517877147013	24027601	40340842.0
SRX3541438	0.45342237766082943	49.0	100	99.03991803100674	20.0	28332785.0	87.9	75.58455650803401	92.62793487951022	48724375	32231700.0
SRX3541439	0.4348729878120361	50.0	100	99.10842948628218	20.0	21060724.0	64.37	53.53724643366806	93.21503365484955	35033759	32719052.0
SRX3541440	0.4379212995913364	49.0	100	98.98621906970389	20.0	25661655.0	83.84	72.85178328285737	91.31024564808449	44594969	30606642.0
SRX3541441	0.5246617953484112	52.0	100	98.85562160983262	30.0	6701035.0	21.43	16.535753414231525	93.51197733090729	10341652	31270580.0
SRX3541442	0.45581014507982764	48.0	100	98.92093175758295	20.0	28184805.0	80.57	66.487698412982	91.30757294655193	46517819	34982275.0
SRX3541443	0.41315579800603097	52.0	100	98.78421487989876	20.0	5291425.0	18.65	13.157872103479406	93.22961355540626	7465739	28369857.0
SRX3541444	0.4563302581683905	53.0	100	99.14331563614098	30.0	5876401.0	20.6	15.078371085166228	93.15827603752759	8602056	28524487.0
SRX3541445	0.4953850036033056	51.0	100	98.8739678389976	30.0	15058540.0	45.85	35.25873616346476	91.27997636261208	23157909	32839959.0
SRX3541446	0.5108031631028209	51.0	100	98.81521516424264	30.0	12179719.0	33.31	25.82068133201262	91.87713301503868	18883191	36566020.0
SRX3541447	0.4143981848377663	53.0	100	98.66578536258012	40.0	4116297.0	13.47	9.923108504022588	93.67590444490025	6063806	30553964.0
SRX3541448	0.4222224414227077	49.0	100	99.06461436864913	30.0	14876918.0	55.37	44.21840381813447	91.21537397658176	23762490	26869457.0
SRX3541449	0.534949212574459	53.0	100	99.1101016704528	30.0	5653609.0	15.52	9.798118790084343	94.75822217382263	7140693	36439102.0
SRX3541450	0.42037679304155257	52.0	100	98.79232358674886	30.0	8249816.0	27.13	15.478937859312458	91.5477860827885	9413317	30406857.0
SRX3541451	0.46242167405514095	48.0	100	98.81256831627931	30.0	22813559.0	72.41	51.741053352752544	88.71744977544765	32601214	31504204.0
SRX3541452	0.5422128146534815	53.0	100	98.64275016287044	40.0	2800502.0	12.52	7.793396268490565	92.83218468845827	3487807	22376682.0
SRX3541453	0.466161435251643	54.0	100	99.07834099679899	30.0	1358230.0	5.7	3.3495143654136963	94.39571014577066	1595603	23818423.0
SRX5252024	1.8090746250437135	45.0	100	98.62664073226811	10.0	13589650.0	99.21	58.92315985397154	79.60716569404607	8071384	13698152.0
SRX5252025	1.7050555603257875	45.0	100	98.90864661898023	20.0	11960542.0	99.48	54.54141162642496	77.68541906478308	6557659	12023266.0
SRX5252026	0.8416345571332087	44.0	100	99.53459618633241	20.0	8912840.0	98.85	78.44678707554937	72.75706713152776	7073415	9016832.0
SRX5252027	1.8918147703118864	45.0	100	98.44419980402309	20.0	11113061.0	98.01	59.320319415374655	78.57258824330121	6726385	11339091.0
SRX5252028	1.4142156072877583	45.0	100	99.1062070350128	20.0	14973665.0	99.41	62.811812866436654	81.10523379093999	9460790	15062119.0
SRX5252029	2.0452410016863447	45.0	100	98.8328331858765	20.0	9883591.0	99.31	56.10777260799643	75.40193125400631	5583882	9952065.0
SRX5252030	1.6108937187932377	45.0	100	99.00083546792082	20.0	11338802.0	99.49	53.28566492524571	76.26517316150226	6073077	11397206.0
SRX5252031	1.7613642577446897	47.0	100	98.57186754721104	20.0	9649173.0	98.17	70.93896315268907	79.59855473586208	6972856	9829374.0
SRX5252032	1.4283841067912246	45.0	100	99.12539226177242	20.0	13623590.0	99.48	61.11244368943842	80.06031992766637	8369505	13695255.0
SRX5252033	1.7405233995525504	46.0	100	98.83617582179726	20.0	15595926.0	99.17	64.33626169575668	81.78576497200983	10117866	15726537.0
SRX5252034	3.6412244780561256	46.0	100	96.73047355367413	30.0	10268365.0	95.79	60.714788810573495	77.57191602178592	6508221	10719334.0
SRX5252035	1.7100926299164216	47.0	100	98.60517451445313	20.0	11980562.0	98.47	68.62154241855276	80.80479032810639	8348584	12166127.0
SRX5252036	1.5703163184928883	44.0	100	99.04017836969234	20.0	11008207.0	99.49	79.39225425815162	76.02359175962773	8784483	11064660.0
SRX5252037	1.9051572691017729	44.0	100	98.92910801726802	20.0	10362626.0	99.46	55.8415856788294	76.1804874862259	5818280	10419260.0
SRX5252038	4.2460082591990345	45.0	100	96.14876759994333	40.0	8642284.0	94.69	60.93967676157208	76.23527267114463	5561932	9126947.0
SRX5252039	1.9844080234577912	44.0	100	98.73070317858509	20.0	7526476.0	99.12	78.91765432241846	70.12795229521569	5992268	7593064.0
SRX5252040	1.2898272197961775	46.0	100	99.09425326046977	20.0	15068957.0	98.99	67.2245739065325	82.22666754307016	10233209	15222423.0
SRX5252041	1.5632837501045267	44.0	100	99.08840580040203	20.0	9612363.0	99.51	79.30952061032542	74.1556958586034	7661425	9660158.0
SRX5252042	1.5735784318651949	44.0	100	99.02752844914741	20.0	10434396.0	99.5	54.250727070321894	76.30788009613292	5689060	10486606.0
SRX5252043	5.983030986680881	44.0	100	94.49781676766558	40.0	8957160.0	92.35	51.83293470901765	75.99388964748132	5027592	9699609.0
SRX5252044	2.0874199977695	44.0	100	98.64847069037523	20.0	9631998.0	99.08	79.10350176621014	74.6625703711467	7689952	9721380.0
SRX5252045	1.407006877718282	45.0	100	99.12906477412929	20.0	12681578.0	99.49	55.1729502255777	78.53925104642201	7032923	12747049.0
SRX5252046	1.5863467774536948	44.0	100	99.09352429022417	20.0	8259324.0	99.55	78.81208207138441	72.42472749824779	6539055	8297021.0
SRX5252047	5.558277594366535	44.0	100	94.97489491844242	40.0	6667086.0	93.09	51.11670447703843	72.03053779033061	3661007	7162056.0
SRX5252048	2.134578513769767	44.0	100	98.73071015407825	20.0	10044373.0	99.17	78.6756803588363	74.71110009540637	7968505	10128295.0
SRX5252049	1.5064128016209297	45.0	100	99.07735034107307	20.0	11998983.0	99.44	79.54651386752037	76.92087253101667	9598111	12066036.0
SRX5252050	1.4030628824511286	44.0	100	99.18746190500995	20.0	9588313.0	99.49	78.51516235080824	74.36092490081045	7566580	9637094.0
SRX5252051	4.967474919500193	44.0	100	95.52144880583324	40.0	7762687.0	93.88	73.81340656935322	73.25433545597184	6103745	8269155.0
SRX5252052	1.4522546839985364	43.0	100	99.08606117244518	20.0	11034581.0	99.23	52.66131917214915	76.88012048235008	5855925	11119974.0
SRX5252053	1.2675696174345152	45.0	100	99.1481694919661	30.0	15264074.0	99.22	60.73001273984712	81.73130896496043	9343191	15384800.0
SRX5252054	1.5540410623801795	45.0	100	98.96185122972808	20.0	11135913.0	99.2	58.28216202820889	76.50421551911596	6542861	11226181.0
SRX5252055	1.395842954868089	44.0	100	99.06094636996434	20.0	13425894.0	99.22	59.578690354134736	80.62264478039619	8061648	13531093.0
SRX5252056	1.2272273275273546	46.0	100	99.17153415611506	20.0	15624837.0	99.11	63.07437386185823	82.15765573426921	9943506	15764732.0
SRX5252057	1.4986690006757468	45.0	100	98.89424301474155	20.0	13926329.0	98.99	61.918388540263216	80.43257332063378	8711134	14068735.0
SRX5252058	1.3110183426661153	46.0	100	99.04848692687422	20.0	15636071.0	98.99	72.38835502411966	84.3714665010346	11434487	15796031.0
SRX5252059	1.3621339245507393	48.0	100	98.98955661984331	20.0	15278446.0	98.8	75.5010633500827	85.60983439349025	11675381	15463863.0
SRX5252060	1.510034842321991	44.0	100	99.04372394884749	20.0	10839690.0	99.16	78.31096049729149	75.45256233564476	8560843	10931858.0
SRX5252061	1.2920570507178213	45.0	100	99.10318456302049	20.0	13176153.0	99.06	62.58069099540853	79.6659022817607	8324374	13301825.0
SRX5329169	0.6314136660210191	53.0	100	99.11697757593372	30.0	5890777.0	20.54	15.036831610988552	93.00403046578592	8623407	28674282.0
SRX5329170	0.8902543305370143	49.0	100	99.08948314983012	20.0	25724646.0	83.57	72.62473627167853	92.39856026238365	44709535	30781203.0
SRX5329171	0.7291686220424312	49.0	100	99.06759627052492	20.0	27324686.0	82.06	70.37974997926314	92.60216013963122	46870377	33298198.0
SRX5329172	0.7827684884398752	49.0	100	99.06229570036936	20.0	28269452.0	80.23	66.21180253191629	92.27057368348343	46661094	35236236.0
SRX5329173	1.3307919053307802	53.0	100	99.02181496890606	30.0	4122515.0	13.4	9.871515899429657	94.85336620169672	6074292	30766764.0
SRX5329174	4.32417892998432	49.0	100	98.96987204399807	20.0	32151288.0	90.26	79.49950187990926	92.8123474885812	56638517	35621932.0
SRX5329175	0.6727380343932392	50.0	100	99.08576739710118	30.0	21126064.0	64.01	53.24580804743994	93.07848824714452	35145870	33003415.0
SRX5329176	0.7283152374724169	53.0	100	99.04047778784688	20.0	6983139.0	20.67	15.485039233263755	94.86554092655376	10462682	33783195.0
SRX5329177	1.1934406353846545	49.0	100	99.03273645926004	20.0	28403643.0	87.18	74.96721357462668	92.49053045942364	48851758	32582082.0
SRX5329178	1.002389827115634	53.0	100	99.02640105140327	20.0	5307443.0	18.55	13.087551299493978	93.10694573071842	7488934	28610906.0
SRX5329179	0.6583170805347107	53.0	100	99.10478213526787	30.0	6718061.0	21.37	16.49120780232894	93.35163108577076	10369214	31438613.0
SRX5329180	0.9955232627975362	51.0	100	98.97936138731173	30.0	12218855.0	33.17	25.71500620111145	91.6990715208015	18946904	36840170.0
SRX5329181	0.7761874637276469	48.0	100	98.79312149657825	30.0	22850869.0	72.15	51.55680233924813	88.60336917433557	32657847	31671715.0
SRX5329182	0.7301169382438032	48.0	100	98.86660170888705	30.0	24758431.0	89.94	76.49880171278132	89.88836642715137	42116605	27527624.0
SRX5329183	1.0858783477443898	48.0	100	98.88790811326189	20.0	29688233.0	77.93	59.94829718593465	90.57257152131001	45676261	38096379.0
SRX5329184	1.0440762584375822	52.0	100	98.95997221275255	30.0	15258946.0	37.61	29.687681561180383	92.82181319139436	24092674	40576887.0
SRX5329185	0.8292449278050624	53.0	100	98.91624624562839	40.0	2805214.0	12.47	7.763539900778695	92.744874491414	3494126	22503433.0
SRX5329186	0.6860092241242217	53.0	100	99.04160362222271	30.0	1360545.0	5.67	3.331539507179959	94.25375935425568	1598452	23989690.0
SRX5329187	1.3024675657665739	49.0	100	98.84900419144684	40.0	14901203.0	54.98	43.918422555092974	89.96452263900277	23804789	27101143.0
SRX5329188	0.9822234393382127	51.0	100	98.98187646994222	30.0	15095751.0	45.63	35.09119804725441	93.1206568271004	23216903	33080807.0
SRX5329189	2.608708949342056	52.0	100	99.03839349832958	30.0	8267999.0	26.99	15.400975778109787	92.98441776723953	9435369	30632374.0
SRX5329190	1.0475048982223323	53.0	100	98.9808080495171	40.0	5671067.0	15.41	9.732924150996922	92.67437008100052	7163475	36800220.0
SRX5329191	0.7492401146059634	53.0	100	98.96736368772744	30.0	6528245.0	17.47	12.568196366475709	93.33507701278029	9395642	37378641.0
SRX5329192	3.029113366183157	52.0	100	98.47468553582453	40.0	8912819.0	26.68	18.763295594259137	91.76745467741581	12534295	33401102.0
SRX5329193	1.0707238439993423	51.0	100	98.96041081195334	30.0	15316384.0	43.51	35.56925001335244	91.57454452622451	25040439	35199560.0
SRX5329194	0.9612736907166134	52.0	100	99.01768585528801	20.0	11608218.0	31.89	25.43490103055684	92.54302040989076	18517956	36402650.0
SRX6700162	4.356176873159794	48.0	126	120.65768625734015	20.0	35398234.0	95.41	83.13557653681805	91.06184342679452	61689032	37101464.0
SRX6700163	6.943490822603512	49.0	126	121.31670124461765	20.0	32572429.0	95.98	82.53242021769375	91.03573146665538	56017804	33936848.0
SRX6700164	7.4378340553933455	48.0	126	119.73847443877554	20.0	39452192.0	95.3	82.4129698403439	91.76630595993942	68234509	41397919.0
SRX6700165	3.6591564683164863	49.0	126	121.55444670519888	20.0	40619062.0	96.05	80.93809430673201	91.1954818744497	68454596	42288243.0
SRX6700166	5.279267710072293	48.0	126	119.50268460422892	20.0	34412876.0	94.32	79.81915156923975	90.18706234437526	58241784	36483590.0
SRX6700168	6.23216974325355	47.0	122	118.84963998556407	20.0	38116464.0	95.97	81.88765381289402	91.4791139443563	65047579	39717574.0
SRX6700169	4.570477001045129	47.0	122	118.45489771343962	20.0	33557083.0	95.64	81.2882149008611	90.4856634461178	57042023	35086281.0
SRX6700170	6.801618964264698	47.0	126	120.2483912004686	20.0	39348271.0	96.01	81.72540573040013	91.01118079960497	66985338	40981955.0
SRX6700171	4.278876839879561	48.0	126	120.75024725492754	20.0	42227285.0	95.4	74.053448903235	89.28666994394978	65559582	44265043.0
SRX6700172	4.093445192568234	47.0	126	120.99082728624973	20.0	38393877.0	95.59	73.9390406270507	88.33235992181505	59396997	40166194.0
SRX6700173	6.279590417773752	47.0	126	121.23119781698229	20.0	33377965.0	95.43	72.08924943026807	87.03382794405968	50428646	34976537.0
SRX6700174	6.660009277227756	48.0	126	121.42599204166342	20.0	39128944.0	95.66	82.47230155621762	91.41695115159514	67467324	40903020.0
SRX6700175	4.210824440432123	48.0	126	120.8564320270437	20.0	34855058.0	95.61	82.94457392088725	90.574280846364	60475496	36455366.0
SRX6700176	4.788528138106773	47.0	126	120.09623610522425	20.0	39495790.0	95.93	82.29938493234965	91.36743813513063	67768966	41172219.0
SRX6700177	6.263906671393182	47.0	126	121.11009598662808	20.0	27856352.0	95.32	81.97530917001207	89.80192482450146	47915265	29225425.0
SRX6700178	6.740898732423968	47.0	122	118.41169371112196	20.0	27708114.0	94.91	82.72549048354469	89.90381953082891	48300995	29193538.0
SRX6700179	3.620302961429022	48.0	122	118.51173232486778	20.0	34422194.0	85.51	68.61784494588628	91.71910686651337	55247065	40257068.0
SRX6700180	6.740763017003356	49.0	122	118.21875119225523	20.0	37413300.0	77.96	57.63415701244233	92.9862163268162	55319605	47992031.0
SRX6700181	3.9856015420495527	47.0	122	118.69242009821666	20.0	32708630.0	96.96	83.79750079718808	91.62396330056094	56536828	33734197.0
SRX6700182	4.663894727117205	48.0	122	117.78666429219723	20.0	37042540.0	84.43	65.53179267708977	92.7238253583732	57500553	43872257.0
SRX6700183	6.5028077177653865	47.0	122	118.42744867151734	20.0	28948132.0	96.17	73.21875498436184	90.13983133942719	44078266	30100393.0
SRX6700184	6.625248878723824	47.0	122	118.50451310858567	20.0	38187663.0	95.47	72.29434917261031	90.49789490975462	57836811	40000921.0
SRX6700185	4.435032062752335	48.0	122	117.65687755709901	20.0	37051602.0	96.04	74.20189635420599	90.24404726255653	57253600	38579607.0
SRX6922015	1.365377301013977	48.0	150	147.5457595994488	20.0	8238974.0	87.16	76.50168091781137	81.59411075497214	14462756	9452574.0
SRX6922016	1.3709467097528218	49.0	150	147.51412925664124	20.0	5070006.0	87.17	77.97746526531235	79.6321717738564	9070476	5816088.0
SRX6922017	2.0988685532709606	48.0	150	148.11814439210087	20.0	9786609.0	91.27	80.41973038215679	83.11433965325529	17246743	10722955.0
SRX6922018	2.200035422443473	47.0	150	146.377436250887	20.0	7530674.0	93.02	81.75053838348467	79.39268945827148	13237039	8095995.0
SRX6922019	1.0250334669437053	46.0	150	147.2656017529848	20.0	13310222.0	91.87	78.74114242884004	81.98004445065965	22815635	14487747.0
SRX6922020	1.6439194373706678	46.0	150	147.16850397273723	20.0	8056759.0	90.94	76.81623865297055	78.79933352959328	13610696	8859257.0
SRX6922021	1.0407267388518346	46.0	150	147.23093437630416	20.0	9995226.0	91.24	77.24584340905996	80.47149929971171	16925139	10955372.0
SRX6922023	2.3286498866404948	48.0	150	146.25456529860313	20.0	8170696.0	92.08	81.76729415516691	79.44249285793762	14511626	8873735.0
SRX6922024	2.218980271028632	47.0	150	146.34825342756426	20.0	8915744.0	93.19	82.0787130395662	80.57521415182862	15704698	9566852.0
SRX6922025	1.2123693673113918	47.0	150	146.24624582160806	20.0	8739333.0	92.85	81.51930601934914	80.66583141782804	15346355	9412712.0
SRX6922026	1.4889105593018714	48.0	150	144.75873175650955	20.0	10772079.0	90.31	79.31268082514788	78.60004284322638	18919672	11927268.0
SRX6922027	3.571513364295292	48.0	150	144.5465454457032	20.0	10822163.0	90.43	79.46631362824192	78.66165801644844	19020019	11967347.0
SRX6922028	3.5871492390768283	48.0	150	147.2537625448721	20.0	9010270.0	90.52	79.67720422694613	80.73304408612977	15861451	9953569.0
SRX6922029	1.0164998447355098	48.0	150	147.99270211811032	20.0	8751273.0	92.88	81.5801843164894	82.4367400522179	15373944	9422597.0
SRX7101023	4.707782839964801	49.0	122	117.25444866027775	20.0	35651876.0	93.05	79.82214415748642	91.21957885006128	61165316	38313501.0
SRX7101024	5.938443152474326	48.0	122	112.72233989374516	20.0	34525039.0	98.22	86.1705613386804	91.31716217052336	60582158	35152468.0
SRX7101025	10.339701837635962	48.0	122	113.79367647609408	20.0	35495328.0	98.29	86.11007542663	91.57648459424438	62191080	36111384.0
SRX7101026	7.168519524401795	48.0	122	117.92148036299093	20.0	31231513.0	98.01	87.2335215383477	92.14712636087818	55597451	31867022.0
SRX7101027	4.798419243298321	48.0	122	114.13648704279825	20.0	35203196.0	98.13	87.88948291728241	93.06156579680241	63057772	35873332.0
SRX7101028	4.996346653232848	49.0	126	119.87208388927006	20.0	37431033.0	97.92	88.21379294071704	92.65146745053161	67442571	38226772.0
SRX7101029	7.17635083877344	49.0	126	120.51409001642037	20.0	39846758.0	97.6	85.6286150632443	90.22318000320597	69920818	40827951.0
SRX7101030	3.823583647956778	48.0	122	118.1650701834668	20.0	35322906.0	97.66	86.15022173539057	90.82505858026931	62318591	36168561.0
SRX7101031	6.865902813564233	48.0	122	118.30874620957023	20.0	33949252.0	97.16	85.2709700100292	90.54243616508364	59590676	34941948.0
SRX7101032	6.632430949876424	48.0	122	118.39910012620906	20.0	37146022.0	97.21	83.23311023900115	91.56848658526945	63612704	38213581.0
SRX7101033	4.809904338528383	48.0	122	117.2750111688126	20.0	36591992.0	96.81	84.60011893998325	91.41731903647295	63952976	37797214.0
SRX7101034	5.137644134992485	48.0	122	117.066607705697	20.0	37730987.0	94.06	79.92614314637187	91.54666776541559	64122414	40113542.0
SRX7101035	6.901708088207468	46.0	122	118.25656748396587	20.0	29105249.0	85.24	61.73054621875197	80.97323221248459	42154006	34143555.0
SRX7101036	7.255560332177617	49.0	122	110.3971407669261	20.0	69311253.0	87.57	38.6180824520264	88.4853235010426	30566091	79149686.0
SRX7101037	7.2418603328399636	49.0	122	107.53157280164767	20.0	60115678.0	84.33	38.16543391339393	86.67818096705165	27206699	71286230.0
SRX7101038	6.917494425832683	48.0	122	111.60607920997666	20.0	71781137.0	89.94	40.36362908730984	88.69925089768088	32214415	79810502.0
SRX7101039	7.24512133761931	49.0	122	109.84260114674237	20.0	71394936.0	88.24	39.573855749175216	88.85096298471996	32020682	80913728.0
SRX7101040	7.517294076751792	49.0	122	110.56085147484013	20.0	74481594.0	89.76	40.1104081563814	89.48545603059766	33283512	82979739.0
SRX7101041	5.464782984916902	49.0	122	112.56772483865493	20.0	60174130.0	86.43	38.07953889363977	87.99967411576115	26510459	69618645.0
SRX7551986	1.2589743900883417	48.0	150	147.69705263762734	20.0	6262884.0	92.75	81.5880113959979	77.7158937096138	11018536	6752546.0
SRX7551987	0.913650000747239	48.0	150	147.63736828811045	20.0	5948210.0	92.69	82.03811415360254	76.92605519640651	10529610	6417511.0
SRX7551988	1.0722495117050854	48.0	150	147.85587799674303	20.0	4007058.0	94.04	81.92665291559425	76.49759664053242	6981791	4261001.0
SRX7551989	1.4000801118668031	49.0	150	147.92473846203782	20.0	5437257.0	93.88	81.87198732594278	78.27045409150145	9484033	5791989.0
SRX7551990	1.2106825371752332	48.0	150	147.196373740767	20.0	5664993.0	93.98	82.32500134788216	77.28147511520103	9925061	6027975.0
SRX7551991	1.4480914136764664	48.0	150	147.44576764715595	20.0	4978405.0	94.49	82.93613844041583	75.52176946084474	8739588	5268866.0
SRX8694706	0.6923633270405577	48.0	150	148.4615238600032	20.0	3676695.0	96.0	86.11812963371537	76.98927774891918	6596554	3829945.0
SRX8694707	0.5909693865702002	48.0	150	148.58482386774236	20.0	4197521.0	95.6	86.29000244376661	77.34254925904867	7577579	4390763.0
SRX8694708	0.6280692418634872	49.0	150	148.48578742718038	20.0	4200735.0	95.96	85.81409809918019	83.91869938450844	7512899	4377427.0
SRX8694709	0.6533767600469835	49.0	150	148.42477885700697	20.0	4107005.0	96.8	86.90505399327762	83.77987183594456	7374490	4242843.0
SRX8694710	0.6634943296262334	48.0	150	148.50991642278063	20.0	5133554.0	96.58	87.3614853958103	82.23348445646253	9287092	5315324.0
SRX8694711	0.6400177711546429	48.0	150	148.5446506121689	20.0	4045757.0	97.07	87.05937227374416	81.58471802355709	7256928	4167804.0
SRX8694712	0.664688932447091	48.0	150	148.51484911593718	20.0	4713961.0	95.11	86.89004669188161	80.18669338721598	8613101	4956322.0
SRX8694713	0.7005194563995853	49.0	150	148.44126242114845	20.0	3708688.0	95.87	87.6916729804785	79.24756211825266	6784710	3868503.0
SRX8694714	0.6529831810975625	48.0	150	148.54268763842444	20.0	4021708.0	96.18	87.51044199440719	80.83441060493313	7318381	4181433.0
SRX8694715	0.6857130310569478	48.0	150	148.4707102038901	20.0	4257324.0	96.05	85.8512334303207	80.14716767658958	7610183	4432192.0
SRX8694716	0.7489998390833205	48.0	150	148.39445535068612	20.0	3967777.0	96.09	84.88295608716017	80.2750313541139	7009862	4129134.0
SRX8694717	0.7358346059423563	48.0	150	148.39126839865358	20.0	4750416.0	95.85	85.50252377139032	81.55510371055358	8475477	4956273.0
SRX8694718	0.632581501189153	49.0	150	148.47465756465417	20.0	4077911.0	95.79	87.75786445026304	84.59918114993759	7472103	4257227.0
SRX8694719	0.7186878333722776	49.0	150	148.39318398249395	20.0	3966901.0	95.69	82.22600225193716	85.11403082944179	6817792	4145764.0
SRX8694720	0.7270826210005571	49.0	150	148.34315959087198	20.0	3604379.0	96.16	87.46091728336437	85.12606465388798	6556875	3748460.0
SRX8694721	0.7270832854358417	49.0	150	148.3528131186245	20.0	4011932.0	96.1	86.13009104619765	85.66129496547074	7191146	4174584.0
SRX8694722	0.722554628600415	49.0	150	148.37768663379666	20.0	4498516.0	95.75	86.90760816932915	87.24907124742249	8166369	4698305.0
SRX8694723	0.5590283681683105	49.0	150	148.58722897875555	20.0	4161959.0	96.69	89.27807976759601	85.14920721886182	7685466	4304229.0
SRX8694724	0.6492211657811716	49.0	150	148.44755465292326	20.0	4039680.0	95.79	87.55321835441913	85.01036166831622	7384755	4217295.0
SRX8694725	0.7005952942710506	49.0	150	148.37978755471767	20.0	4216526.0	96.14	87.79025622854672	85.51408134512081	7700424	4385694.0
SRX8694726	0.5231985160774345	50.0	150	148.63306755644646	20.0	5031564.0	96.39	89.53269320067861	88.01941612381026	9347514	5220168.0
SRX8694727	0.6292816479364711	49.0	150	148.48059475032176	20.0	5218005.0	96.57	89.41351719410099	87.37197669012892	9662157	5403074.0
SRX8694728	0.6377555373715756	49.0	150	148.56612006366012	20.0	5075592.0	96.83	89.67039747129971	83.44052224558352	9400302	5241586.0
SRX8694729	0.6116680734987876	49.0	150	148.58303770973717	20.0	12195148.0	97.22	89.99207462749513	89.00111160089114	22575878	12543259.0
