Sample	quality_trimmed	r_processed	cutadapt_version	r_written	percent_trimmed	bp_written	r_with_adapters	bp_processed
Kiley_A_DZM0422_Aerobic_A	6302147	36247731	4.4	36247731	9.889658362339976	4899443136	21176068	5437159650
Kiley_A_DZM0422_Aerobic_B	5509950	34391133	4.4	34391133	9.359970470683049	4675819966	19801327	5158669950
Kiley_A_DZM0422_Aerobic_C	2746391	35013714	4.4	35013714	9.093504200477941	4774461067	20280173	5252057100
Kiley_A_DZM0422_Anaerobic_A	3813057	37305687	4.4	37305687	9.003476762135488	5092031721	21565339	5595853050
Kiley_A_DZM0422_Anaerobic_B	3739391	31539542	4.4	31539542	9.906757576462798	4262249405	18920908	4730931300
Kiley_A_DZM0422_Anaerobic_C	5303579	30134885	4.4	30134885	9.402097071218291	4095236079	17217789	4520232750
Kiley_A_WT_Aerobic_A	6103641	32745805	4.4	32745805	9.622892459049334	4439206710	18914956	4911870750
Kiley_A_WT_Aerobic_B	5199299	29040526	4.4	29040526	9.555808711361955	3939820333	16617305	4356078900
Kiley_A_WT_Aerobic_C	4095928	32429765	4.4	32429765	9.401225571631494	4407145446	19000116	4864464750
Kiley_A_WT_Anaerobic_A	6540000	30272223	4.4	30272223	11.383684662559029	4023919289	18699940	4540833450
Kiley_A_WT_Anaerobic_B	6573021	32846268	4.4	32846268	10.054319656650186	4431569883	19655766	4926940200
Kiley_A_WT_Anaerobic_C	3887172	28293671	4.4	28293671	9.026452170169081	3860963448	16802742	4244050650
Kiley_B_Dfur_-O2_A	504709	4123705	4.4	4123705	0.344533336778171	597093108	1126781	599157405
Kiley_B_Dfur_-O2_B	446794	4281130	4.4	4281130	0.3351758344118545	619562343	1185740	621645950
Kiley_B_Dfur_-O2_C	156503	3717905	4.4	3717905	0.3142549028020325	537327760	1105377	539021662
Kiley_B_DrsuR_-O2_A	166479	3713426	4.4	3713426	0.31641995526871475	535296364	1081994	536995525
Kiley_B_DrsuR_-O2_B	177422	4094233	4.4	4094233	0.3174975120236075	591163315	1206037	593046222
Kiley_B_DrsuR_-O2_C	487640	4795012	4.4	4795012	0.33143109889581274	692400903	1296907	694703366
Kiley_B_WT_+O2_Ctrl_A	292764	3823184	4.4	3823184	0.31973684014889503	550412331	1044052	552177847
Kiley_B_WT_+O2_Ctrl_B	294333	3348814	4.4	3348814	0.32073330473000705	480658398	890796	482204990
Kiley_B_WT_+O2_Ctrl_C	173506	3911176	4.4	3911176	0.3198946860456457	560503158	1139754	562301932
Kiley_B_WT_+O2_Paraquat_A	382121	3955065	4.4	3955065	0.3260134851009392	569235687	1061969	571097542
Kiley_B_WT_+O2_Paraquat_B	325364	3261971	4.4	3261971	0.32714478276067027	467847744	864521	469383307
Kiley_B_WT_+O2_Paraquat_C	202882	4811238	4.4	4811238	0.3228418377254505	689127899	1427860	691359898
Kiley_B_WT_-O2_Ctrl_A	178403	4163528	4.4	4163528	0.3250153229314122	600605780	1260258	602564206
Kiley_B_WT_-O2_Ctrl_B	134499	3121594	4.4	3121594	0.3211740473999819	450044057	928906	451494139
Kiley_B_WT_-O2_Ctrl_C	664589	4112318	4.4	4112318	0.3737554677987849	592919819	1114332	595144203
Kiley_B_WT_-O2_NoFe_A	185729	4141057	4.4	4141057	0.32453715299594926	593712118	1229236	595645208
Kiley_B_WT_-O2_NoFe_B	224325	4962544	4.4	4962544	0.32275663370978597	714393970	1475408	716707190
Kiley_B_WT_-O2_NoFe_C	443433	4388971	4.4	4388971	0.3320251003669744	635047732	1201662	637163274
Kiley_B_WT_-O2_NoFe_DIP_A	729450	3221548	4.4	3221548	0.42137857458710876	465043046	889837	467010930
Kiley_B_WT_-O2_NoFe_DIP_B	383722	4308031	4.4	4308031	0.3223967446298842	618735801	1150844	620737037
Kiley_B_WT_-O2_NoFe_DIP_C	257194	5867384	4.4	5867384	0.3191734053258725	843995303	1722565	846697737
Kiley_B_WT_-O2_Peroxide_A	607622	4201360	4.4	4201360	0.36081660519260694	601353618	1121922	603531259
Kiley_B_WT_-O2_Peroxide_C	176262	3819793	4.4	3819793	0.31019027803309795	546451296	1107481	548151609
SRX10341586	682546	9090051	4.4	9090051	0.4915274219400236	1356805636	3035966	1363507650
SRX10341587	1151766	8906657	4.4	8906657	0.5194308032744497	1329058962	2876126	1335998550
SRX10341588	697149	7450610	4.4	7450610	0.5496925307681743	1111448183	2406497	1117591500
SRX10341589	336798	8222245	4.4	8222245	0.49400628011773745	1227243989	2491332	1233336750
SRX10341590	1357594	12511522	4.4	12511522	0.4467036597679057	1868344886	3839576	1876728300
SRX10341591	803611	12598294	4.4	12598294	0.4136008679693721	1881928102	4027027	1889744100
SRX10341592	533210	8068553	4.4	8068553	0.5489655951940825	1203638913	2699795	1210282950
SRX10341593	854732	8309804	4.4	8309804	0.5720771913914375	1239339826	2627344	1246470600
SRX10341594	1008346	9604590	4.4	9604590	0.6004960128438591	1432037223	3064150	1440688500
SRX10341595	605489	9397579	4.4	9397579	0.5442940144477636	1401964281	3155833	1409636850
SRX10341596	589740	9112500	4.4	9112500	0.5208953269318701	1359755012	3037175	1366875000
SRX10341597	760724	7313129	4.4	7313129	0.5776942628342351	1090632221	2315418	1096969350
SRX11348531	967101	10886421	4.4	10886421	0.498572487689021	1624821645	3526489	1632963150
SRX11348532	939845	12813823	4.4	12813823	0.6027013171635038	1910489088	4184662	1922073450
SRX1432806	2458886	14648845	4.4	14648845	1.8522260287415149	718875764	4661150	732442250
SRX14563846	8452114	23215484	4.4	23215484	3.314532554369477	3389345883	10682811	3505538084
SRX14563847	99963810	22717430	4.4	22717430	8.187950429625042	3149458052	10109914	3430331930
SRX14563848	42662546	24522616	4.4	24522616	6.181724371499862	3474011016	12151737	3702915016
SRX14563849	31606153	23937958	4.4	23937958	5.149196394273377	3428507175	11270986	3614631658
SRX14570260	1373999	12123015	4.4	12123015	0.5878912685224481	1807761728	3727443	1818452250
SRX14570261	1155118	9353209	4.4	9353209	0.5482727906539884	1395289185	3112491	1402981350
SRX14570262	1245293	10699063	4.4	10699063	0.5342256606957076	1596285879	3555463	1604859450
SRX14570263	1266982	12041731	4.4	12041731	0.5013445879721667	1797204065	3630931	1806259650
SRX14570264	1292307	12712607	4.4	12712607	0.47002234343697824	1897928236	3841310	1906891050
SRX14570265	1081699	13787707	4.4	13787707	0.42997475939980445	2059263501	4449087	2068156050
SRX14570266	1382326	14187455	4.4	14187455	0.457197573490101	2118388545	4605407	2128118250
SRX14570267	1153709	13669394	4.4	13669394	0.46159671257799234	2040944479	4123628	2050409100
SRX14570268	1271335	11117167	4.4	11117167	0.4730898318489473	1659685922	3371203	1667575050
SRX14570269	1082420	8346938	4.4	8346938	0.5684192215157223	1244923860	2791489	1252040700
SRX14570270	1219026	10824161	4.4	10824161	0.46778363083599117	1616029102	3295295	1623624150
SRX14570271	1221622	9455497	4.4	9455497	0.542946464545086	1410623807	3172136	1418324550
SRX14570272	1245108	10055568	4.4	10055568	0.5720035572994651	1499707469	3341604	1508335200
SRX14570273	1149722	10091692	4.4	10091692	0.47924352031354106	1506499233	3050961	1513753800
SRX14570274	1162001	11326591	4.4	11326591	0.495672234184731	1690567235	3467821	1698988650
SRX14570275	1380221	11539321	4.4	11539321	0.5583325050061437	1721233983	3849544	1730898150
SRX14570276	1640256	10613454	4.4	10613454	0.5516772705033944	1583235298	3528986	1592018100
SRX14570277	1999478	13980920	4.4	13980920	0.5273803154584963	2086078107	4280120	2097138000
SRX14953908	5481706	40683603	4.4	40683603	0.727595144412357	4038759108	13791589	4068360300
SRX14953909	19259442	32706613	4.4	32706613	1.1935803013292756	3231623331	10006040	3270661300
SRX14953910	4517910	33120928	4.4	33120928	0.6727434388311826	3289810913	11019475	3312092800
SRX14953911	12344238	30836014	4.4	30836014	0.8905171401206394	3056141401	9282583	3083601400
SRX14953912	12315764	31484834	4.4	31484834	0.8063678214088725	3123095043	8078586	3148483400
SRX14953913	5448690	35368087	4.4	35368087	0.7827706938178478	3509123598	11551743	3536808700
SRX14953914	3536301	28689523	4.4	28689523	0.6692732744284385	2849751169	9732599	2868952300
SRX14953915	11407427	28716903	4.4	28716903	0.7974440001416586	2848790178	7311431	2871690300
SRX14953916	16978493	33164008	4.4	33164008	0.9824972904360655	3283817252	9314065	3316400800
SRX14953917	5230337	33390854	4.4	33390854	0.7291723655825035	3314737712	10980596	3339085400
SRX14953918	33034397	36900020	4.4	36900020	3.703361271890909	3553347895	13006240	3690002000
SRX14953919	19199312	36487288	4.4	36487288	0.9614355279022108	3613648625	9646128	3648728800
SRX14953920	4840853	33943858	4.4	33943858	0.7283248415663299	3369663645	11601746	3394385800
SRX14953921	22000771	35305646	4.4	35305646	1.070888321941482	3492756196	9706822	3530564600
SRX14953922	21284267	37478678	4.4	37478678	1.0526263759890357	3708416755	9603641	3747867800
SRX14953923	6013684	36930468	4.4	36930468	0.692598886101308	3667468799	12275822	3693046800
SRX14953924	4834760	27609958	4.4	27609958	0.7301211396265073	2740837186	8876127	2760995800
SRX14953925	27388235	30923166	4.4	30923166	1.3310241260548807	3051157120	7888698	3092316600
SRX14953926	21721595	27226711	4.4	27226711	1.3026637334197289	2687203851	8174986	2722671100
SRX14953927	20725209	34294248	4.4	34294248	3.029131824088984	3325543002	12900026	3429424800
SRX14953928	5427440	36903184	4.4	36903184	0.7054101618982254	3664286519	12495515	3690318400
SRX14953929	39904713	31343712	4.4	31343712	3.0090481625150205	3040056461	8926469	3134371200
SRX14953930	5316592	31802803	4.4	31802803	0.7761989721472036	3155594997	10428069	3180280300
SRX14953931	12286861	22561485	4.4	22561485	1.0932969616140071	2231482097	5840336	2256148500
SRX14953932	12589346	24039789	4.4	24039789	0.9294795807068024	2381634407	5845863	2403978900
SRX18804540	878606	10587948	4.4	10587948	0.5351327754915306	1579693263	3306346	1588192200
SRX18804541	538201	11129705	4.4	11129705	0.49208030820822896	1661240687	3709649	1669455750
SRX18804542	429993	9149027	4.4	9149027	0.5144138278310907	1365294471	3052437	1372354050
SRX18804543	687339	9266109	4.4	9266109	0.479908808900622	1383246019	2911767	1389916350
SRX18804544	1320533	12989901	4.4	12989901	0.4468703803054388	1939777947	4057118	1948485150
SRX18804545	589617	11631062	4.4	11631062	0.40917106279718907	1737520659	3790051	1744659300
SRX18804546	251061	8887860	4.4	8887860	0.4965144215442937	1326559574	2932505	1333179000
SRX18804547	933468	10434757	4.4	10434757	0.44131307194471964	1558306058	3181035	1565213550
SRX18804548	1084390	10642556	4.4	10642556	0.4511319774435139	1589181604	3244329	1596383400
SRX18804549	654338	9525755	4.4	9525755	0.5137308276351847	1421522739	3142321	1428863250
SRX18804550	1181372	8740343	4.4	8740343	0.5817075294794877	1303424965	2687322	1311051450
SRX18804551	684446	8170000	4.4	8170000	0.4757995104039168	1219669077	2634925	1225500000
SRX18804552	822226	8200431	4.4	8200431	1.0049248224473406	1217703425	2832591	1230064650
SRX18804553	1027975	8506333	4.4	8506333	0.7612878545902212	1266236298	2689058	1275949950
SRX18804554	877181	7874773	4.4	7874773	0.9067648468512468	1170505099	2500151	1181215950
SRX19817112	2694834	11150484	4.4	11150484	3.7761603293034933	1609413577	4043471	1672572600
SRX19817113	1250678	10078022	4.4	10078022	4.5472591083184115	1442962234	4082860	1511703300
SRX19817114	1530769	10715450	4.4	10715450	4.584031593011337	1533637558	4355983	1607317500
SRX19817115	2881717	10910360	4.4	10910360	3.7161398279555704	1575737365	3921266	1636554000
SRX19817116	2472213	10668318	4.4	10668318	3.612267400853005	1542442474	3810382	1600247700
SRX19817117	1279456	11431887	4.4	11431887	3.715484824742115	1651070546	4492280	1714783050
SRX2036088	21687237	47122765	4.4	47122765	7.973604859562039	2168269096	22025321	2356138250
SRX2036089	18654466	44021704	4.4	44021704	7.871420424797732	2027828530	20715667	2201085200
SRX2036090	16750465	43140551	4.4	43140551	8.264513125945006	1978759725	20787123	2157027550
SRX2036091	14239930	41135979	4.4	41135979	8.34670982304809	1885123910	19115369	2056798950
SRX2036300	25367640	13813229	4.4	13813229	3.0606011207383763	1352436577	5390703	1395136129
SRX2036303	24075499	12645131	4.4	12645131	3.080384093770132	1237816852	4922548	1277158231
SRX2036305	101815909	15473052	4.4	15473052	7.7139698383773005	1442226009	6106691	1562778252
SRX2036307	28824123	16122699	4.4	16122699	3.1883887234493624	1576473113	6401107	1628392599
SRX2037533	14358083	36895710	4.4	36895710	1.626687167695106	1814776611	11506480	1844785500
SRX2037535	15383107	38550121	4.4	38550121	1.6406006611496757	1895883373	11954148	1927506050
SRX2037536	22695615	48685855	4.4	48685855	1.7742198016241062	2391103046	14419112	2434292750
SRX2037537	26374386	58540743	4.4	58540743	1.7713446172010494	2875189235	17871805	2927037150
SRX2037538	15954058	49097767	4.4	49097767	1.515070614107562	2417695058	15622595	2454888350
SRX2037540	12977131	40599173	4.4	40599173	1.5052341090790198	1999403020	12975310	2029958650
SRX2037541	16947758	42112459	4.4	42112459	1.6677735204206432	2070505928	13004307	2105622950
SRX2037542	20643988	48235348	4.4	48235348	1.7136848686154393	2370437307	14818326	2411767400
SRX2037691	138907446	17360891	4.4	17360891	9.12526823241462	1593442976	6740631	1753449991
SRX2037693	42897779	17495753	4.4	17495753	3.8906828835931364	1698319922	6787296	1767071053
SRX2037695	111533401	15074813	4.4	15074813	8.513222461443693	1392937524	5754469	1522556113
SRX2037697	37829869	15868699	4.4	15868699	3.59040201789013	1545193840	6137257	1602738599
SRX2037699	128659259	16502828	4.4	16502828	8.72692454005249	1521326504	6363874	1666785628
SRX2037713	61252855	17264498	4.4	17264498	4.623493028213961	1663093789	7361983	1743714298
SRX2037715	157274675	17969097	4.4	17969097	9.7494092328635	1637938836	6926597	1814878797
SRX2037717	34099090	13464928	4.4	13464928	3.6452590385221146	1310383746	5138299	1359957728
SRX2116174	7626981	3645705	4.4	3645705	2.8363336478374976	534887397	1369423	550501455
SRX2116175	16355062	3909093	4.4	3909093	4.260694825597855	565123310	1864259	590273043
SRX2116176	8049011	3471822	4.4	3471822	3.7150569805397256	504769117	1421974	524245122
SRX21659709	4249171	10250710	4.4	10250710	1.998549628920013	1506876671	3992518	1537606500
SRX21659710	412742	11218530	4.4	11218530	1.4183505919818966	1658911787	4397548	1682779500
SRX21659711	8653523	25122588	4.4	25122588	2.0478347214864967	3691217838	9780339	3768388200
SRX22720559	1154726	18141718	4.4	18141718	0.4967059349064956	1805160701	5742112	1814171800
SRX22720560	716346	18112321	4.4	18112321	0.49036426640185987	1802350465	6085623	1811232100
SRX22720561	1070459	18098862	4.4	18098862	0.4598536084754942	1801563373	5443810	1809886200
SRX22720562	1137430	18035347	4.4	18035347	0.4637148927603112	1795171441	5434976	1803534700
SRX22720563	686715	18044459	4.4	18044459	0.4558449771201231	1796220424	5643906	1804445900
SRX22720564	637521	18145433	4.4	18145433	0.4745095363665337	1805933119	6006957	1814543300
SRX22720565	1074829	18052198	4.4	18052198	0.45921344314969287	1796929988	5430021	1805219800
SRX22720566	1190582	18117383	4.4	18117383	0.5700767047867785	1801410002	6260817	1811738300
SRX22720567	714314	18023669	4.4	18023669	0.48545676243832486	1793617188	5995343	1802366900
SRX22720568	715771	18036853	4.4	18036853	0.4902105705468686	1794843444	6035949	1803685300
SRX22720569	1143838	18089662	4.4	18089662	0.46269211663545734	1800596256	5439121	1808966200
SRX22720570	665397	18118096	4.4	18118096	0.47969461029459165	1803118447	6034058	1811809600
SRX22720571	1135426	18133871	4.4	18133871	0.46129339951740034	1805022065	5420635	1813387100
SRX22720572	1123239	18065206	4.4	18065206	0.4706915603398046	1798017460	5564511	1806520600
SRX22720574	526013	18081492	4.4	18081492	0.4868693910878593	1799345875	6139761	1808149200
SRX22720575	1325507	18013629	4.4	18013629	0.46712708472013054	1792948246	5330998	1801362900
SRX22720576	1207960	18044592	4.4	18044592	0.4646584417092944	1796074628	5382076	1804459200
SRX22720577	696806	18083790	4.4	18083790	0.4898740805992549	1799520220	6073088	1808379000
SRX22720578	541078	18034574	4.4	18034574	0.4836607174641331	1794734785	6143324	1803457400
SRX22720579	1316040	18094523	4.4	18094523	0.4640975614554747	1801054676	5327346	1809452300
SRX3316529	29689711	34350728	4.4	34350728	1.3816342698763182	3387612657	10796512	3435072800
SRX3316530	7714932	27446977	4.4	27446977	0.9055928818681925	2719841913	9208893	2744697700
SRX3316531	25931415	27522653	4.4	27522653	1.4776954096685373	2711595202	8325981	2752265300
SRX3316532	28118622	31424301	4.4	31424301	1.3851787824970234	3098901825	9494438	3142430100
SRX3316533	7307707	31157488	4.4	31157488	0.8482948625383407	3089318063	10421427	3115748800
SRX3316534	6498760	26824861	4.4	26824861	0.8223657151476013	2660426254	9023463	2682486100
SRX3316535	79820231	29408731	4.4	29408731	5.578398911534129	2776819467	9714431	2940873100
SRX3316536	24014524	27231625	4.4	27231625	1.460234084451442	2683397953	8726354	2723162500
SRX3316537	6426197	27744989	4.4	27744989	0.7695298419473152	2753148303	9332323	2774498900
SRX3316538	5711593	26962821	4.4	26962821	0.8881680444342229	2672334584	9174673	2696282100
SRX3316539	24000445	24798412	4.4	24798412	1.4643759850429132	2443527001	7477220	2479841200
SRX3316540	26053499	29590763	4.4	29590763	1.370922338163433	2918509662	8937174	2959076300
SRX3316541	6122853	30359962	4.4	30359962	0.7403697343231194	3013518603	10144912	3035996200
SRX3316542	6176534	27131502	4.4	27131502	0.8170470252623685	2690982487	9162725	2713150200
SRX3316543	38328929	30379232	4.4	30379232	1.7804571228133745	2983834280	9257129	3037923200
SRX3316544	49113297	24399331	4.4	24399331	3.2959284826292983	2359514650	7609071	2439933100
SRX3316545	5133803	23288784	4.4	23288784	0.8196230425770621	2309790376	7834366	2328878400
SRX3316546	6208387	27696764	4.4	27696764	0.8141243143061767	2747127791	9264574	2769676400
SRX3316547	15866425	21767768	4.4	21767768	1.275355516468202	2149015157	6733198	2176776800
SRX3316548	24284870	23732584	4.4	23732584	1.5764153199668438	2335845991	7284590	2373258400
SRX3316549	4558939	23030882	4.4	23030882	0.8066523896045319	2284510284	7846186	2303088200
SRX3316550	22136698	27684101	4.4	27684101	1.3072046659561025	2732221314	8484681	2768410100
SRX3316551	7385602	29426269	4.4	29426269	0.8562885087470655	2917429524	9693924	2942626900
SRX3316552	5075249	26822793	4.4	26822793	0.7486427308297089	2662198611	8934663	2682279300
SRX3316553	28116297	25068043	4.4	25068043	1.6709829722248362	2464916027	7779518	2506804300
SRX3316554	22507142	25779186	4.4	25779186	1.4211196195256126	2541283293	8117051	2577918600
SRX3316555	5088157	22672033	4.4	22672033	0.8079422343818924	2248885607	7479229	2267203300
SRX3316556	5777390	24069769	4.4	24069769	0.94204614094967	2384302067	8128672	2406976900
SRX3316557	23999232	26477402	4.4	26477402	1.4436996499883183	2609514784	8087519	2647740200
SRX3316558	43664705	22897394	4.4	22897394	3.2362569731734534	2215637549	7207866	2289739400
SRX3316559	0	25825490	4.4	25825490	0.5712935940421654	2567795063	8734924	2582549000
SRX3316560	22702092	26255596	4.4	26255596	1.4490946234852182	2587512757	8212260	2625559600
SRX3316561	5983684	26984266	4.4	26984266	0.7500644634914286	2678186661	8836649	2698426600
SRX3316625	21387414	25106945	4.4	25106945	1.436766241372656	2474621689	7848243	2510694500
SRX3316626	17425334	24472712	4.4	24472712	1.2656231152477093	2416297970	7594787	2447271200
SRX3316627	5154172	25442165	4.4	25442165	0.7662066887782545	2524722543	8475539	2544216500
SRX3316628	4693086	25398630	4.4	25398630	0.7522829774676824	2520756043	8539938	2539863000
SRX3316629	16403452	23542829	4.4	23542829	1.2160234439115198	2325654268	7209667	2354282900
SRX3316630	5977717	30347554	4.4	30347554	0.7475578427177361	3012068848	10196435	3034755400
SRX3316631	24779282	28245148	4.4	28245148	1.3777994011573245	2785598652	8648384	2824514800
SRX3316632	16998694	23753411	4.4	23753411	1.2522827563586554	2345595113	7435516	2375341100
SRX3316633	5032437	23800514	4.4	23800514	0.8008945100933534	2360989699	7973052	2380051400
SRX3316634	5041324	24759153	4.4	24759153	0.755836639484396	2457201425	8338605	2475915300
SRX3316735	6972386	28944636	4.4	28944636	1.0762299791919994	2863312515	9891497	2894463600
SRX3316736	5449937	31479998	4.4	31479998	0.8130093591492604	3122406267	10691261	3147999800
SRX3316737	23850814	32774790	4.4	32774790	1.2495333455988582	3236525807	9943680	3277479000
SRX3316738	18617973	29745062	4.4	29745062	1.1870799260731075	2939196434	9111897	2974506200
SRX3316739	4749344	25601885	4.4	25601885	0.8194689570709344	2539208550	8697486	2560188500
SRX3316740	6442376	20011316	4.4	20011316	2.3127843266279937	1954849742	7937035	2001131600
SRX3316741	44774259	38532596	4.4	38532596	2.643237429422092	3751408800	13384265	3853259600
SRX3316742	18896169	29438406	4.4	29438406	1.1603770598177088	2909680949	8929503	2943840600
SRX3316743	5766104	29430860	4.4	29430860	0.8107107301655474	2919226086	9958039	2943086000
SRX3316744	542804624	29759866	4.4	29759866	73.00838320306953	803266899	24933854	2975986600
SRX3316745	69723829	24501164	4.4	24501164	8.130466617830892	2250910504	9483860	2450116400
SRX3316746	267461850	29756511	4.4	29756511	26.928452935896953	2174354294	15434989	2975651100
SRX3316747	4318888	27181796	4.4	27181796	1.0233339621855746	2690363545	9655849	2718179600
SRX3316748	5639759	26691015	4.4	26691015	0.8072223555379966	2647555916	9007482	2669101500
SRX3316749	0	25086705	4.4	25086705	0.7277872482655654	2490412716	7847505	2508670500
SRX3316750	5787473	27652663	4.4	27652663	0.8102585273613612	2742860494	9320739	2765266300
SRX3316751	0	21827042	4.4	21827042	0.5204231521614335	2171344902	6757582	2182704200
SRX3316752	12848655	17747942	4.4	17747942	1.2574876568787525	1752476382	5448852	1774794200
SRX3316753	4005351	22830102	4.4	22830102	0.7936432347082812	2264891244	7760067	2283010200
SRX3316754	3129365	20338269	4.4	20338269	0.7699301253218748	2018167854	6857626	2033826900
SRX3316755	32043154	26217919	4.4	26217919	1.751799179789975	2575863371	7945948	2621791900
SRX3316756	14764297	19360018	4.4	19360018	1.3437691018675706	1909986406	6010981	1936001800
SRX3316757	3176980	20774807	4.4	20774807	0.773924542355556	2061402567	7024490	2077480700
SRX3316758	7195548	26464630	4.4	26464630	0.9672767388019405	2620864379	9026585	2646463000
SRX3411505	36675837	8664510	4.4	8664510	5.764510860971942	1224756507	3391533	1299676500
SRX3411506	30921101	7763121	4.4	7763121	4.789190756312227	1108699549	2143248	1164468150
SRX3411507	18962087	7260175	4.4	7260175	22.666136651894295	842186072	3797024	1089026250
SRX3411508	13267500	5873659	4.4	5873659	21.09703644695751	695173653	3054773	881048850
SRX3411509	27834122	7911166	4.4	7911166	5.268357660552186	1124156622	2480504	1186674900
SRX3411510	25260687	8069344	4.4	8069344	35.449044432856006	781325799	4704840	1210401600
SRX3411511	57692039	7666246	4.4	7666246	8.434693851462633	1052943243	3154351	1149936900
SRX3411512	35963709	6574423	4.4	6574423	6.030946594096546	926688459	1959672	986163450
SRX3411513	24329055	7543296	4.4	7543296	34.68110845267993	739079600	4465334	1131494400
SRX3411514	13350205	5670715	4.4	5670715	23.709553733523904	648932067	2763789	850607250
SRX3411515	23694192	4973875	4.4	4973875	5.11862320625267	707892162	1618295	746081250
SRX3411516	42148840	6094701	4.4	6094701	7.058409373432211	849676808	2713593	914205150
SRX3411517	31421675	5926984	4.4	5926984	12.471447535542529	778170495	2429543	889047600
SRX3411518	8153965	7846792	4.4	7846792	62.70625354497311	438954407	5823707	1177018800
SRX3411519	28460813	3491011	4.4	3491011	6.834065165267789	487864955	1283470	523651650
SRX3411520	14882908	3637888	4.4	3637888	9.217538307941311	495384642	1430746	545683200
SRX3411521	33472865	6139479	4.4	6139479	5.189632323307347	873129392	2109679	920921850
SRX3411522	29156751	4440321	4.4	4440321	5.9942594240371365	626123496	1610024	666048150
SRX3411523	25662472	4696244	4.4	4696244	7.668591041408127	650416238	1607862	704436600
SRX3411524	33927937	6481251	4.4	6481251	9.04819218799992	884222243	2517624	972187650
SRX3411525	36677284	4547533	4.4	4547533	6.850122179798731	635403215	1710708	682129950
SRX3541437	958624	40341679	4.4	40341679	0.5133589326079572	3997772280	15119283	4018401101
SRX3541438	784228	32233246	4.4	32233246	0.45342237766082943	3196467711	10166713	3211027227
SRX3541439	555130	32720362	4.4	32720362	0.4348729878120361	3251917527	10267561	3266121005
SRX3541440	484497	30607899	4.4	30607899	0.4379212995913364	3041572464	9861039	3054950744
SRX3541441	594474	31270936	4.4	31270936	0.5246617953484112	3101775892	12296767	3118135558
SRX3541442	762218	34984365	4.4	34984365	0.45581014507982764	3470256199	11135291	3486146408
SRX3541443	328283	28370403	4.4	28370403	0.41315579800603097	2819928420	8370771	2831627453
SRX3541444	276971	28524609	4.4	28524609	0.4563302581683905	2834623551	9412538	2847618094
SRX3541445	727515	32841095	4.4	32841095	0.4953850036033056	3257204614	11798135	3273420649
SRX3541446	869916	36566911	4.4	36566911	0.5108031631028209	3625077376	13640968	3643689457
SRX3541447	400556	30554514	4.4	30554514	0.4143981848377663	3035377873	8954157	3048008766
SRX3541448	493940	26870527	4.4	26870527	0.4222224414227077	2669130786	8125825	2680448240
SRX3541449	862439	36439716	4.4	36439716	0.534949212574459	3610239892	14528949	3629656712
SRX3541450	360983	30407552	4.4	30407552	0.42037679304155257	3021321120	9129094	3034075670
SRX3541451	829170	31506637	4.4	31506637	0.46242167405514095	3122068726	10167069	3136572919
SRX3541452	512740	22377044	4.4	22377044	0.5422128146534815	2215065174	9065292	2227141018
SRX3541453	255617	23818597	4.4	23818597	0.466161435251643	2365892799	7953758	2376973332
SRX5252024	6657904	13716389	4.4	13716389	1.8090746250437135	1360293178	5245588	1385355289
SRX5252025	7924751	12062223	4.4	12062223	1.7050555603257875	1197512095	4400397	1218284523
SRX5252026	0	9026043	4.4	9026043	0.8416345571332087	903957747	3274575	911630343
SRX5252027	13028393	11343588	4.4	11343588	1.8918147703118864	1124027821	4130411	1145702388
SRX5252028	8465578	15096381	4.4	15096381	1.4142156072877583	1503171448	5316221	1524734481
SRX5252029	8184077	10012861	4.4	10012861	2.0452410016863447	990615460	3637997	1011298961
SRX5252030	8248721	11433816	4.4	11433816	1.6108937187932377	1136212567	4064697	1154815416
SRX5252031	10849038	9833718	4.4	9833718	1.7613642577446897	975711551	3441285	993205518
SRX5252032	8388314	13730958	4.4	13730958	1.4283841067912246	1367017545	4787377	1386826758
SRX5252033	9840742	15771444	4.4	15771444	1.7405233995525504	1565190771	5758922	1592915844
SRX5252034	28833770	10729389	4.4	10729389	3.6412244780561256	1044209494	4138751	1083668289
SRX5252035	8623837	12168129	4.4	12168129	1.7100926299164216	1207964315	4461498	1228981029
SRX5252036	7272559	11099660	4.4	11099660	1.5703163184928883	1103461383	3965248	1121065660
SRX5252037	8091845	10478056	4.4	10478056	1.9051572691017729	1038121688	3751106	1058283656
SRX5252038	32492991	9138625	4.4	9138625	4.2460082591990345	883810421	3477877	923001125
SRX5252039	7248449	7625402	4.4	7625402	1.9844080234577912	754882374	2775652	770165602
SRX5252040	7704967	15234277	4.4	15234277	1.2898272197961775	1518815896	5355319	1538661977
SRX5252041	7293850	9695034	4.4	9695034	1.5632837501045267	963890784	3412731	979198434
SRX5252042	7596955	10518723	4.4	10518723	1.5735784318651949	1045673467	3743501	1062391023
SRX5252043	51740805	9722851	4.4	9722851	5.983030986680881	923254111	3843610	982007951
SRX5252044	8684102	9764983	4.4	9764983	2.0874199977695	965675826	3643912	986263283
SRX5252045	8143973	12777515	4.4	12777515	1.407006877718282	1272371183	4469549	1290529015
SRX5252046	6842135	8329302	4.4	8329302	1.5863467774536948	827914209	2931403	841259502
SRX5252047	35418733	7183329	4.4	7183329	5.558277594366535	685190023	2785400	725516229
SRX5252048	8627075	10188598	4.4	10188598	2.134578513769767	1007082552	3741079	1029048398
SRX5252049	8400728	12100915	4.4	12100915	1.5064128016209297	1203781152	4243330	1222192415
SRX5252050	7193467	9665305	4.4	9665305	1.4030628824511286	962499164	3338243	976195805
SRX5252051	35334313	8288440	4.4	8288440	4.967474919500193	795548096	3247222	837132440
SRX5252052	7703187	11145865	4.4	11145865	1.4522546839985364	1109383864	3954071	1125732365
SRX5252053	8183224	15401510	4.4	15401510	1.2675696174345152	1535834799	5422855	1555552510
SRX5252054	7613404	11250696	4.4	11250696	1.5540410623801795	1118661412	3997243	1136320296
SRX5252055	7706230	13551555	4.4	13551555	1.395842954868089	1349602054	4869858	1368707055
SRX5252056	8315678	15779162	4.4	15779162	1.2272273275273546	1574137097	5509354	1593695362
SRX5252057	6974906	14080833	4.4	14080833	1.4986690006757468	1400850600	5208688	1422164133
SRX5252058	7429838	15804604	4.4	15804604	1.3110183426661153	1575337677	5633900	1596265004
SRX5252059	7492071	15471581	4.4	15471581	1.3621339245507393	1541344572	5389244	1562629681
SRX5252060	7647273	10959515	4.4	10959515	1.510034842321991	1090196273	3899226	1106911015
SRX5252061	6656254	13313508	4.4	13313508	1.2920570507178213	1327290478	4734040	1344664308
SRX5329169	3499969	28716903	4.4	28716903	0.6314136660210191	2853558055	9609319	2871690300
SRX5329170	12336150	30836014	4.4	30836014	0.8902543305370143	3056149505	9282577	3083601400
SRX5329171	5230213	33390854	4.4	33390854	0.7291686220424312	3314737837	10980595	3339085400
SRX5329172	5448613	35368087	4.4	35368087	0.7827684884398752	3509123676	11551743	3536808700
SRX5329173	27381049	30923166	4.4	30923166	1.3307919053307802	3051164301	7888710	3092316600
SRX5329174	66258936	36900020	4.4	36900020	4.32417892998432	3530439711	12073240	3690002000
SRX5329175	4517730	33120928	4.4	33120928	0.6727380343932392	3289811092	11019476	3312092800
SRX5329176	4840479	33943858	4.4	33943858	0.7283152374724169	3369663971	11601748	3394385800
SRX5329177	19254832	32706613	4.4	32706613	1.1934406353846545	3231627899	10006056	3270661300
SRX5329178	16463154	28689523	4.4	28689523	1.002389827115634	2840194214	7365911	2868952300
SRX5329179	4120876	31484834	4.4	31484834	0.6583170805347107	3127756396	10599016	3148483400
SRX5329180	20371155	36930468	4.4	36930468	0.9955232627975362	3656281660	10159015	3693046800
SRX5329181	5316228	31802803	4.4	31802803	0.7761874637276469	3155595363	10428067	3180280300
SRX5329182	4834643	27609958	4.4	27609958	0.7301169382438032	2740837302	8876127	2760995800
SRX5329183	19845786	38199489	4.4	38199489	1.0858783477443898	3778468902	12097202	3819948900
SRX5329184	22297468	40683603	4.4	40683603	1.0440762584375822	4025883516	11086903	4068360300
SRX5329185	3555929	22561485	4.4	22561485	0.8292449278050624	2237439503	7779061	2256148500
SRX5329186	3472403	24039789	4.4	24039789	0.6860092241242217	2387487383	8174791	2403978900
SRX5329187	21716236	27226711	4.4	27226711	1.3024675657665739	2687209192	8174988	2722671100
SRX5329188	16969380	33164008	4.4	33164008	0.9822234393382127	3283826334	9314085	3316400800
SRX5329189	19845655	31343712	4.4	31343712	2.608708949342056	3052604578	10948835	3134371200
SRX5329190	22291026	36903184	4.4	36903184	1.0475048982223323	3651662134	9455623	3690318400
SRX5329191	5359905	37478678	4.4	37478678	0.7492401146059634	3719787271	12789133	3747867800
SRX5329192	20724289	34294248	4.4	34294248	3.029113366183157	3325543635	12900032	3429424800
SRX5329193	21994945	35305646	4.4	35305646	1.0707238439993423	3492762003	9706840	3530564600
SRX5329194	19193417	36487288	4.4	36487288	0.9612736907166134	3613654530	9646124	3648728800
SRX6700162	45342321	37358855	4.4	37358855	4.356176873159794	4502161087	17310679	4707215730
SRX6700163	200243203	34246837	4.4	34246837	6.943490822603512	4015482788	12799396	4315101462
SRX6700164	215759316	41675613	4.4	41675613	7.4378340553933455	4860557108	17960504	5251127238
SRX6700165	58574107	42557864	4.4	42557864	3.6591564683164863	5166076251	18884442	5362290864
SRX6700166	61885922	36763815	4.4	36763815	5.279267710072293	4387692303	17588898	4632240690
SRX6700168	179102520	39959781	4.4	39959781	6.23216974325355	4721146872	16877977	5034932406
SRX6700169	83701166	35372372	4.4	35372372	4.570477001045129	4253216420	16379644	4456918872
SRX6700170	195322550	41221985	4.4	41221985	6.801618964264698	4840696054	18075992	5193970110
SRX6700171	58711765	44531620	4.4	44531620	4.278876839879561	5370897020	19973729	5610984120
SRX6700172	63116606	40413883	4.4	40413883	4.093445192568234	4883704919	17905714	5092149258
SRX6700173	175346849	35211323	4.4	35211323	6.279590417773752	4158024713	14261727	4436626698
SRX6700174	228514603	41194230	4.4	41194230	6.660009277227756	4844786998	15908131	5190472980
SRX6700175	57208165	36758439	4.4	36758439	4.210824440432123	4436536314	16615783	4631563314
SRX6700176	53392983	41437418	4.4	41437418	4.788528138106773	4971100123	20125844	5221114668
SRX6700177	139545714	29425882	4.4	29425882	6.263906671393182	3475416699	12022951	3707661132
SRX6700178	161889422	29428781	4.4	29428781	6.740898732423968	3458072101	11556013	3708026406
SRX6700179	55324692	40557986	4.4	40557986	3.620302961429022	4925297668	17315485	5110306236
SRX6700180	250393802	48302062	4.4	48302062	6.740763017003356	5675812943	19937754	6086059812
SRX6700181	45347468	33933614	4.4	33933614	3.9856015420495527	4105225575	15138467	4275635364
SRX6700182	61517044	44142686	4.4	44142686	4.663894727117205	5302573617	20413515	5561978436
SRX6700183	131467871	30265252	4.4	30265252	6.5028077177653865	3565442268	13273390	3813421752
SRX6700184	209427136	40303368	4.4	40303368	6.625248878723824	4741779365	16846385	5078224368
SRX6700185	54156098	38994162	4.4	38994162	4.435032062752335	4695359560	17483769	4913264412
SRX6922015	3649769	9479933	4.4	9479933	1.365377301013977	1402574422	3330856	1421989950
SRX6922016	2792522	5830798	4.4	5830798	1.3709467097528218	862629130	2016147	874619700
SRX6922017	22926289	10739613	4.4	10739613	2.0988685532709606	1577130396	3384872	1610941950
SRX6922018	17562226	8107854	4.4	8107854	2.200035422443473	1189421751	2601805	1216178100
SRX6922019	3280997	14503864	4.4	14503864	1.0250334669437053	2153279181	4999616	2175579600
SRX6922020	10248303	8870399	4.4	8870399	1.6439194373706678	1308686518	3067167	1330559850
SRX6922021	2717720	10970213	4.4	10970213	1.0407267388518346	1628406459	3768739	1645531950
SRX6922023	21049610	8890888	4.4	8890888	2.3286498866404948	1302577552	2836861	1333633200
SRX6922024	19015385	9580513	4.4	9580513	2.218980271028632	1405188496	3136468	1437076950
SRX6922025	3152386	9433735	4.4	9433735	1.2123693673113918	1397904493	3349174	1415060250
SRX6922026	12968060	11954856	4.4	11954856	1.4889105593018714	1766528833	3430379	1793228400
SRX6922027	50759227	11997303	4.4	11997303	3.571513364295292	1735322658	3111032	1799595450
SRX6922028	41753756	9979435	4.4	9979435	3.5871492390768283	1443218666	2595047	1496915250
SRX6922029	3051624	9439806	4.4	9439806	1.0164998447355098	1401577558	3279208	1415970900
SRX7101023	63628141	38601924	4.4	38601924	4.707782839964801	4634863285	17820560	4863842424
SRX7101024	110722357	35458017	4.4	35458017	5.938443152474326	4202397715	16880773	4467710142
SRX7101025	381811929	36397642	4.4	36397642	10.339701837635962	4111913527	13647270	4586102892
SRX7101026	196487829	32142905	4.4	32142905	7.168519524401795	3759680557	12554856	4050006030
SRX7101027	107112676	36165886	4.4	36165886	4.798419243298321	4338242391	15815209	4556901636
SRX7101028	91323508	38587949	4.4	38587949	4.996346653232848	4619155124	17157201	4862081574
SRX7101029	233626021	41120555	4.4	41120555	7.17635083877344	4809369563	16735989	5181189930
SRX7101030	59741976	36471868	4.4	36471868	3.823583647956778	4419744288	15340471	4595455368
SRX7101031	202847121	35245167	4.4	35245167	6.865902813564233	4135983779	13709073	4440891042
SRX7101032	208679646	38476340	4.4	38476340	6.632430949876424	4526477338	15375151	4848018840
SRX7101033	64639578	38077568	4.4	38077568	4.809904338528383	4567005249	17364126	4797773568
SRX7101034	69900943	40397480	4.4	40397480	5.137644134992485	4828572156	18865750	5090082480
SRX7101035	185592443	34433857	4.4	34433857	6.901708088207468	4039223921	15525438	4338665982
SRX7101036	451341599	79431504	4.4	79431504	7.255560332177617	8729229598	32180367	9412132554
SRX7101037	437198183	71594379	4.4	71594379	7.2418603328399636	7653456043	27856035	8250980529
SRX7101038	457821280	80131547	4.4	80131547	6.917494425832683	8900141665	31065902	9561562197
SRX7101039	450866701	81185554	4.4	81185554	7.24512133761931	8878296917	32999361	9571784304
SRX7101040	470193781	83253400	4.4	83253400	7.517294076751792	9165933193	35034406	9910969950
SRX7101041	241423447	69879896	4.4	69879896	5.464782984916902	7828027826	28197443	8280541446
SRX7551986	4458627	6757618	4.4	6757618	1.2589743900883417	1000881198	2217195	1013642700
SRX7551987	833636	6423648	4.4	6423648	0.913650000747239	954743751	2218441	963547200
SRX7551988	401421	4264158	4.4	4264158	1.0722495117050854	632765338	1505424	639623700
SRX7551989	4018576	5796894	4.4	5796894	1.4000801118668031	857359926	1914095	869534100
SRX7551990	576719	6033161	4.4	6033161	1.2106825371752332	894017786	2153642	904974150
SRX7551991	3950128	5273755	4.4	5273755	1.4480914136764664	779607931	1739375	791063250
SRX8694706	433986	3830848	4.4	3830848	0.6923633270405577	570648692	1216212	574627200
SRX8694707	238333	4391994	4.4	4391994	0.5909693865702002	654905799	1526039	658799100
SRX8694708	208387	4378565	4.4	4378565	0.6280692418634872	652659687	1537155	656784750
SRX8694709	362379	4243471	4.4	4243471	0.6533767600469835	632361772	1335971	636520650
SRX8694710	236403	5316375	4.4	5316375	0.6634943296262334	792165173	1870491	797456250
SRX8694711	386043	4168553	4.4	4168553	0.6400177711546429	621281028	1301772	625282950
SRX8694712	760620	4957862	4.4	4957862	0.664688932447091	738736146	1537320	743679300
SRX8694713	200199	3869558	4.4	3869558	0.7005194563995853	576367649	1372377	580433700
SRX8694714	202921	4182219	4.4	4182219	0.6529831810975625	623236472	1494618	627332850
SRX8694715	478194	4433007	4.4	4433007	0.6857130310569478	660391394	1400440	664951050
SRX8694716	590939	4130502	4.4	4130502	0.7489998390833205	614934682	1309778	619575300
SRX8694717	237398	4957663	4.4	4957663	0.7358346059423563	738177420	1779673	743649450
SRX8694718	199514	4258353	4.4	4258353	0.632581501189153	634712317	1513293	638752950
SRX8694719	555525	4146953	4.4	4146953	0.7186878333722776	617572403	1323404	622042950
SRX8694720	173754	3749418	4.4	3749418	0.7270826210005571	558323495	1335452	562412700
SRX8694721	527323	4175584	4.4	4175584	0.7270832854358417	621783604	1315832	626337600
SRX8694722	587288	4699736	4.4	4699736	0.722554628600415	699866676	1469479	704960400
SRX8694723	193352	4305060	4.4	4305060	0.5590283681683105	642149024	1506996	645759000
SRX8694724	198126	4218356	4.4	4218356	0.6492211657811716	628645431	1506324	632753400
SRX8694725	518759	4386738	4.4	4386738	0.7005952942710506	653400708	1378499	658010700
SRX8694726	545009	5221117	4.4	5221117	0.5231985160774345	779070029	1589469	783167550
SRX8694727	231689	5404286	4.4	5404286	0.6292816479364711	805541673	1922999	810642900
SRX8694728	218515	5242710	4.4	5242710	0.6377555373715756	781391149	1869617	786406500
SRX8694729	1000428	12544733	4.4	12544733	0.6116680734987876	1870200131	3884025	1881709950
