
SUMMARISING RUN PARAMETERS
==========================
Input filename: SRX6700165_1.fastq.gz
Trimming mode: paired-end
Trim Galore version: 0.6.10
Cutadapt version: 4.4
Python version: could not detect
Number of cores used for trimming: 4
Quality Phred score cutoff: 20
Quality encoding type selected: ASCII+33
Using Illumina adapter for trimming (count: 97126). Second best hit was Nextera (count: 257)
Adapter sequence: 'AGATCGGAAGAGC' (Illumina TruSeq, Sanger iPCR; auto-detected)
Maximum trimming error rate: 0.1 (default)
Minimum required adapter overlap (stringency): 1 bp
Minimum required sequence length for both reads before a sequence pair gets removed: 20 bp
Running FastQC on the data once trimming has completed
Output file will be GZIP compressed


This is cutadapt 4.4 with Python 3.7.16
Command line parameters: -j 4 -e 0.1 -q 20 -O 1 -a AGATCGGAAGAGC SRX6700165_1.fastq.gz
Processing single-end reads on 4 cores ...
Finished in 282.195 s (6.631 µs/read; 9.05 M reads/minute).

=== Summary ===

Total reads processed:              42,557,864
Reads with adapters:                18,884,442 (44.4%)
Reads written (passing filters):    42,557,864 (100.0%)

Total basepairs processed: 5,362,290,864 bp
Quality-trimmed:              58,574,107 bp (1.1%)
Total written (filtered):  5,166,076,251 bp (96.3%)

=== Adapter 1 ===

Sequence: AGATCGGAAGAGC; Type: regular 3'; Length: 13; Trimmed: 18884442 times

Minimum overlap: 1
No. of allowed errors:
1-9 bp: 0; 10-13 bp: 1

Bases preceding removed adapters:
  A: 29.6%
  C: 28.0%
  G: 26.3%
  T: 16.0%
  none/other: 0.0%

Overview of removed sequences
length	count	expect	max.err	error counts
1	9224834	10639466.0	0	9224834
2	1992376	2659866.5	0	1992376
3	936821	664966.6	0	936821
4	346539	166241.7	0	346539
5	337449	41560.4	0	337449
6	314893	10390.1	0	314893
7	333252	2597.5	0	333252
8	261181	649.4	0	261181
9	312600	162.3	0	311778 822
10	256805	40.6	1	252175 4630
11	208121	10.1	1	204212 3909
12	263570	2.5	1	259184 4386
13	264900	0.6	1	259953 4947
14	206903	0.6	1	202869 4034
15	244590	0.6	1	239392 5198
16	182731	0.6	1	178633 4098
17	234497	0.6	1	228529 5968
18	207584	0.6	1	203284 4300
19	185376	0.6	1	181581 3795
20	209850	0.6	1	205076 4774
21	167344	0.6	1	163815 3529
22	168721	0.6	1	165104 3617
23	153714	0.6	1	150821 2893
24	162165	0.6	1	158746 3419
25	178003	0.6	1	174105 3898
26	85939	0.6	1	84103 1836
27	129108	0.6	1	126318 2790
28	143105	0.6	1	140090 3015
29	95604	0.6	1	93399 2205
30	96234	0.6	1	94409 1825
31	90897	0.6	1	89143 1754
32	107259	0.6	1	105269 1990
33	52188	0.6	1	51022 1166
34	87269	0.6	1	85496 1773
35	61296	0.6	1	60095 1201
36	62331	0.6	1	61027 1304
37	50374	0.6	1	49393 981
38	73673	0.6	1	72291 1382
39	38605	0.6	1	38025 580
40	43945	0.6	1	43342 603
41	63909	0.6	1	63156 753
42	14271	0.6	1	14025 246
43	16362	0.6	1	15832 530
44	13879	0.6	1	13526 353
45	21974	0.6	1	21499 475
46	17701	0.6	1	17382 319
47	20212	0.6	1	19769 443
48	14147	0.6	1	13922 225
49	15960	0.6	1	15724 236
50	11639	0.6	1	11482 157
51	12577	0.6	1	12344 233
52	12479	0.6	1	12296 183
53	10134	0.6	1	9982 152
54	6097	0.6	1	5973 124
55	8556	0.6	1	8427 129
56	5430	0.6	1	5293 137
57	5679	0.6	1	5441 238
58	5027	0.6	1	4589 438
59	3974	0.6	1	3848 126
60	2840	0.6	1	2743 97
61	3923	0.6	1	3845 78
62	2733	0.6	1	2693 40
63	2931	0.6	1	2883 48
64	2069	0.6	1	2023 46
65	1891	0.6	1	1813 78
66	1781	0.6	1	1716 65
67	1406	0.6	1	1360 46
68	1211	0.6	1	1180 31
69	1066	0.6	1	1043 23
70	873	0.6	1	850 23
71	825	0.6	1	786 39
72	932	0.6	1	845 87
73	1361	0.6	1	999 362
74	2280	0.6	1	2168 112
75	756	0.6	1	685 71
76	233	0.6	1	187 46
77	125	0.6	1	72 53
78	82	0.6	1	21 61
79	77	0.6	1	15 62
80	152	0.6	1	6 146
81	37	0.6	1	11 26
82	14	0.6	1	4 10
83	9	0.6	1	2 7
84	18	0.6	1	1 17
85	17	0.6	1	2 15
86	23	0.6	1	0 23
87	68	0.6	1	1 67
88	22	0.6	1	2 20
89	33	0.6	1	0 33
90	41	0.6	1	1 40
91	143	0.6	1	0 143
92	143	0.6	1	0 143
93	162	0.6	1	1 161
94	243	0.6	1	0 243
95	321	0.6	1	1 320
96	45	0.6	1	0 45
97	43	0.6	1	0 43
98	40	0.6	1	0 40
99	122	0.6	1	0 122
100	201	0.6	1	0 201
101	6	0.6	1	1 5
102	15	0.6	1	0 15
103	16	0.6	1	0 16
104	44	0.6	1	0 44
105	38	0.6	1	0 38
106	19	0.6	1	0 19
107	11	0.6	1	0 11
108	9	0.6	1	0 9
109	6	0.6	1	0 6
110	5	0.6	1	0 5
111	16	0.6	1	0 16
112	22	0.6	1	0 22
113	16	0.6	1	0 16
114	25	0.6	1	0 25
115	37	0.6	1	0 37
116	28	0.6	1	0 28
117	28	0.6	1	0 28
118	32	0.6	1	0 32
119	28	0.6	1	0 28
120	25	0.6	1	0 25
121	34	0.6	1	0 34
122	19	0.6	1	1 18
123	12	0.6	1	0 12
124	1	0.6	1	0 1
125	2	0.6	1	0 2
126	3	0.6	1	0 3

RUN STATISTICS FOR INPUT FILE: SRX6700165_1.fastq.gz
=============================================
42557864 sequences processed in total

