
SUMMARISING RUN PARAMETERS
==========================
Input filename: SRX6700180_1.fastq.gz
Trimming mode: paired-end
Trim Galore version: 0.6.10
Cutadapt version: 4.4
Python version: could not detect
Number of cores used for trimming: 4
Quality Phred score cutoff: 20
Quality encoding type selected: ASCII+33
Using Illumina adapter for trimming (count: 116574). Second best hit was Nextera (count: 61)
Adapter sequence: 'AGATCGGAAGAGC' (Illumina TruSeq, Sanger iPCR; auto-detected)
Maximum trimming error rate: 0.1 (default)
Minimum required adapter overlap (stringency): 1 bp
Minimum required sequence length for both reads before a sequence pair gets removed: 20 bp
Running FastQC on the data once trimming has completed
Output file will be GZIP compressed


This is cutadapt 4.4 with Python 3.7.16
Command line parameters: -j 4 -e 0.1 -q 20 -O 1 -a AGATCGGAAGAGC SRX6700180_1.fastq.gz
Processing single-end reads on 4 cores ...
Finished in 305.167 s (6.318 µs/read; 9.50 M reads/minute).

=== Summary ===

Total reads processed:              48,302,062
Reads with adapters:                21,447,289 (44.4%)
Reads written (passing filters):    48,302,062 (100.0%)

Total basepairs processed: 6,086,059,812 bp
Quality-trimmed:              65,684,299 bp (1.1%)
Total written (filtered):  5,837,577,320 bp (95.9%)

=== Adapter 1 ===

Sequence: AGATCGGAAGAGC; Type: regular 3'; Length: 13; Trimmed: 21447289 times

Minimum overlap: 1
No. of allowed errors:
1-9 bp: 0; 10-13 bp: 1

Bases preceding removed adapters:
  A: 24.9%
  C: 27.2%
  G: 30.9%
  T: 17.0%
  none/other: 0.0%

Overview of removed sequences
length	count	expect	max.err	error counts
1	8904905	12075515.5	0	8904905
2	2511341	3018878.9	0	2511341
3	998300	754719.7	0	998300
4	443034	188679.9	0	443034
5	410752	47170.0	0	410752
6	404804	11792.5	0	404804
7	446214	2948.1	0	446214
8	361196	737.0	0	361196
9	451093	184.3	0	450563 530
10	327320	46.1	1	321096 6224
11	274703	11.5	1	269971 4732
12	345827	2.9	1	339783 6044
13	353818	0.7	1	346905 6913
14	264674	0.7	1	259295 5379
15	321028	0.7	1	314263 6765
16	254027	0.7	1	248561 5466
17	299461	0.7	1	291897 7564
18	267360	0.7	1	261838 5522
19	248613	0.7	1	243388 5225
20	267018	0.7	1	261189 5829
21	229533	0.7	1	224625 4908
22	229106	0.7	1	224330 4776
23	207638	0.7	1	203661 3977
24	217727	0.7	1	213116 4611
25	247512	0.7	1	242194 5318
26	124781	0.7	1	122182 2599
27	185997	0.7	1	181942 4055
28	194083	0.7	1	189935 4148
29	128868	0.7	1	125934 2934
30	134166	0.7	1	131470 2696
31	129842	0.7	1	127231 2611
32	154422	0.7	1	151481 2941
33	70428	0.7	1	68828 1600
34	107422	0.7	1	105121 2301
35	116928	0.7	1	114496 2432
36	88061	0.7	1	85982 2079
37	74536	0.7	1	73070 1466
38	94107	0.7	1	92481 1626
39	45109	0.7	1	44348 761
40	67344	0.7	1	66269 1075
41	115419	0.7	1	113886 1533
42	14232	0.7	1	13952 280
43	23286	0.7	1	23016 270
44	13112	0.7	1	12937 175
45	29749	0.7	1	29411 338
46	27218	0.7	1	26899 319
47	27441	0.7	1	27019 422
48	21452	0.7	1	21176 276
49	21680	0.7	1	21406 274
50	16258	0.7	1	16030 228
51	17275	0.7	1	17053 222
52	17466	0.7	1	17245 221
53	13936	0.7	1	13761 175
54	7712	0.7	1	7605 107
55	11608	0.7	1	11481 127
56	7035	0.7	1	6949 86
57	6853	0.7	1	6755 98
58	6391	0.7	1	6300 91
59	4985	0.7	1	4917 68
60	4106	0.7	1	4051 55
61	5586	0.7	1	5504 82
62	3732	0.7	1	3690 42
63	3882	0.7	1	3839 43
64	2786	0.7	1	2757 29
65	2382	0.7	1	2343 39
66	2252	0.7	1	2207 45
67	2043	0.7	1	2011 32
68	1768	0.7	1	1738 30
69	1538	0.7	1	1508 30
70	1433	0.7	1	1406 27
71	1329	0.7	1	1294 35
72	1277	0.7	1	1225 52
73	1703	0.7	1	1422 281
74	3054	0.7	1	2942 112
75	1219	0.7	1	1182 37
76	361	0.7	1	350 11
77	152	0.7	1	141 11
78	78	0.7	1	69 9
79	45	0.7	1	32 13
80	28	0.7	1	16 12
81	16	0.7	1	12 4
82	14	0.7	1	13 1
83	5	0.7	1	3 2
84	11	0.7	1	5 6
85	8	0.7	1	3 5
86	5	0.7	1	1 4
87	10	0.7	1	4 6
88	3	0.7	1	1 2
89	6	0.7	1	0 6
90	3	0.7	1	1 2
91	11	0.7	1	0 11
92	12	0.7	1	0 12
93	9	0.7	1	0 9
94	19	0.7	1	0 19
95	18	0.7	1	0 18
96	8	0.7	1	1 7
97	4	0.7	1	0 4
98	7	0.7	1	1 6
99	7	0.7	1	0 7
100	18	0.7	1	0 18
101	1	0.7	1	0 1
102	2	0.7	1	1 1
103	2	0.7	1	0 2
104	10	0.7	1	0 10
105	9	0.7	1	0 9
106	4	0.7	1	0 4
107	3	0.7	1	0 3
110	1	0.7	1	0 1
111	4	0.7	1	0 4
112	5	0.7	1	0 5
113	4	0.7	1	0 4
114	9	0.7	1	0 9
115	7	0.7	1	0 7
116	5	0.7	1	0 5
117	15	0.7	1	0 15
118	7	0.7	1	0 7
119	11	0.7	1	0 11
120	9	0.7	1	0 9
121	12	0.7	1	0 12
122	5	0.7	1	0 5
123	5	0.7	1	0 5
124	1	0.7	1	0 1
125	1	0.7	1	0 1
126	3	0.7	1	0 3

RUN STATISTICS FOR INPUT FILE: SRX6700180_1.fastq.gz
=============================================
48302062 sequences processed in total

