
SUMMARISING RUN PARAMETERS
==========================
Input filename: SRX6700174_1.fastq.gz
Trimming mode: paired-end
Trim Galore version: 0.6.10
Cutadapt version: 4.4
Python version: could not detect
Number of cores used for trimming: 4
Quality Phred score cutoff: 20
Quality encoding type selected: ASCII+33
Using Illumina adapter for trimming (count: 99118). Second best hit was Nextera (count: 337)
Adapter sequence: 'AGATCGGAAGAGC' (Illumina TruSeq, Sanger iPCR; auto-detected)
Maximum trimming error rate: 0.1 (default)
Minimum required adapter overlap (stringency): 1 bp
Minimum required sequence length for both reads before a sequence pair gets removed: 20 bp
Running FastQC on the data once trimming has completed
Output file will be GZIP compressed


This is cutadapt 4.4 with Python 3.7.16
Command line parameters: -j 4 -e 0.1 -q 20 -O 1 -a AGATCGGAAGAGC SRX6700174_1.fastq.gz
Processing single-end reads on 4 cores ...
Finished in 277.826 s (6.744 µs/read; 8.90 M reads/minute).

=== Summary ===

Total reads processed:              41,194,230
Reads with adapters:                18,092,463 (43.9%)
Reads written (passing filters):    41,194,230 (100.0%)

Total basepairs processed: 5,190,472,980 bp
Quality-trimmed:              59,603,405 bp (1.1%)
Total written (filtered):  4,994,807,201 bp (96.2%)

=== Adapter 1 ===

Sequence: AGATCGGAAGAGC; Type: regular 3'; Length: 13; Trimmed: 18092463 times

Minimum overlap: 1
No. of allowed errors:
1-9 bp: 0; 10-13 bp: 1

Bases preceding removed adapters:
  A: 29.0%
  C: 28.6%
  G: 26.1%
  T: 16.4%
  none/other: 0.0%

Overview of removed sequences
length	count	expect	max.err	error counts
1	8811866	10298557.5	0	8811866
2	1899743	2574639.4	0	1899743
3	871280	643659.8	0	871280
4	334818	160915.0	0	334818
5	311453	40228.7	0	311453
6	295301	10057.2	0	295301
7	293619	2514.3	0	293619
8	244557	628.6	0	244557
9	309962	157.1	0	309098 864
10	219909	39.3	1	215293 4616
11	213396	9.8	1	209081 4315
12	248040	2.5	1	243570 4470
13	246927	0.6	1	242037 4890
14	203930	0.6	1	199696 4234
15	208791	0.6	1	204083 4708
16	207555	0.6	1	202465 5090
17	220002	0.6	1	213778 6224
18	225010	0.6	1	219990 5020
19	155591	0.6	1	152425 3166
20	211041	0.6	1	206523 4518
21	135265	0.6	1	132630 2635
22	154232	0.6	1	151328 2904
23	149456	0.6	1	146544 2912
24	159371	0.6	1	156042 3329
25	172693	0.6	1	169007 3686
26	84988	0.6	1	83220 1768
27	126937	0.6	1	124043 2894
28	138191	0.6	1	135263 2928
29	96314	0.6	1	94194 2120
30	90300	0.6	1	88667 1633
31	106846	0.6	1	104410 2436
32	116445	0.6	1	114179 2266
33	44719	0.6	1	43554 1165
34	86932	0.6	1	84913 2019
35	63221	0.6	1	62004 1217
36	61169	0.6	1	59987 1182
37	72815	0.6	1	71493 1322
38	47071	0.6	1	46332 739
39	43135	0.6	1	42466 669
40	57715	0.6	1	56735 980
41	86675	0.6	1	85434 1241
42	10410	0.6	1	10188 222
43	18785	0.6	1	18491 294
44	9039	0.6	1	8874 165
45	22749	0.6	1	22479 270
46	19513	0.6	1	19245 268
47	21304	0.6	1	20969 335
48	16235	0.6	1	16015 220
49	17194	0.6	1	16965 229
50	12934	0.6	1	12782 152
51	14365	0.6	1	14125 240
52	14940	0.6	1	14693 247
53	12145	0.6	1	11977 168
54	6405	0.6	1	6307 98
55	10693	0.6	1	10542 151
56	5729	0.6	1	5634 95
57	5881	0.6	1	5753 128
58	5835	0.6	1	5687 148
59	4185	0.6	1	4090 95
60	3347	0.6	1	3262 85
61	5140	0.6	1	5066 74
62	3096	0.6	1	3032 64
63	3397	0.6	1	3354 43
64	2529	0.6	1	2487 42
65	2062	0.6	1	2005 57
66	2089	0.6	1	2029 60
67	1842	0.6	1	1796 46
68	1596	0.6	1	1556 40
69	1409	0.6	1	1380 29
70	1220	0.6	1	1187 33
71	1128	0.6	1	1066 62
72	1106	0.6	1	1010 96
73	1739	0.6	1	1256 483
74	2523	0.6	1	2389 134
75	1040	0.6	1	991 49
76	317	0.6	1	285 32
77	145	0.6	1	121 24
78	67	0.6	1	46 21
79	55	0.6	1	23 32
80	54	0.6	1	16 38
81	15	0.6	1	3 12
82	13	0.6	1	7 6
83	9	0.6	1	2 7
84	12	0.6	1	3 9
85	11	0.6	1	2 9
86	13	0.6	1	2 11
87	38	0.6	1	1 37
88	17	0.6	1	0 17
89	17	0.6	1	0 17
90	11	0.6	1	0 11
91	61	0.6	1	0 61
92	50	0.6	1	2 48
93	34	0.6	1	0 34
94	70	0.6	1	0 70
95	74	0.6	1	0 74
96	21	0.6	1	0 21
97	16	0.6	1	0 16
98	25	0.6	1	0 25
99	35	0.6	1	2 33
100	52	0.6	1	3 49
101	6	0.6	1	0 6
102	10	0.6	1	1 9
103	18	0.6	1	0 18
104	27	0.6	1	0 27
105	29	0.6	1	1 28
106	12	0.6	1	0 12
107	10	0.6	1	1 9
108	3	0.6	1	0 3
109	4	0.6	1	0 4
110	8	0.6	1	0 8
111	9	0.6	1	0 9
112	9	0.6	1	0 9
113	17	0.6	1	0 17
114	15	0.6	1	0 15
115	26	0.6	1	0 26
116	24	0.6	1	1 23
117	29	0.6	1	1 28
118	13	0.6	1	0 13
119	15	0.6	1	0 15
120	12	0.6	1	0 12
121	22	0.6	1	0 22
122	13	0.6	1	0 13
123	8	0.6	1	0 8
124	3	0.6	1	0 3
125	2	0.6	1	0 2
126	2	0.6	1	0 2

RUN STATISTICS FOR INPUT FILE: SRX6700174_1.fastq.gz
=============================================
41194230 sequences processed in total

