
SUMMARISING RUN PARAMETERS
==========================
Input filename: SRX6700168_1.fastq.gz
Trimming mode: paired-end
Trim Galore version: 0.6.10
Cutadapt version: 4.4
Python version: could not detect
Number of cores used for trimming: 4
Quality Phred score cutoff: 20
Quality encoding type selected: ASCII+33
Using Illumina adapter for trimming (count: 116097). Second best hit was Nextera (count: 191)
Adapter sequence: 'AGATCGGAAGAGC' (Illumina TruSeq, Sanger iPCR; auto-detected)
Maximum trimming error rate: 0.1 (default)
Minimum required adapter overlap (stringency): 1 bp
Minimum required sequence length for both reads before a sequence pair gets removed: 20 bp
Running FastQC on the data once trimming has completed
Output file will be GZIP compressed


This is cutadapt 4.4 with Python 3.7.16
Command line parameters: -j 4 -e 0.1 -q 20 -O 1 -a AGATCGGAAGAGC SRX6700168_1.fastq.gz
Processing single-end reads on 4 cores ...
Finished in 250.666 s (6.273 µs/read; 9.56 M reads/minute).

=== Summary ===

Total reads processed:              39,959,781
Reads with adapters:                17,832,379 (44.6%)
Reads written (passing filters):    39,959,781 (100.0%)

Total basepairs processed: 5,034,932,406 bp
Quality-trimmed:              47,070,017 bp (0.9%)
Total written (filtered):  4,836,426,015 bp (96.1%)

=== Adapter 1 ===

Sequence: AGATCGGAAGAGC; Type: regular 3'; Length: 13; Trimmed: 17832379 times

Minimum overlap: 1
No. of allowed errors:
1-9 bp: 0; 10-13 bp: 1

Bases preceding removed adapters:
  A: 26.4%
  C: 28.0%
  G: 27.9%
  T: 17.7%
  none/other: 0.0%

Overview of removed sequences
length	count	expect	max.err	error counts
1	7728139	9989945.2	0	7728139
2	1868722	2497486.3	0	1868722
3	822863	624371.6	0	822863
4	381853	156092.9	0	381853
5	338398	39023.2	0	338398
6	325937	9755.8	0	325937
7	354953	2439.0	0	354953
8	274378	609.7	0	274378
9	321498	152.4	0	320883 615
10	287083	38.1	1	281688 5395
11	217242	9.5	1	213575 3667
12	279941	2.4	1	275614 4327
13	300264	0.6	1	295086 5178
14	213644	0.6	1	209768 3876
15	278482	0.6	1	273250 5232
16	191055	0.6	1	187334 3721
17	247016	0.6	1	241675 5341
18	217367	0.6	1	213468 3899
19	210988	0.6	1	206985 4003
20	219539	0.6	1	215119 4420
21	195686	0.6	1	191924 3762
22	197217	0.6	1	193188 4029
23	169384	0.6	1	166488 2896
24	178206	0.6	1	174790 3416
25	199457	0.6	1	195408 4049
26	105996	0.6	1	103944 2052
27	152061	0.6	1	148796 3265
28	165274	0.6	1	161731 3543
29	105804	0.6	1	103261 2543
30	115987	0.6	1	113763 2224
31	108704	0.6	1	106595 2109
32	136807	0.6	1	134410 2397
33	52819	0.6	1	51592 1227
34	89324	0.6	1	87533 1791
35	101707	0.6	1	99546 2161
36	61690	0.6	1	60519 1171
37	72381	0.6	1	71121 1260
38	43860	0.6	1	43074 786
39	59817	0.6	1	58799 1018
40	57992	0.6	1	57026 966
41	87521	0.6	1	86186 1335
42	18986	0.6	1	18593 393
43	18841	0.6	1	18464 377
44	16968	0.6	1	16654 314
45	26056	0.6	1	25635 421
46	22136	0.6	1	21803 333
47	24576	0.6	1	24146 430
48	16659	0.6	1	16423 236
49	19066	0.6	1	18778 288
50	13993	0.6	1	13796 197
51	14799	0.6	1	14553 246
52	14739	0.6	1	14541 198
53	12455	0.6	1	12282 173
54	7341	0.6	1	7218 123
55	10139	0.6	1	9997 142
56	6634	0.6	1	6526 108
57	6574	0.6	1	6420 154
58	5443	0.6	1	5230 213
59	4544	0.6	1	4440 104
60	3426	0.6	1	3350 76
61	4691	0.6	1	4627 64
62	3284	0.6	1	3231 53
63	3448	0.6	1	3417 31
64	2550	0.6	1	2507 43
65	2232	0.6	1	2172 60
66	2013	0.6	1	1971 42
67	1679	0.6	1	1649 30
68	1514	0.6	1	1477 37
69	1273	0.6	1	1240 33
70	1136	0.6	1	1116 20
71	1017	0.6	1	998 19
72	1021	0.6	1	963 58
73	1438	0.6	1	1163 275
74	2489	0.6	1	2418 71
75	736	0.6	1	707 29
76	227	0.6	1	204 23
77	111	0.6	1	84 27
78	62	0.6	1	30 32
79	41	0.6	1	14 27
80	80	0.6	1	8 72
81	20	0.6	1	9 11
82	11	0.6	1	6 5
83	3	0.6	1	1 2
84	7	0.6	1	3 4
85	10	0.6	1	1 9
86	15	0.6	1	3 12
87	17	0.6	1	1 16
88	8	0.6	1	1 7
89	14	0.6	1	1 13
90	12	0.6	1	0 12
91	58	0.6	1	1 57
92	44	0.6	1	2 42
93	54	0.6	1	0 54
94	87	0.6	1	0 87
95	101	0.6	1	0 101
96	19	0.6	1	0 19
97	14	0.6	1	1 13
98	27	0.6	1	0 27
99	50	0.6	1	0 50
100	86	0.6	1	0 86
101	5	0.6	1	1 4
102	8	0.6	1	1 7
103	9	0.6	1	1 8
104	10	0.6	1	0 10
105	10	0.6	1	0 10
106	7	0.6	1	0 7
107	1	0.6	1	0 1
108	3	0.6	1	0 3
109	5	0.6	1	0 5
110	1	0.6	1	0 1
111	5	0.6	1	0 5
112	15	0.6	1	0 15
113	6	0.6	1	0 6
114	13	0.6	1	0 13
115	19	0.6	1	0 19
116	17	0.6	1	0 17
117	27	0.6	1	0 27
118	11	0.6	1	0 11
119	12	0.6	1	1 11
120	13	0.6	1	0 13
121	24	0.6	1	0 24
122	15	0.6	1	1 14
123	5	0.6	1	1 4
124	3	0.6	1	0 3
125	1	0.6	1	0 1
126	4	0.6	1	0 4

RUN STATISTICS FOR INPUT FILE: SRX6700168_1.fastq.gz
=============================================
39959781 sequences processed in total

