
SUMMARISING RUN PARAMETERS
==========================
Input filename: SRX6700179_1.fastq.gz
Trimming mode: paired-end
Trim Galore version: 0.6.10
Cutadapt version: 4.4
Python version: could not detect
Number of cores used for trimming: 4
Quality Phred score cutoff: 20
Quality encoding type selected: ASCII+33
Using Illumina adapter for trimming (count: 95709). Second best hit was Nextera (count: 219)
Adapter sequence: 'AGATCGGAAGAGC' (Illumina TruSeq, Sanger iPCR; auto-detected)
Maximum trimming error rate: 0.1 (default)
Minimum required adapter overlap (stringency): 1 bp
Minimum required sequence length for both reads before a sequence pair gets removed: 20 bp
Running FastQC on the data once trimming has completed
Output file will be GZIP compressed


This is cutadapt 4.4 with Python 3.7.16
Command line parameters: -j 4 -e 0.1 -q 20 -O 1 -a AGATCGGAAGAGC SRX6700179_1.fastq.gz
Processing single-end reads on 4 cores ...
Finished in 271.154 s (6.686 µs/read; 8.97 M reads/minute).

=== Summary ===

Total reads processed:              40,557,986
Reads with adapters:                17,315,485 (42.7%)
Reads written (passing filters):    40,557,986 (100.0%)

Total basepairs processed: 5,110,306,236 bp
Quality-trimmed:              55,324,692 bp (1.1%)
Total written (filtered):  4,925,297,668 bp (96.4%)

=== Adapter 1 ===

Sequence: AGATCGGAAGAGC; Type: regular 3'; Length: 13; Trimmed: 17315485 times

Minimum overlap: 1
No. of allowed errors:
1-9 bp: 0; 10-13 bp: 1

Bases preceding removed adapters:
  A: 27.4%
  C: 27.6%
  G: 28.3%
  T: 16.7%
  none/other: 0.0%

Overview of removed sequences
length	count	expect	max.err	error counts
1	8105732	10139496.5	0	8105732
2	2032171	2534874.1	0	2032171
3	841024	633718.5	0	841024
4	340730	158429.6	0	340730
5	312565	39607.4	0	312565
6	296589	9901.9	0	296589
7	308368	2475.5	0	308368
8	249704	618.9	0	249704
9	316106	154.7	0	315457 649
10	222164	38.7	1	218302 3862
11	198176	9.7	1	194977 3199
12	244684	2.4	1	240886 3798
13	247059	0.6	1	242646 4413
14	185419	0.6	1	182206 3213
15	224349	0.6	1	219992 4357
16	177649	0.6	1	173898 3751
17	209633	0.6	1	204828 4805
18	183507	0.6	1	180119 3388
19	177036	0.6	1	173812 3224
20	183773	0.6	1	179996 3777
21	168755	0.6	1	165330 3425
22	162811	0.6	1	159521 3290
23	140812	0.6	1	138364 2448
24	151161	0.6	1	148150 3011
25	163299	0.6	1	160025 3274
26	84621	0.6	1	83076 1545
27	125161	0.6	1	122544 2617
28	130836	0.6	1	128226 2610
29	91538	0.6	1	89588 1950
30	88423	0.6	1	86870 1553
31	91146	0.6	1	89390 1756
32	108959	0.6	1	106941 2018
33	47371	0.6	1	46311 1060
34	77517	0.6	1	76028 1489
35	66635	0.6	1	65460 1175
36	68905	0.6	1	67575 1330
37	36036	0.6	1	35448 588
38	51994	0.6	1	51176 818
39	44001	0.6	1	43389 612
40	47324	0.6	1	46572 752
41	82778	0.6	1	81866 912
42	10711	0.6	1	10560 151
43	11704	0.6	1	11540 164
44	8636	0.6	1	8517 119
45	18848	0.6	1	18663 185
46	19216	0.6	1	18959 257
47	18669	0.6	1	18440 229
48	14987	0.6	1	14839 148
49	14846	0.6	1	14667 179
50	11980	0.6	1	11839 141
51	12286	0.6	1	12106 180
52	11598	0.6	1	11454 144
53	10387	0.6	1	10276 111
54	5879	0.6	1	5804 75
55	8491	0.6	1	8398 93
56	5206	0.6	1	5137 69
57	5269	0.6	1	5187 82
58	4612	0.6	1	4516 96
59	3628	0.6	1	3564 64
60	3056	0.6	1	3005 51
61	4074	0.6	1	4028 46
62	2787	0.6	1	2757 30
63	2883	0.6	1	2847 36
64	2177	0.6	1	2144 33
65	2014	0.6	1	1971 43
66	1840	0.6	1	1799 41
67	1535	0.6	1	1499 36
68	1344	0.6	1	1306 38
69	1124	0.6	1	1095 29
70	1060	0.6	1	1031 29
71	915	0.6	1	865 50
72	977	0.6	1	881 96
73	1595	0.6	1	1095 500
74	2463	0.6	1	2313 150
75	947	0.6	1	914 33
76	295	0.6	1	281 14
77	115	0.6	1	104 11
78	69	0.6	1	54 15
79	39	0.6	1	22 17
80	35	0.6	1	12 23
81	21	0.6	1	15 6
82	13	0.6	1	8 5
83	11	0.6	1	4 7
84	9	0.6	1	1 8
85	9	0.6	1	2 7
86	15	0.6	1	2 13
87	17	0.6	1	0 17
88	13	0.6	1	2 11
89	23	0.6	1	2 21
90	6	0.6	1	0 6
91	29	0.6	1	2 27
92	47	0.6	1	2 45
93	24	0.6	1	0 24
94	42	0.6	1	0 42
95	60	0.6	1	0 60
96	13	0.6	1	1 12
97	3	0.6	1	0 3
98	11	0.6	1	0 11
99	28	0.6	1	0 28
100	26	0.6	1	0 26
101	6	0.6	1	1 5
102	8	0.6	1	0 8
103	15	0.6	1	0 15
104	18	0.6	1	0 18
105	18	0.6	1	0 18
106	8	0.6	1	0 8
107	4	0.6	1	0 4
108	6	0.6	1	0 6
109	2	0.6	1	0 2
110	5	0.6	1	1 4
111	6	0.6	1	0 6
112	5	0.6	1	0 5
113	13	0.6	1	0 13
114	18	0.6	1	0 18
115	13	0.6	1	0 13
116	16	0.6	1	0 16
117	14	0.6	1	0 14
118	17	0.6	1	0 17
119	13	0.6	1	0 13
120	9	0.6	1	0 9
121	15	0.6	1	0 15
122	3	0.6	1	0 3
123	5	0.6	1	0 5
124	3	0.6	1	0 3
125	2	0.6	1	1 1
126	5	0.6	1	0 5

RUN STATISTICS FOR INPUT FILE: SRX6700179_1.fastq.gz
=============================================
40557986 sequences processed in total

