
SUMMARISING RUN PARAMETERS
==========================
Input filename: SRX6700175_1.fastq.gz
Trimming mode: paired-end
Trim Galore version: 0.6.10
Cutadapt version: 4.4
Python version: could not detect
Number of cores used for trimming: 4
Quality Phred score cutoff: 20
Quality encoding type selected: ASCII+33
Using Illumina adapter for trimming (count: 113312). Second best hit was Nextera (count: 318)
Adapter sequence: 'AGATCGGAAGAGC' (Illumina TruSeq, Sanger iPCR; auto-detected)
Maximum trimming error rate: 0.1 (default)
Minimum required adapter overlap (stringency): 1 bp
Minimum required sequence length for both reads before a sequence pair gets removed: 20 bp
Running FastQC on the data once trimming has completed
Output file will be GZIP compressed


This is cutadapt 4.4 with Python 3.7.16
Command line parameters: -j 4 -e 0.1 -q 20 -O 1 -a AGATCGGAAGAGC SRX6700175_1.fastq.gz
Processing single-end reads on 4 cores ...
Finished in 250.063 s (6.803 µs/read; 8.82 M reads/minute).

=== Summary ===

Total reads processed:              36,758,439
Reads with adapters:                16,615,783 (45.2%)
Reads written (passing filters):    36,758,439 (100.0%)

Total basepairs processed: 4,631,563,314 bp
Quality-trimmed:              57,208,165 bp (1.2%)
Total written (filtered):  4,436,536,314 bp (95.8%)

=== Adapter 1 ===

Sequence: AGATCGGAAGAGC; Type: regular 3'; Length: 13; Trimmed: 16615783 times

Minimum overlap: 1
No. of allowed errors:
1-9 bp: 0; 10-13 bp: 1

Bases preceding removed adapters:
  A: 26.9%
  C: 28.2%
  G: 28.1%
  T: 16.7%
  none/other: 0.0%

Overview of removed sequences
length	count	expect	max.err	error counts
1	7492265	9189609.8	0	7492265
2	1726869	2297402.4	0	1726869
3	780538	574350.6	0	780538
4	315702	143587.7	0	315702
5	299446	35896.9	0	299446
6	294382	8974.2	0	294382
7	305934	2243.6	0	305934
8	236790	560.9	0	236790
9	298091	140.2	0	297308 783
10	224878	35.1	1	218242 6636
11	207124	8.8	1	201425 5699
12	251326	2.2	1	244526 6800
13	261491	0.5	1	253991 7500
14	192784	0.5	1	187251 5533
15	232953	0.5	1	225790 7163
16	190378	0.5	1	184360 6018
17	219765	0.5	1	212247 7518
18	194055	0.5	1	188315 5740
19	189137	0.5	1	183495 5642
20	193394	0.5	1	187111 6283
21	184059	0.5	1	178114 5945
22	171484	0.5	1	165745 5739
23	151940	0.5	1	147323 4617
24	167531	0.5	1	161953 5578
25	170161	0.5	1	164626 5535
26	94692	0.5	1	91594 3098
27	135118	0.5	1	130650 4468
28	145593	0.5	1	140835 4758
29	107341	0.5	1	103651 3690
30	94953	0.5	1	92053 2900
31	99621	0.5	1	96563 3058
32	115948	0.5	1	112574 3374
33	59463	0.5	1	57589 1874
34	105419	0.5	1	102425 2994
35	41601	0.5	1	40200 1401
36	81869	0.5	1	79255 2614
37	54063	0.5	1	52619 1444
38	58700	0.5	1	57102 1598
39	56016	0.5	1	54660 1356
40	40282	0.5	1	39204 1078
41	51018	0.5	1	49781 1237
42	32895	0.5	1	32018 877
43	71616	0.5	1	70011 1605
44	13403	0.5	1	13015 388
45	13113	0.5	1	12793 320
46	9644	0.5	1	9418 226
47	18066	0.5	1	17660 406
48	15906	0.5	1	15524 382
49	17706	0.5	1	17260 446
50	13068	0.5	1	12753 315
51	14862	0.5	1	14483 379
52	10558	0.5	1	10255 303
53	11200	0.5	1	10890 310
54	11058	0.5	1	10750 308
55	8879	0.5	1	8666 213
56	5483	0.5	1	5345 138
57	7407	0.5	1	7168 239
58	5304	0.5	1	5063 241
59	5086	0.5	1	4947 139
60	4265	0.5	1	4151 114
61	3771	0.5	1	3685 86
62	2520	0.5	1	2468 52
63	3567	0.5	1	3489 78
64	2347	0.5	1	2301 46
65	2459	0.5	1	2389 70
66	1855	0.5	1	1780 75
67	1500	0.5	1	1441 59
68	1471	0.5	1	1433 38
69	1348	0.5	1	1311 37
70	1145	0.5	1	1095 50
71	1098	0.5	1	1048 50
72	957	0.5	1	912 45
73	936	0.5	1	881 55
74	1032	0.5	1	899 133
75	1506	0.5	1	1013 493
76	2298	0.5	1	2084 214
77	859	0.5	1	783 76
78	262	0.5	1	236 26
79	118	0.5	1	90 28
80	72	0.5	1	25 47
81	35	0.5	1	16 19
82	18	0.5	1	10 8
83	14	0.5	1	4 10
84	12	0.5	1	2 10
85	16	0.5	1	3 13
86	26	0.5	1	1 25
87	33	0.5	1	2 31
88	15	0.5	1	2 13
89	20	0.5	1	0 20
90	15	0.5	1	0 15
91	47	0.5	1	0 47
92	43	0.5	1	0 43
93	43	0.5	1	1 42
94	49	0.5	1	1 48
95	70	0.5	1	0 70
96	26	0.5	1	1 25
97	13	0.5	1	0 13
98	22	0.5	1	0 22
99	32	0.5	1	0 32
100	55	0.5	1	0 55
101	5	0.5	1	0 5
102	14	0.5	1	0 14
103	13	0.5	1	0 13
104	40	0.5	1	0 40
105	27	0.5	1	0 27
106	21	0.5	1	1 20
107	10	0.5	1	0 10
108	7	0.5	1	0 7
109	1	0.5	1	0 1
110	7	0.5	1	1 6
111	11	0.5	1	0 11
112	9	0.5	1	0 9
113	14	0.5	1	0 14
114	21	0.5	1	0 21
115	25	0.5	1	0 25
116	20	0.5	1	0 20
117	21	0.5	1	0 21
118	15	0.5	1	0 15
119	13	0.5	1	0 13
120	19	0.5	1	0 19
121	21	0.5	1	0 21
122	24	0.5	1	0 24
123	6	0.5	1	0 6
125	1	0.5	1	0 1

RUN STATISTICS FOR INPUT FILE: SRX6700175_1.fastq.gz
=============================================
36758439 sequences processed in total

