Sample	1.0	2.0	3.0	4.0	5.0	6.0	7.0	8.0	9.0	>50	>500	>10k+	>1k	>10	>5k	>100
SRX14570271										11.616817471763943	3.5967095986774065	0.0	2.4359413724311856	29.597058393504277	0.3419874628307561	21.122132507520334
SRX14570272										11.775442732330843	5.260877150173506	0.13678502183047037	3.6524160976203	25.50896491770197	0.37434089019348604	25.502936125857595
SRX14570273										11.88038194948297	5.263710131248953	0.11003960760174154	3.4571252128244687	25.128210692513996	0.30850486094820645	25.96151415756077
SRX14570274										11.993017156809705	5.588104328814096	0.23428762750737467	4.024451061940519	25.78827982578472	0.3996250757429612	25.597532182966127
SRX14570275										11.876476448669274	5.316364088411043	0.0	4.013100272465295	25.655640044870413	0.3170231599503846	25.560585236133793
SRX14570276										11.860862319515395	5.265126839603764	0.10381601070213163	3.9259370361283894	25.639170183741122	0.24430537922453663	25.19374374183328
SRX14570277										11.598857341043022	7.3335903913037	0.0	5.52282867792323	24.13455258703566	0.5350651226603989	27.262853697841805
SRX14953908										4.279792197695253	7.10774536777831	18.580215890234502	23.215739341913537	9.770685288438184	12.725759033008686	12.075433524311862
SRX14953909										9.796195873946761	11.302734305684755	1.8568790699904718	14.670354509043246	18.869215279344196	1.9350886956923556	26.7531438500318
SRX14953910										7.250666111276555	10.250689478752584	6.869560722166007	22.09260844878625	14.73182441635742	6.84250105162246	19.41543211092134
SRX14953911										9.147823247549267	11.103043079411707	2.4273873398072667	18.52239330553804	17.314417328857225	2.9718274654296586	24.956796122563205
SRX14953912										2.9639827198225777	5.322737913229643	28.732874145130054	23.653137834543863	7.398313195137749	13.946174513466364	8.027573720516
SRX14953913										8.641481512294021	10.124627699172095	5.3891239505879085	17.583973215859512	16.8611506688065	3.73891793999159	23.389556506689924
SRX14953914										2.5354856567192012	5.265024156949464	28.476679120436053	25.071825154422307	6.890781139135287	14.79213421310651	6.983060801767942
SRX14953915										2.7385420929839492	5.3629077780820404	28.580608636557887	24.687732530467148	6.969578759946887	13.895231999566086	7.489183548332756
SRX14953916										5.123704052823743	7.347640968065041	16.37696437858317	22.804366875946066	11.46545556570754	10.3817879344804	13.85287594063703
SRX14953917										9.320889964691016	10.654829019051272	2.817045588309694	18.491210635794033	17.68397596846441	3.451705268375317	24.129225072577327
SRX14953918										9.69283078725714	11.168836764936806	1.9376980927730176	15.988498917539582	18.70839102832315	2.18508776617504	26.08318052508267
SRX14953919										3.8459988053846192	6.5194895699945405	19.223174064733822	23.559756623956687	9.414451277610764	13.880545984781168	10.78588149904451
SRX14953920										2.6669938454882254	5.133450030696804	25.45899325310767	26.215384558267374	7.338444803536583	14.367208189911507	6.883188135863332
SRX14953921										5.073832469403286	7.485109374508693	13.767622870322327	23.66197566218039	11.190557603609069	10.829235605745872	13.814757968691133
SRX14953922										2.2009365838529624	4.69777309513173	29.70845799930067	23.5700064317108	6.655777128014312	16.022584116589552	5.786175060024377
SRX14953923										3.9327444465978405	5.842618636402665	20.177410560171197	22.410241534903705	10.085065164505465	13.531078884140339	9.759973462020744
SRX14953924										10.064794423077407	9.10828190703247	3.2037201738936307	13.889284612996727	19.983132424805994	2.281918923770053	23.98921781917207
SRX14953925										1.8378016525600356	4.903930174219102	28.049121316237134	27.112547373715234	5.9401698387157955	15.691132509365858	5.509758539150352
SRX14953926										6.208660469420727	8.951216206848917	7.747003592934451	22.24328304944678	14.369582831335197	6.360293972389382	16.40093429841655
SRX14953927										3.0574299908898905	6.0373008253942135	22.83536976003521	24.704442330180708	8.444463772902342	12.947199121605909	8.311084570958952
SRX14953928										1.9539438910019402	4.020198140684482	36.0887413341759	22.2748993826534	6.52326194695921	14.098266700418662	5.06442790926624
SRX14953929										2.6631673410002783	5.757370663381202	24.41342723239519	25.156406733038967	7.964819647458668	13.813184297592768	7.421775013705393
SRX14953930										7.56049311671473	8.102108428123724	5.210789878559302	17.339722828633384	18.799016458685905	4.433940796852997	17.69082577105339
SRX14953931										1.4485193586082394	6.391949343859467	22.77577449525556	28.891658945634553	4.759851029572284	17.49698128263624	6.041171270673296
SRX14953932										0.9268721418255854	5.6670228504655915	27.41915032807635	29.706173965592892	3.668810071245612	18.61438289355832	4.622506437356683
SRX18804540										11.11995684205154	5.647153295651906	0.1127516390455989	4.485277198968453	25.035542824099743	0.5167210119972884	24.398630343998253
SRX18804541										10.881998603777863	5.684654359675916	0.13606772129919137	4.267760738097714	24.73588485079132	0.8379788662605717	23.927953481578225
SRX18804542										11.268461223473833	5.853486002671341	0.2484600760849694	3.7839675316756076	23.79621842257955	0.25614656948592934	25.27264192055994
SRX18804543										9.904082637959997	6.254312738573234	0.2558789131567802	6.01123237486906	22.510117870029973	0.5965021784894048	21.8548987404632
SRX18804544										9.375012316143543	6.895848366259652	0.6425642980556318	7.509946235297214	21.560285800886884	1.3268753007895884	21.810151036224816
SRX18804545										9.409340218245466	5.692320999433845	0.6977276330601434	6.114117358474478	22.7455123020851	1.1707434405158024	20.39192315493177
SRX18804546										10.151320854912814	4.673655367458922	0.43944651113287764	4.496399836680296	26.794606943530695	0.8480262369321747	19.050763504393682
SRX18804547										9.456356533007705	9.21828713390373	0.5038053200818082	10.178956642589986	18.92649211110274	1.608465166103414	24.61982161532463
SRX18804548										8.837913989721276	5.422066372621168	1.6000535106039988	6.28942156325362	22.50297490056742	1.0139997087338948	17.901187164070052
SRX18804549										9.578482093024842	9.15719529936659	0.14453837975158926	7.273421184939913	20.234996737754056	0.13798924591027836	25.923108851118336
SRX18804550										9.677058980244425	4.435519907158768	0.13022761459309612	2.665879913209741	22.18656233974848	0.18535742749972017	21.530493133236465
SRX18804551										10.806402698739234	5.558471767464402	0.7900792145775515	3.977991414123165	20.60550053421569	0.22976373012757104	25.71263634260253
SRX18804552										10.12302215986947	4.931768212125634	0.0	2.333095074665472	23.674909716074037	0.0	21.646819344143577
SRX18804553										10.331690843955755	5.32649314380136	0.0	3.1441601430499797	22.349665751357904	0.4621448246130885	23.54338423315124
SRX18804554										10.155443585966019	6.3395423644390885	0.0	4.16062156306636	21.98753026356847	0.1762411885696732	24.4823559886728
SRX19817112										5.87165286801726	1.9204193141663959	0.21358606514797562	1.050976493520971	14.429175665130453	0.2182865127614904	11.074700080433141
SRX19817113										6.030555284497085	1.7955822540573367	0.22509130502231914	1.1894516305489997	14.516627991485864	0.243918957122767	10.788142496323987
SRX19817114										5.5385289704070315	2.4024051052847604	0.48752261149441073	1.685717203281501	12.834663237562877	0.17445056940464937	12.271055842526232
SRX19817115										3.7495752288089275	1.5581253075119361	0.10667440328578923	0.85193112522557	10.703895282303575	0.20112844305123734	8.445901599570703
SRX19817116										5.676053979275034	1.459288377204651	0.10156945611816642	0.8302593313199652	14.502621586876732	0.1979046943404918	9.851859368729738
SRX19817117										5.104470839052933	2.4089461207026757	0.19394541632728773	1.3525604425262998	12.36814256415831	0.2067298332836932	11.223182454748267
SRX2036088										2.4485026164413686	3.5285649177176714	48.15142619948018	16.731644548240745	4.9799649337356335	7.1446729056263685	6.356009596796137
SRX2036089										2.4374069224695893	3.7034824039760252	44.74145530018559	17.805499052698796	5.048603361189584	7.863919355182706	6.916201856747346
SRX2036090										2.2972330753616137	3.759221728358322	45.578178845251514	18.23316404317958	4.608744548807168	8.358708720841163	6.763252752410915
SRX2036091										2.193325365432304	3.8658341248829373	50.68436457812472	15.917182422983592	4.589902867450094	6.303259954603961	6.212875566127267
SRX2036300										10.130363200088949	7.141217596417168	2.124274858697894	10.903028540052974	22.605312130435795	1.9367131715327044	20.954373015850862
SRX2036303										9.94912728595984	7.243390555075946	2.771952198360455	10.689220995914576	22.251389819639076	1.7238709176357816	20.982365955681257
SRX2036305										9.318585563999132	8.083041328477613	2.5937815844758747	13.61043880739896	20.08583315996659	3.561399116129834	20.972122581445422
SRX2036307										9.791399322884335	7.7895412878181105	1.9519952453188212	11.152627237601708	21.612421482504597	2.971670306250571	20.99224300612247
SRX2037533										8.073282865097928	8.872322490701226	7.612457825061771	16.718832213154943	15.210265520285041	4.5807754205430875	20.917795947515817
SRX2037535										8.048105666605384	8.740409140090206	7.324642816742324	16.72555412306615	15.168776001842883	4.625231560178709	21.121549242703495
SRX2037536										7.590588673794533	8.460511360920444	9.606184315615103	18.091096740633542	13.847841292797996	6.211621223455381	19.896642428148464
SRX2037537										7.1882410154194	8.557076090978219	11.955532046386319	19.119915107952327	12.704275773818862	6.735962176115982	19.466483130307573
SRX2037538										8.544277011098853	8.86176781763438	8.978707893829869	16.892198576450383	15.532595352397314	5.266626590273139	21.845541340346593
SRX2037540										8.323066501709947	8.452787291234705	9.242092912510905	15.666081898948967	15.81576707152505	4.686208206529466	20.91194145444295
SRX2037541										7.54338712868323	8.034818870114536	10.465742371064799	16.414338332812978	14.9738232186466	4.669015311569674	18.650509023002726
SRX2037542										7.826549012309619	8.186430077148955	10.766109672897665	16.928723146950134	14.956226706464271	4.765662950730287	19.32391500495359
SRX2037691										8.18284858726271	6.148097082980951	5.953393137555064	11.785003086584691	19.641746043626547	3.236442694918504	16.37850986688235
SRX2037693										7.067740374998811	6.383449526997601	6.280634738864705	16.541525251588585	17.04462492655014	8.139630898458313	15.071075576622414
SRX2037695										8.038761037858896	6.279801302928774	4.14241470563864	14.84622550016681	19.141190081715497	4.956842486903002	16.484952904049013
SRX2037697										8.299552333122922	6.457604734712621	4.675321894445318	14.32095783099113	19.312760181517366	4.650611172026798	16.773766832745103
SRX2037699										8.407864932975851	6.018386341150289	4.616043203481619	10.207420934177042	21.09055748224218	2.469832105670064	16.531930907566515
SRX2037713										7.629689166701954	6.639872194394666	7.771388980144857	11.939223120355209	18.522637766951334	3.4155005741817823	16.079764509888207
SRX2037715										7.815323288751692	6.593762840442584	7.037453966594422	13.205765668245483	18.100478015631815	3.687181394282446	16.389859149069565
SRX2037717										7.368162986701379	6.248596020111829	3.910839013371574	16.59217412227461	18.19987793437848	6.032113515334904	15.046115863760578
SRX2116174										3.7880134511617367	7.490387354360441	3.1256676937886585	9.183297430950125	10.004576030339221	1.2019767706242717	12.882754531943197
SRX2116175										3.3918247007665556	6.929863755111965	2.430066943795141	8.817546742453791	9.404065560640024	1.2908778776389833	11.779067382890366
SRX2116176										7.049070273343232	7.437987945820833	1.2846208300381696	8.162728389042654	19.718073166420492	0.9739561944581945	16.611982663614203
SRX21659709										8.714110420080363	7.356943499593978	6.409355633718758	11.1000350910364	19.297316694442284	3.9797926214599073	21.255575119808977
SRX21659710										8.226686431036844	8.401811086620906	6.023622523065962	16.29978389975315	17.135409103799347	4.489661954715919	20.30708046154547
SRX21659711										6.8880766513688645	8.310787050845866	15.457063728515308	18.59526150337168	12.835722190239448	6.4548414297041585	18.545520746158438
SRX22720559										9.109918975588949	7.582228397921438	0.35104604686137497	9.453031527309236	19.861111551073524	1.029455549350901	20.80294561439131
SRX22720560										8.974991253134998	7.295055431487521	0.35714576737911746	8.987534805383753	19.7062012528101	0.8845464259640692	20.332526433607594
SRX22720561										8.927784571101647	7.504358045236646	1.3911783878512403	10.177598022653484	19.795632065736093	1.270575823099254	20.31655592258671
SRX22720562										8.926977181224892	7.107575961493741	1.5291604503226652	9.768147132314658	20.066736849182963	1.1457092241352085	19.304610781389083
SRX22720563										8.987232829389725	8.296143574762882	1.1946644329283027	10.3086023217319	19.57877449939869	0.7537290816114108	21.26118363124368
SRX22720564										9.145930865243711	7.939605425881463	0.8884154426247444	10.300128818699886	19.729230572052877	0.846952578102283	20.961307147745963
SRX22720565										9.169567364756345	7.252718872283458	0.8302739089080836	9.087780383296566	20.335979707974225	0.8297865946958067	20.101954169145564
SRX22720566										9.205894812240247	6.914873350976921	0.798069758780662	8.425350996298262	20.613834419286515	0.6425234363980262	20.020142772789328
SRX22720567										8.813607867037444	7.623856375505935	1.1098201223309672	9.963833556327906	19.14648560502332	1.3636811374118205	20.140493196380152
SRX22720568										9.43063264071526	7.609993798593215	0.30292311337285943	7.6356988310624985	21.34554981782452	0.5531964791759827	23.47805347026799
SRX22720569										9.791033202891418	7.165594494085053	0.24107915546898745	6.260058532199652	22.57414257911098	0.37873370693378333	23.139145968611313
SRX22720570										8.998323375654605	7.525008703580942	1.0549393209610252	9.420277396551732	19.937586601060637	0.7605092097513245	20.473413999192307
SRX22720571										8.667072791788417	8.070394828379523	0.5692157048142422	10.953133309209655	18.894872677943326	1.3013096608773782	20.466461788518327
SRX22720572										9.082449482859893	6.845526727531374	2.2508086891755794	9.900969617674402	20.275738208611145	1.2807677449225072	19.30271447063033
SRX22720574										9.755130136320352	6.818576604676677	0.24165138195491545	7.796258547556537	22.195545814490035	0.8331887333212125	20.748031320530636
SRX22720575										9.731261869514036	6.790522514756297	0.2034283725030285	8.114775946830747	21.578121248135382	0.8637215613872172	20.715192180396507
SRX22720576										9.199314966201035	7.650194643966267	0.3540737152085034	9.702284178281658	19.31542133377527	0.9682868010656124	20.66884021362572
SRX22720577										9.237019359944632	7.759869371570942	0.29349085797512636	9.454357410176707	19.622908000833085	0.9426256575596971	21.368747757890723
SRX22720578										9.29515570897749	7.6243883576635305	0.0	6.367633615376215	21.302024967519127	0.2561544643807526	23.452885093800283
SRX22720579										9.159214723075271	7.999756720956114	0.0	6.923792238531911	20.599045127580347	0.3600492099622043	23.56848531527575
SRX3316529										10.616062442076178	8.422906093561922	1.9958915479393495	13.314536333092544	22.410252692943697	2.6445589495425437	22.847589502673948
SRX3316530										9.686059910398559	10.673826598779309	1.4333004741387483	16.523316557685455	19.32349166743945	2.393888293282956	24.42547211580334
SRX3316531										11.19095114246348	9.65724972856933	1.5908869244802764	12.40335912383275	21.532427448411724	1.5755759171071118	25.653268461200458
SRX3316532										9.06305055767078	9.9335998580763	3.544115471196694	18.500692767495163	17.473280893754982	3.703588977203386	22.603757668649678
SRX3316533										10.064343376439487	9.17425102049912	4.28153449436552	15.531203523651504	19.468834687813512	2.7534329206927355	23.40159955939422
SRX3316534										10.383564448892601	9.328273717809438	3.0523794954567216	13.934614691021885	19.99532955762139	2.485941445132203	24.075173117020555
SRX3316535										10.30485961498582	9.827536192152545	2.1133537468621495	14.06112420369045	20.94144741955747	2.5013562349198533	24.232367872210393
SRX3316536										11.984220327356063	6.24868510954962	2.64136166959769	6.714562536639019	26.0241135787663	1.0563634829303004	23.045220034106613
SRX3316537										9.660671849078833	9.057958893640336	2.500088728144055	14.864082010216265	20.80891845884737	2.5497364612599775	22.232450623638695
SRX3316538										11.113431869581374	9.87136348613144	1.0317214513203847	11.359630200109699	22.202449198217032	1.4676009103052332	26.892653470830236
SRX3316539										11.000326065664238	9.383608040995476	1.028909290230197	11.978173303251321	22.493025163250998	1.7807985614967468	25.463593149395425
SRX3316540										8.910967253521797	10.035680888555909	3.292940148722529	17.760074980227884	17.77499502821015	3.3629973456292888	22.671367033982122
SRX3316541										8.793255676166867	10.293361381045528	3.492039441112042	19.04637077102274	17.55823238978921	3.4739788175492734	22.575001963860178
SRX3316542										10.289096935639597	9.988229073736221	2.0085633303835784	14.60198382423965	20.942766406216577	2.5114772606360733	24.209902512745018
SRX3316543										9.882448477499594	10.846644172637825	1.6068420999456094	17.062729532946648	18.956160444411026	2.5792939831134922	24.65722591742476
SRX3316544										10.482188094898666	9.800811066925599	1.7732307201720552	12.962196425845468	21.566113800002668	1.6448774297901831	24.192266750814294
SRX3316545										11.341523620853772	9.162853516137499	1.5575793761019905	11.647128169230983	22.477824283791573	1.5339440085988307	25.747417794859683
SRX3316546										10.53062566100478	10.345005132393018	1.7436673087893417	14.908103786959318	20.345838208248196	2.348882315440783	24.925270286914095
SRX3316547										11.416861422816083	9.005530033503431	1.56345929992162	10.583071689811872	22.166858302092777	1.4331083288235256	26.433494701724907
SRX3316548										8.62648936020671	11.585405377884166	1.6246052013610104	17.98222741537823	17.364696667421015	3.1296140893886637	24.117449847513477
SRX3316549										10.089454455147665	10.196322716245163	1.3045442036127053	15.006854856719679	20.111744835568775	1.9986201930593022	25.47820891716235
SRX3316550										9.853657049223939	9.93464583055869	2.8718380027791373	15.991762799227338	19.664869447026927	2.5071695060131023	24.091428357070534
SRX3316551										10.314850974596867	9.087598562845272	3.3794019419767127	13.910307250247067	20.260951904126088	2.5721539532279825	24.268003569199692
SRX3316552										10.226366649040207	9.0947441583246	4.402868556382465	13.469042929337396	18.820787909918483	3.113160364878923	25.382709716285284
SRX3316553										11.387594831264607	8.909985984914798	1.9024453051019592	11.590703327912806	22.19896028472272	2.0976376278408972	25.70041070189281
SRX3316554										10.243029839426454	8.97986891885238	3.7598180995415444	13.691360909900135	18.833000803162896	3.38762189334297	24.914508735327782
SRX3316555										11.22350484026008	7.997379336445645	2.1289534736631666	9.692699249893513	22.801507348063865	1.8098504082617188	24.867235837267202
SRX3316556										9.195503891429402	9.934443886970712	2.7284905398408887	16.67894748613588	18.532642849385763	3.1259847742505507	22.834516096640016
SRX3316557										10.840558716491346	9.722091116800446	1.6962686669870637	13.515294690771318	21.334497521137177	1.984221248346869	24.920804624998702
SRX3316558										10.806553419405429	9.387018171938868	1.4634347981100722	9.723188873841327	22.30597133017842	1.0870802489493012	26.84929357055554
SRX3316559										11.576051721037253	9.213165119814095	1.0113299787013423	10.29293506379553	23.040905620594717	1.5135842611678532	26.77645303996724
SRX3316560										10.90285244532397	10.000077782925349	2.3857603369817375	13.105069306285866	19.528060005827864	2.2117482705195726	27.342263667591105
SRX3316561										12.175521359082087	8.091133273642653	1.28036523025863	8.712694866781066	23.177893896187296	1.4373751355498345	27.474667894042565
SRX3316625										8.77555972229948	11.027919979743537	2.214635431674118	18.007883098933373	17.27464249591971	3.9199676967099113	23.11016727667565
SRX3316626										11.155586055129659	8.784880700665239	1.0021684836009783	10.023856608855636	23.69635887208947	1.0233519606770947	25.284119577001057
SRX3316627										8.707765946670968	10.119227641161075	2.851817036954239	17.873889095391448	17.81404738586628	4.952587051325811	21.97100921727352
SRX3316628										10.838306479148569	9.715766393561184	1.7546035467970729	12.962173906313378	21.69902011731123	1.781154864764913	24.71309607874674
SRX3316629										10.774007892265944	9.496523421463257	1.395037764768026	12.974101965522783	22.09870121132954	1.7365063543381256	24.4401845418191
SRX3316630										10.95135860673404	10.460234994735615	1.308963484840706	12.405849843989339	21.34621689332625	1.4214784308911768	27.249469293874114
SRX3316631										11.285097244088341	10.373375620940745	0.992872585632246	11.65312900303267	22.27060114635265	1.2736603963377815	26.519694608488525
SRX3316632										8.94029293626856	10.685124839477144	1.9589120616705542	17.128835487071782	17.790985821232947	3.8124922052786268	23.59638108472742
SRX3316633										11.048057504131531	8.66701874562434	0.9629017407186748	9.909159779195925	23.993911360037803	0.8604984935353959	25.258201884785752
SRX3316634										11.398482267336135	9.089083926122784	1.3004782821371914	10.05204163267251	23.82707975057623	1.2306786003275683	25.78078110455771
SRX3316735										9.828003753764927	9.70779344482293	2.6985766823772703	14.241747394360383	19.48482499978193	2.7596635170662513	23.679844340951007
SRX3316736										9.921545513893788	10.24230504760464	3.7912658642490085	15.893593446369186	18.045053229370435	3.5701571180080367	24.07160079807861
SRX3316737										10.061389866382038	9.8812325633187	3.1596951215469185	15.223645344797532	19.122347205313147	3.4945732688046904	24.316196271879623
SRX3316738										10.851156404439244	9.669581091060788	1.6129042864739886	12.197599383932083	21.337362425215485	2.074140089854773	25.83419964807042
SRX3316739										10.612531897003999	9.026530842684636	1.5340829072288427	12.05766207631042	20.425063640020095	2.0143302752870675	24.96417368606547
SRX3316740										8.978235778234671	7.427365550317829	2.79358605323542	10.369606047773228	19.73481042902757	2.0669841180341004	20.834329027125012
SRX3316741										9.213864523100966	10.271369595350869	4.676357552538256	18.05818832462715	16.94639092778948	4.606168985787009	23.537238551573594
SRX3316742										9.811337480604019	9.894785119869592	3.7720816591888466	14.936597949178894	19.007704730508667	3.356898459214414	24.013977600122573
SRX3316743										10.006982917892648	9.741554705400954	3.432947735828272	15.176733137845403	19.447666280956323	3.1372345724137065	23.855671234594176
SRX3316744										8.898215272806299	4.186724853537145	3.389912030583998	4.523148506471131	23.076813758248598	1.3130787608202044	16.357575118238493
SRX3316745										9.120045913749303	7.055219430768714	5.042406539096168	9.983204570184068	21.018689175584957	1.7661295329005553	19.941037865908136
SRX3316746										8.769290936719559	7.539468929152701	3.673009032759717	9.815519624817512	19.223975350043975	1.5717646888585295	20.84380813636643
SRX3316747										9.839525221607742	8.353614725575426	2.580774456284714	11.542241255111394	19.81052513097878	2.2130791084163692	22.837018547305437
SRX3316748										10.702252059576455	9.016210286765837	1.8894398312673335	11.659450079806017	21.337050508279955	2.122400296842609	25.38834307336939
SRX3316749										10.211202944828958	8.141242144593233	1.578694994216405	9.907407297097148	20.328659092985603	1.7230853055005304	23.402597983153118
SRX3316750										9.899355826513018	9.874734726915554	3.5746375416874283	14.939086379886573	19.364494166336115	3.1543841879332053	24.013279687555368
SRX3316751										10.637308062052169	9.305525416224523	1.8947016592300068	12.891571326167158	21.27000687304787	1.8751687944769013	24.46054598832082
SRX3316752										10.772296280015798	8.788720046103062	1.7286411284934473	11.605565703462844	22.363103532969035	1.4338215568202484	24.57358736787124
SRX3316753										10.529501010227634	9.789216655742852	1.8544833334675115	13.580512552869333	20.937367627766044	1.9940559434330367	24.39317739406012
SRX3316754										10.857935903923863	9.15574752772748	1.617675373942705	12.354444797484824	21.948097170672416	1.595219359697441	24.697822990296768
SRX3316755										10.350608376315597	9.716637898616632	2.1139857537281213	13.971059818367621	20.39532028607184	2.5123306888625	24.659462587328328
SRX3316756										10.770672095387086	8.70491926191773	1.460756116344228	11.356775364264998	22.70214046337853	1.4449949077790174	24.304250460919754
SRX3316757										10.67977263238316	9.23683666346357	1.7941237907893335	12.599565390442807	21.916563600992077	1.6430578752922496	24.493016801794827
SRX3316758										11.008707966510984	9.218051367996246	1.1277043335561112	11.813748558059665	21.886820335390293	1.9450110834005065	26.0750948284097
SRX3411505										4.352890064289269	7.161150067475809	19.831735662938794	15.668393543173828	7.571934323447577	6.333010411716692	13.770378392189592
SRX3411506										5.105217335092292	6.852317886999044	14.437617207909941	13.574547874185457	9.117485960890427	5.35967084931025	15.212312264210869
SRX3411507										4.887535583566018	6.9003066650180855	15.47936290600884	13.784143360365258	8.722508014286214	5.611476412212166	14.992054038138011
SRX3411508										4.356687482568367	9.253506538352168	17.005604005342583	22.16651302092814	7.507882999430803	9.213980004897065	15.139406147702822
SRX3411509										4.189800605037326	8.497154257113221	17.414512876772513	21.917501458391826	7.401050655091879	9.053968876070599	14.345701258083329
SRX3411510										5.403708211980062	6.703111441655989	9.080646961526087	12.627784667697448	9.497965982288209	2.9313192458773387	15.99050613957584
SRX3411511										4.834177818881463	6.13720240612469	14.045674184059553	13.532916603189578	8.895700953462603	5.004989424023154	14.102525645065183
SRX3411512										5.218525543719589	6.846760370127257	12.870079305741534	12.379338569830635	9.071240640926817	4.4341999404071135	15.372825288853564
SRX3411513										4.947817083799789	7.121124311426281	12.052823363537803	12.26658791876312	8.903151595686829	4.828804210686224	15.501308525293481
SRX3411514										5.903896366134681	3.65499559662378	5.046620523015241	7.171745829589811	15.01733034265475	2.1736632875556294	11.513552687204735
SRX3411515										5.310629591838714	5.137930903450451	6.511520909678027	8.784274412042901	12.241522148975175	2.9058745590807873	11.843505162596573
SRX3411516										5.140362482483415	6.515126297783053	4.7151752604902	13.105779116734123	11.17242743697129	4.550352974704337	14.212737883897617
SRX3411517										5.903797261786255	6.0533152737162155	3.9391694984259185	8.41402962732391	11.569337979305079	2.0326252120919834	15.635748666135282
SRX3411518										5.573487861755696	5.354393665257611	7.026306191469593	13.205400112184652	14.573759360272312	5.046527554714923	11.962561886500573
SRX3411519										4.959927483948669	7.43719962634328	7.073080159043592	19.72956247991777	10.851890599491899	5.733451902408961	13.976295603526372
SRX3411520										5.183128735156092	9.088733158590697	9.19186014171862	19.673446309481317	9.845330329990764	5.936537301276045	16.90417325072358
SRX3411521										6.324832545990386	9.17990429035057	3.50723704770852	19.3156916150988	12.885079442432598	6.4415296833532105	18.42384657051084
SRX3411522										4.930933319874017	6.381989965921362	11.588946164166677	17.09204234082349	11.310336018217235	5.805997456561498	12.45353776539666
SRX3411523										4.492833229795078	7.523970044078969	10.064378261077039	20.42796685571241	9.984779381644323	7.503160302835249	13.295982811158671
SRX3411524										3.9240154684253326	8.81210301052542	14.277998098031302	23.8580760311729	7.617568637069782	10.066939141707499	13.931135261951235
SRX3411525										4.051457324366561	8.120979858809026	15.29793551033604	21.611101730738046	8.443743399192078	8.769422941712012	12.944335844892718
SRX3541437										4.368389962934572	6.895726680288328	22.47461002525963	22.7843142171673	9.576741028075752	12.26075616857449	12.050709491144227
SRX3541438										9.848991583153811	11.38248342516779	1.8411912174822396	14.763775134890613	18.420419144909705	1.983031765221517	26.990486701814227
SRX3541439										7.301795613916186	10.672145037132456	5.101248439601857	21.898121565465967	14.567330792731148	5.474693625364913	20.47251656133264
SRX3541440										9.204129249296921	11.152180685229062	2.439312039748817	18.581323008884254	17.30712508803264	2.9859912207770902	25.079955744760202
SRX3541441										2.9866889960450904	5.3575394173284705	28.896196945609056	23.777436429012596	7.337694046363312	14.025120442038386	8.077616003903762
SRX3541442										8.682105878322966	10.184858943056403	5.4242516594902614	17.68507208492651	16.697962904278736	3.74530967715878	23.518373609783247
SRX3541443										2.5451748604245563	5.307944582405917	28.68037688258297	25.24073344570306	6.508472263746995	14.897796908751204	7.023558868439646
SRX3541444										2.7541090933118726	5.394809277479631	28.731943767406566	24.814780397948308	6.922821554386363	13.968672537977895	7.526030773506872
SRX3541445										5.152272571512631	7.396369915141405	16.491405770083194	22.956192915312474	11.183322644864615	10.438968946301758	13.943178092802397
SRX3541446										4.149266979927563	5.781642206337356	23.939573824302382	22.227611186697384	10.162838201728428	11.480840073605107	10.306473115139745
SRX3541447										2.0402355764712046	4.635954401479141	32.677876614702605	24.362860504119137	5.770964594194327	15.641273410792348	5.817320456561482
SRX3541448										6.248912110887141	9.007935776014175	7.789636510100248	22.35679971915673	14.086235370141683	6.402200367201403	16.49843153612294
SRX3541449										1.6614174516698812	4.404038854428336	31.852347677579	23.24296398677706	5.9955177443475645	15.990891737310395	4.742932201369989
SRX3541450										2.6917257524699783	5.787608353336787	24.54029459300738	25.331645105742908	7.760690431266654	13.913238645622345	7.48476549599756
SRX3541451										7.87084404935393	8.144813337494933	5.489811868831436	17.37608606556805	18.968171297002286	5.183716038055968	18.0226405381452
SRX3541452										1.664724147133708	5.845079231349481	28.154406305343343	27.806767661143482	4.941542584989101	15.16045663877385	6.050374849820708
SRX3541453										1.1350540780381815	5.386467156834669	32.35712858731474	28.479286411493216	3.5621092675743578	16.705513610931668	4.67054899112207
SRX5252024										7.279104380560902	2.6863737878205436	1.9091368218060856	4.38572672060047	28.58170148037942	1.4533072409171577	10.866373928388096
SRX5252025										6.279120276786479	1.5661228087883943	1.0849683564417638	2.8487796814182382	31.630428329541548	0.8123092111217192	7.252118098122005
SRX5252026										4.293634154613265	0.5941947099859853	0.561896205462252	1.3874246487432673	30.468848597287177	0.4029480094813338	3.481451724699372
SRX5252027										6.896363358335352	2.655191218498454	3.5250122775373436	4.6612407683902495	26.712625277787588	1.5806447278169404	10.156892030708178
SRX5252028										8.224780751031629	3.057498638805091	0.5648072820681673	4.052445603594003	30.632319472493148	1.2230649808862637	12.08518911250254
SRX5252029										5.893429954871037	1.6480066384049232	0.4246981629577228	2.6635258140182185	29.09517747812458	0.5766741267141084	7.460335182855856
SRX5252030										5.336381819615978	1.2932157832655244	0.9524524193409588	2.381258526130815	31.637782871466243	0.4314023853075205	5.822556494172659
SRX5252031										8.590479693878095	4.393278970195446	2.32214363407225	5.665258102459916	24.11953396577164	1.088557854434293	15.57331054224754
SRX5252032										7.7571504579813375	2.72464109041347	0.6168610627114783	4.20905728398275	30.147763361980275	0.9064092865782077	11.485604065986623
SRX5252033										8.185921132304246	3.8463725546354604	1.6447942101024822	5.488060940245067	27.353739133187123	1.749784334456617	13.861727282151175
SRX5252034										6.529521645135501	2.6151448096199448	4.101607313695446	4.564885846772803	25.222623312925386	0.947139155423387	10.71244938865172
SRX5252035										8.480476459213122	4.540887131032678	4.2525841632153085	6.3496469306352425	22.9440994866755	2.5402307516484544	15.428364600872632
SRX5252036										5.994285114621453	0.8272859850239955	0.25420438691728797	1.3497704759052118	33.31053279129766	0.37398081859291193	4.95194662685553
SRX5252037										6.268411164531286	1.4262398566679495	0.2717763021464738	2.292691805793325	30.64136507210023	0.6974630055509862	7.530755970730027
SRX5252038										6.563763418122639	2.0741845703950164	4.312536553888279	3.359748075490127	25.683677605209294	0.4880838579613551	9.715572720552764
SRX5252039										4.042601632286185	0.6824301415906762	0.3117113630282136	1.2419303695829083	27.761527053209463	0.21420246767605117	3.4545939849816527
SRX5252040										9.274155621145711	4.3535947053256985	1.7718123620152713	5.978754691102075	26.01710005115367	1.520315963406624	15.999707830561274
SRX5252041										4.879376684919812	0.6814826124911585	0.3406169216237027	1.266556777642855	31.70355411263528	0.3273906901641658	4.052475123152206
SRX5252042										6.122577047304636	1.2779792522228546	0.5384955100867371	2.2752441437260873	31.859417519285333	0.41332357617688753	6.150117930057356
SRX5252043										5.2291133893072415	1.1268239556249324	6.593763244342873	2.1862655066152277	27.39413700366215	0.7701900031645839	5.838823838574233
SRX5252044										5.6714158572211275	1.1529529167377268	0.28334327097671236	1.598443296192251	31.54033585494988	0.3667051081641237	5.238909714969227
SRX5252045										6.862703210600108	1.534992636278662	0.7719022253508003	2.6779322677534334	32.642606504110184	0.514899967194754	8.072524431267508
SRX5252046										4.412145969781083	0.5621511138922342	0.3598599731476142	1.1343127095009689	30.314209213570237	0.3317415888069149	3.6514219324876724
SRX5252047										4.082549932886875	1.168711738164365	5.928174517510975	2.2659475312639508	23.68709960071533	0.9205016013785549	4.750871582540606
SRX5252048										5.254123965034506	0.9555444006985566	0.5625339983568971	1.6835173280399716	31.55746538231404	0.28231790865722595	4.9227896489720395
SRX5252049										5.81892797696336	1.0048704384035338	0.6269341970634063	1.7996555883824004	33.44609964898208	0.24810167429754654	5.654817631336668
SRX5252050										5.145054128763042	0.5938599250111846	0.30510025409209995	1.1244623005689638	32.266136273125326	0.3393988893308911	4.2436876321906105
SRX5252051										4.294876635370233	0.8180284950791532	4.933420251454246	1.5050258766464968	27.195122811661843	0.9025021038543805	3.7851696691795715
SRX5252052										6.585562537068269	1.1107934451784804	0.12314621185462406	1.498919026600064	33.852633682394654	0.17658156451451926	6.208117164823281
SRX5252053										8.18222282914606	2.944793500109889	1.6589875920230184	4.4181811985870425	30.881161830320142	1.0224604897295593	11.948538174520902
SRX5252054										6.202506989761313	2.076839411476317	0.6015380777644532	3.369783798005605	28.011050909433155	0.8746453956362313	9.169834506662701
SRX5252055										7.797008249748287	2.5783177583594896	1.0323521917178846	3.984754405926106	31.03860860686846	1.2131813217529168	11.337988889502313
SRX5252056										8.24394667175142	3.5486493727143795	3.0727414726992763	4.9591966367394305	28.610527341081514	1.7649226011481038	13.072824754158816
SRX5252057										7.696211477353172	3.4796865208530003	2.1614068004070734	4.960795595369924	26.681225979642537	2.038252116615204	12.532895877467324
SRX5252058										9.657268656333628	5.844316199378937	2.6896595725607653	7.9754299207016395	23.898831588174566	1.752411862923587	18.977795568347585
SRX5252059										10.41319197176332	6.047831308619789	4.61557867592479	7.6243327725169685	23.76344397549249	2.354637915002515	19.861903529363197
SRX5252060										5.6316764397685475	1.02101488925599	0.7774950401229388	1.9203894699825863	31.463622108800383	0.37451781225960046	5.254657363686273
SRX5252061										7.876592800175265	2.9940418678252496	1.3040178262634203	4.312441002667784	28.16318467598009	1.2847984353833397	11.863330185428087
SRX5329169										2.7385322726463373	5.362911386097959	28.58067554874182	24.68777906269279	6.96952850345524	13.895254019395406	7.489191161011502
SRX5329170										9.336417687745149	11.554027699641502	2.348113111059362	16.459205475046108	17.44014904296302	2.044325694149628	25.917828266326993
SRX5329171										9.298243694721835	11.118647666074171	2.6426695150769524	16.745600310783157	18.087965794689623	2.3474498451033488	24.989043260006714
SRX5329172										8.885895846164727	10.15812263829632	4.642845719594394	16.684184902404013	17.0873963429962	3.1794264655377282	23.928398998952805
SRX5329173										1.8378200295641547	4.903912413370527	28.049019729106266	27.112449178628584	5.939616540598885	15.69107567988041	5.509753794459604
SRX5329174										9.69283996765154	11.168821066170693	1.9376944759811925	15.98846941479864	18.708415082630257	2.1850836876203887	26.083179493543213
SRX5329175										7.25114394927233	10.604858456226415	5.070553347019093	21.809835466758052	14.871133263313526	5.441691648953323	20.33788015463774
SRX5329176										2.6670209532227043	5.133424865811301	25.45886789681811	26.21525547761972	7.338303126436095	14.367137447918996	6.883186528215525
SRX5329177										9.79625082615669	11.302740130901725	1.8568785101264325	14.670350459749812	18.868685073597767	1.9350881122474823	26.752304636242197
SRX5329178										2.5354829395194187	5.265030811057444	28.47669602517969	25.071816332814468	6.890772851685862	14.79213940583352	6.983063793490139
SRX5329179										2.9639694917668273	5.322740991589952	28.732947339517708	23.65315999365111	7.398271979150339	13.946198910311965	8.027575224743982
SRX5329180										4.133454408276604	5.752104943444157	23.817147061211948	22.08073867965847	10.374848005273757	11.395516817884914	10.240818434460937
SRX5329181										7.851955419700528	8.119390509557753	5.468013470924078	17.29174166237101	19.062052848717002	5.195381333695461	17.957923824354694
SRX5329182										9.919828980918306	9.387216860240605	2.9065539059148096	15.115515412323743	19.718313903507873	2.9708519142466487	23.700553161776693
SRX5329183										8.504189267765067	9.323330706640357	5.042814272207672	18.20751332591261	18.052600959171333	4.604119126731271	21.29405845560268
SRX5329184										4.341061983303703	6.864739528741724	22.354166639518617	22.653203618533535	9.779699072528771	12.207468515487221	11.98354635530295
SRX5329185										1.6546431466693057	5.809207035858645	28.012311435728794	27.68385619459649	5.081706377087516	15.08377164863543	6.019828081361055
SRX5329186										1.1273747096565392	5.3639596275846335	32.157546840083455	28.278667410659608	3.887241237972349	16.62371481122113	4.638856758698615
SRX5329187										6.376757447891834	8.421355208516951	8.71075345197529	21.737915884731727	14.5407158677159	7.4804739337020605	16.503401580313014
SRX5329188										5.040938527672198	7.567905219132188	13.613924587539298	23.840337406014843	11.426033849243073	10.13181735109328	13.41331178456845
SRX5329189										2.365599679252915	6.091986889542443	19.96146573391601	28.104695380509447	7.477459775506857	13.97838891291501	6.972413691285169
SRX5329190										1.9539428921292525	4.0201958431215115	36.08874517189925	22.274898741757863	6.523260763232091	14.098268113430207	5.064427913157663
SRX5329191										2.4350963109714985	4.365713938378421	34.77764582033	22.308032428044925	6.66322212193573	14.559308084564075	6.221865529972574
SRX5329192										3.2362863349234003	5.677781605937163	27.524214534493062	23.252552791719793	8.518816805379819	12.603239565234315	8.514972722356026
SRX5329193										5.205069552295545	7.370121282480849	16.59448119769592	22.858390162671643	11.250064591573892	10.683419323587758	14.212479005399617
SRX5329194										3.901859178512801	6.372017129232166	23.37491048653844	22.80061026792844	9.563247028781026	12.51759847951325	10.801510436988645
SRX6700162										11.700173099142463	10.012441986447131	1.1475589559687072	13.354690494960595	21.401737097661417	1.7064803578948056	26.809573973223266
SRX6700163										9.977534354270595	11.009427346910536	1.9198490273922935	16.21590820245104	19.244851408663326	2.0888059454824948	25.287616265952924
SRX6700164										11.016709695585538	10.374709993878731	1.2840245319704833	15.11509317790912	20.04663970527535	2.353113714336643	26.940374603782768
SRX6700165										10.890491176264524	9.550275213304527	3.6598045858539106	15.516382695301928	19.64072267438591	2.517144583687331	24.8585866967904
SRX6700166										11.15343918930893	9.298645810163823	1.501590560957167	13.646398821684233	21.57816536081798	1.8472903822027729	25.38101924299594
SRX6700168										9.00125750739414	9.481539694848525	5.649186287957156	16.61571967276121	16.640977270351474	3.9756561768145535	23.04520254295222
SRX6700169										8.592936634240136	9.534641343280361	5.598878856008729	17.105598323431504	16.40517392051743	3.9536287989873924	22.46382913246505
SRX6700170										9.67803829988832	9.810835401295531	5.277912703691859	14.995811205840623	18.221502025531418	3.1706340552120365	24.524005828573234
SRX6700171										11.778912650256425	8.3341396902848	2.6727992853915183	10.212844433680692	23.297343313660384	1.595149486255508	25.39849147191575
SRX6700172										11.477992989935002	8.301588622587905	2.434960806884168	10.71437290616903	22.939511046270336	1.2760085296268622	25.07193365458659
SRX6700173										11.832539380650076	7.027642282803067	2.1670517178484308	7.4157146379483825	26.110153332376175	1.2002202327757105	23.55464403274529
SRX6700174										11.06391767696368	10.703055967328421	1.4375667254946811	14.367161220428407	20.32765981350882	1.7254263921766033	26.66002567824881
SRX6700175										11.977062455053126	10.119007247901887	0.735664262081537	12.156043196958995	22.004788810333828	1.3606437271477316	27.654780787469257
SRX6700176										11.92611303218668	9.919981867593357	1.1567264554482326	12.968459016986422	21.869173804350094	1.7349139141067969	27.622069249742644
SRX6700177										11.08067745851582	9.284540328563972	1.309779849987931	13.032249154017403	22.142917802548308	1.7591988093033533	25.315967945703342
SRX6700178										10.476827317953717	8.811985158064084	1.728249423453816	14.467799261158603	19.783508181421492	2.756153303705637	24.520594685658313
SRX6700179										8.898961928601521	9.700646233004683	4.08738374007087	19.863073014412933	15.622593056654061	5.090254710413734	22.617046421161707
SRX6700180										6.440159897095543	9.267973893006948	11.256535045428565	22.480977606971102	11.944660681074799	7.987129845149034	18.585171452572194
SRX6700181										8.327021407365002	9.566359265109744	7.358763362812266	17.877556274582158	15.423171854597358	4.397550654552963	22.211891632618563
SRX6700182										7.010771441920199	9.791500029393346	9.268409397752794	22.66163649306326	12.304714168170653	6.801840338489959	19.859159117871368
SRX6700183										10.035246004654018	7.896360230465056	5.805236397633305	11.835300151675415	20.324952401316317	2.4721281174677623	22.25957224100885
SRX6700184										9.98370721442072	8.472972799489991	4.262066620305391	13.707120068396664	19.33358080715014	3.19471411741774	23.146715898534094
SRX6700185										9.844063265797484	8.309238358911172	4.913091285480247	13.226688813732302	19.44264926068845	2.8817763501658127	23.266577263999206
SRX6922015										10.221196898475238	3.654325450352803	0.1349995242439085	2.8339041607770463	23.180855264820018	0.27233076493399067	19.7344470992146
SRX6922016										9.092067993316144	5.708917347041155	0.2604882158085802	4.129350228613831	21.40045984224489	0.6604739546159452	21.830643308501
SRX6922017										10.836567677519689	4.8252552220731735	0.0	4.046814990211121	25.175691141277866	0.19146951089168404	23.01222893840824
SRX6922018										10.20487295649525	6.190738668390503	0.15581580580569904	5.055309296948151	25.021253900408247	0.5937166853805169	20.10721650188102
SRX6922019										7.841981203110338	6.790916848678933	5.65065070622801	13.775262261125508	17.739687753189592	3.9571498639156912	18.580167624762257
SRX6922020										8.500688705736625	5.699673455993566	2.880671035236865	9.924637594322716	20.980430361541863	1.9253963821638014	17.732885118960574
SRX6922021										8.538778275476359	5.8864829738760065	3.280162678166345	10.954130652082974	20.2554285808526	2.8345070387495226	18.49496039168988
SRX6922023										9.761387206319405	6.4236739200757915	0.1586573231771932	5.265802860389364	24.203193811707788	0.5884348951034836	21.139261743453254
SRX6922024										9.990335660912123	7.149866340709646	0.34204751374112685	7.01144681434869	23.478858401942556	0.6303632556024212	21.249546248251175
SRX6922025										10.025290587574979	6.997975234576277	0.4712451883270829	6.943796268791477	23.8587315384175	0.6104140889733852	21.209688685484906
SRX6922026										9.453835249336755	7.320371276564963	0.44114234442249534	8.689329712430963	21.540866375460567	0.7998029018418574	21.109719391013197
SRX6922027										9.505153531140579	7.292626949610437	0.33567390402140596	8.639285790357699	21.838772885245476	0.9812909724309278	21.3099970350395
SRX6922028										10.41033039094594	5.09344164162873	0.0	4.023443227012828	23.996054887261025	0.38086129172328537	22.273874510817855
SRX6922029										10.723434347417244	4.377390709859115	0.0	3.526606515683601	25.985504929493526	0.2722482592264898	21.779479613168252
SRX7101023										10.140272566913838	10.795402620755656	1.1518309197440375	17.24566480143538	17.759215939569746	2.602948957498812	25.28404395984987
SRX7101024										10.637032557472489	10.255167710488116	1.389708672363358	16.039745571087156	18.423196948467318	2.454267764766368	25.719455749959074
SRX7101025										10.600420247232778	10.129576558260531	1.2932356015256294	16.047565123792285	18.55078946624227	2.6217070732256533	25.308582286386105
SRX7101026										8.751986158546307	11.365696054635459	3.362794058233259	19.0537119547217	14.82845611024316	3.9930466049477835	25.123322459402708
SRX7101027										8.152524185482047	11.288264986441089	5.486769354480196	20.411712484880425	13.70906983509281	4.425344657250475	24.14612511839991
SRX7101028										9.114929262961194	12.65779046375324	3.074808088998173	18.34416477523893	14.057032532050616	3.7426226086843526	28.257933454581906
SRX7101029										12.250167364661774	10.49441693602344	0.9157249522587211	10.469138051693838	21.817446332520106	1.2047414509744407	28.853509306619447
SRX7101030										10.623821161077984	10.04945315542618	1.265688883330569	14.814309020159047	18.367169157418097	2.2601577286854138	26.769996981747816
SRX7101031										10.932600938024477	9.888997403165037	0.953112816736097	13.15527126099592	19.36186714035477	2.0175438413348115	26.361246749785423
SRX7101032										7.6706858405301865	10.786363769602566	6.905672983127391	19.502583172525938	13.576903042660843	4.830707598121805	22.186407495263193
SRX7101033										7.5683495617971355	11.09872340680683	6.043764164120508	20.23474632682836	13.339429731107325	4.718015658214651	22.952200404284415
SRX7101034										7.41192109014838	11.562963299002101	5.598388070077974	21.412202636893277	12.441695114426924	5.116767766720393	22.936502973046473
SRX7101035										7.64656259314417	7.259282557466706	4.33921986360591	12.320711947964828	16.28090220079517	3.672724553187201	18.614013796355902
SRX7101036										11.618461100437619	7.537024936210575	1.1418981447060972	11.561137213303292	22.21927159832173	2.2474441198878226	24.327598375600203
SRX7101037										11.737432526235901	7.099117444331323	0.6183795470975546	10.218757766953159	23.49202734283841	1.757302064590898	23.02950457108132
SRX7101038										11.674696515517304	7.467903296463827	1.0543529930351818	11.864026272072033	22.33561065490645	2.3789432625669726	24.177528909923662
SRX7101039										9.422557331372628	8.621793673830313	2.683880326869077	15.690935422069463	18.183354902754896	3.9407030767114786	22.706460065598044
SRX7101040										8.819830111232365	8.881326898946853	3.465064038864267	17.22407894579387	17.237643880403958	4.504990114891006	22.501879509562873
SRX7101041										9.4166382286953	8.74802627743282	2.0682499131849106	15.338259300852583	18.114411985929824	3.4048352647127342	23.057326529127973
SRX7551986										9.622512243681888	5.148308926101905	0.4767428520974397	3.1924733635850013	24.56033180441099	0.42264816879612305	19.952042644494767
SRX7551987										9.95978338900905	4.821223655239982	0.20733353528945694	3.103255250587761	25.091050092524025	0.40536477558219974	19.817678890350535
SRX7551988										10.949784912933548	2.1180227244429846	0.0	2.6750388253795587	27.39886511656825	0.0	14.132476667039413
SRX7551989										11.211052588914171	2.625559515416414	0.0	2.6532337966443587	26.91333168649446	0.20387255790489875	16.433071185174974
SRX7551990										9.835198873734226	5.147884543416045	0.5760039113630784	3.7421223084388764	24.841732128342777	0.41004883298031214	19.99518834438746
SRX7551991										9.93309461230867	4.521784521155213	0.5629059333459357	2.8173180795719004	25.85857983871843	0.2583601955289359	18.903752183202656
SRX8694706										9.51127079979725	6.925847662252561	0.6865534369249411	10.039084988364335	23.117124738007877	0.888841503161754	19.21599454950466
SRX8694707										9.715280365773491	7.168041250117549	0.7325728212141245	9.819928837360443	23.043126812037983	1.1043431874706993	19.557703421705526
SRX8694708										10.054929565155877	4.231308734284038	0.0	2.1712593286531168	26.38149712050952	0.1580860615553103	17.990100789065707
SRX8694709										10.19684382825616	4.751942236915682	0.0	2.2187488694305375	26.72653808547516	0.16224938773955636	18.347684614947866
SRX8694710										9.647671039936935	8.46943847106958	1.4187347336977023	13.608228986620619	20.080513745901808	4.168925115717292	20.853419057799677
SRX8694711										9.550815439871101	8.001832416256672	0.5139678519055875	13.022431542735655	20.981193662118823	3.297915619431629	20.43439335073744
SRX8694712										9.221580192248357	8.145374676766789	1.3793867306393592	13.899677860447444	19.791847323867664	4.370490525196628	20.46051027549487
SRX8694713										9.459824769804138	7.648788796982574	0.3058663406201792	13.023751963927364	21.143363241777738	2.2665142936067966	20.32432429490052
SRX8694714										9.275619070887348	8.006684504072313	0.31755301846986184	12.084052586404216	20.937670201735408	3.699512164898697	19.889120406381185
SRX8694715										9.399303953970824	7.825666096533644	0.30333799259916583	12.873402029783138	21.057879495852045	3.2949074573396313	19.903306718712074
SRX8694716										9.577856563806261	8.02045386921554	0.0	12.352462207712115	21.280760840871217	3.1080805413688504	20.52487437219207
SRX8694717										9.401848509791414	8.390500285582577	0.9528528011557631	13.975064999756528	19.95946635710576	3.7304766734451107	20.70963191813805
SRX8694718										9.970940162913058	5.097321591154098	0.0	3.4764841611353168	25.39976762704846	0.0	18.91300503492336
SRX8694719										11.252576717228674	4.850109453351301	0.0	3.3204791645560463	24.98255945178181	0.0	21.391235670660024
SRX8694720										11.627516150190347	5.267672280905646	0.0	2.867757889850886	25.338876828056527	0.0	22.128309753179874
SRX8694721										10.553213075657137	4.899297469087461	0.0	2.8714988525913845	26.041356314998847	0.23617504786325444	19.176616747253654
SRX8694722										11.038630012801933	5.944077027840403	0.0	4.624599766407968	25.448688192442116	0.12307304177775692	21.6977423510161
SRX8694723										10.153481749912935	5.8653549195050285	0.0	4.135624242460724	25.362897912888428	0.0	20.199605958562092
SRX8694724										9.897739317422104	5.362003022612895	0.0	3.8233255978677736	25.353523868537064	0.0	18.99971836154242
SRX8694725										10.120619380543005	5.8708101729943385	0.0	4.331430275170323	24.99776122961843	0.0	19.60126046055146
SRX8694726										9.851973114631216	6.994423555205395	0.0	8.294609510143513	23.179378949145132	0.23077259325316135	21.921649226980097
SRX8694727										10.029788458888076	6.5608507237715	0.0	7.964235477634138	23.386391043438774	0.21898933406883278	22.147016022106452
