Sample	Unassigned: r RNA	Unassigned: Overlapping Length	Unassigned: No Features	Unassigned: Ambiguity	Unassigned: Unmapped	Assigned
SRX14570271	109074.0	463533.0	1384457.0	8608.0	5964306.0	10978460.0
SRX14570272	72369.0	494833.0	1573144.0	10109.0	5537892.0	12420571.0
SRX14570273	70323.0	498084.0	1515217.0	10817.0	5667002.0	12419551.0
SRX14570274	83688.0	596705.0	1762966.0	11570.0	6250360.0	13945283.0
SRX14570275	57324.0	579636.0	1751111.0	11241.0	6380040.0	14296226.0
SRX14570276	57239.0	516624.0	1510347.0	10324.0	6005030.0	13124754.0
SRX14570277	73943.0	708518.0	2070795.0	13628.0	7842006.0	17250414.0
SRX14953908	3225853.0	1111438.0	1778444.0	14176.0	53827072.0	21196691.0
SRX14953909	1093116.0	2370746.0	3866400.0	33273.0	14824302.0	42976261.0
SRX14953910	2691782.0	1601396.0	2388749.0	21858.0	28515228.0	30787655.0
SRX14953911	1182475.0	1989989.0	3100278.0	29583.0	15877516.0	39382389.0
SRX14953912	1640299.0	484874.0	829756.0	6539.0	50849324.0	9066248.0
SRX14953913	1530293.0	1947745.0	4316080.0	22144.0	24555216.0	38100806.0
SRX14953914	1668321.0	298495.0	779782.0	3406.0	48360772.0	6110854.0
SRX14953915	1608303.0	351785.0	809968.0	4246.0	47466556.0	7107502.0
SRX14953916	2906759.0	983173.0	2076691.0	11316.0	40994966.0	19188487.0
SRX14953917	1250581.0	2229763.0	3680278.0	28648.0	18360780.0	41046268.0
SRX14953918	136797.0	2675850.0	4259031.0	36440.0	14043520.0	50091988.0
SRX14953919	2212343.0	884800.0	1399178.0	12188.0	51959642.0	16337049.0
SRX14953920	1782459.0	454528.0	888898.0	4884.0	55735630.0	8699825.0
SRX14953921	1766716.0	1067402.0	1959203.0	11904.0	44596936.0	20996881.0
SRX14953922	1862541.0	386318.0	944639.0	4371.0	63923900.0	7635427.0
SRX14953923	1830569.0	881175.0	1958871.0	10109.0	53018814.0	15980720.0
SRX14953924	485284.0	1827605.0	3970927.0	22242.0	12698926.0	36050102.0
SRX14953925	1064961.0	286786.0	602770.0	3002.0	54399672.0	5176169.0
SRX14953926	1272084.0	1116026.0	2529818.0	11408.0	29232122.0	20040696.0
SRX14953927	2831701.0	576762.0	1497562.0	6258.0	51067144.0	10822701.0
SRX14953928	2077601.0	255441.0	1225770.0	3702.0	64267712.0	5770122.0
SRX14953929	4009900.0	303343.0	1935869.0	4611.0	47493972.0	7516857.0
SRX14953930	2499577.0	1140447.0	6276238.0	15433.0	27494630.0	25916917.0
SRX14953931	1060454.0	129311.0	614715.0	1775.0	40387570.0	2812911.0
SRX14953932	622248.0	54387.0	302286.0	886.0	45719910.0	1279523.0
SRX18804540	29409.0	771612.0	1199821.0	14245.0	5023950.0	14135043.0
SRX18804541	9579.0	793831.0	1275473.0	14884.0	5494802.0	14668399.0
SRX18804542	24399.0	697891.0	937047.0	13494.0	4155536.0	12467861.0
SRX18804543	18746.0	590152.0	1382719.0	9126.0	5342504.0	11187755.0
SRX18804544	12606.0	837553.0	2160068.0	12734.0	7747350.0	15206287.0
SRX18804545	11771.0	732044.0	2097778.0	10514.0	7269892.0	13137365.0
SRX18804546	3130.0	566058.0	1876638.0	8880.0	4523934.0	10795432.0
SRX18804547	15857.0	621925.0	1105485.0	10352.0	5215644.0	13898613.0
SRX18804548	3747.0	685811.0	1389916.0	10480.0	6539400.0	12653168.0
SRX18804549	133818.0	652070.0	686444.0	10411.0	4741120.0	12826139.0
SRX18804550	67968.0	481841.0	1357337.0	8102.0	5305100.0	10258576.0
SRX18804551	91419.0	550534.0	1021161.0	8070.0	4211526.0	10455578.0
SRX18804552	134409.0	331302.0	1347472.0	5770.0	5905634.0	8674359.0
SRX18804553	99202.0	436471.0	1294617.0	7007.0	4684064.0	10489315.0
SRX18804554	70334.0	308436.0	1008331.0	7106.0	4244500.0	10109261.0
SRX19817112	408895.0	237214.0	271458.0	5685.0	15826574.0	5080474.0
SRX19817113	452818.0	223967.0	254321.0	5203.0	14020068.0	4636329.0
SRX19817114	562478.0	288167.0	356794.0	6532.0	13815920.0	5801027.0
SRX19817115	318634.0	241529.0	261192.0	5545.0	15653776.0	4858444.0
SRX19817116	310747.0	253916.0	273164.0	5390.0	15144736.0	4888483.0
SRX19817117	425330.0	327012.0	350498.0	7333.0	14818228.0	6415387.0
SRX2036088	38124513.0	146069.0	3377427.0	2043.0	2979086.0	2219321.0
SRX2036089	35845495.0	151156.0	2802030.0	2101.0	2888433.0	2159994.0
SRX2036090	35968153.0	145533.0	2332749.0	1702.0	2375431.0	2071599.0
SRX2036091	33922103.0	127466.0	2608937.0	1617.0	2592628.0	1683164.0
SRX2036300	1436427.0	1373462.0	3642176.0	10088.0	7571320.0	12844337.0
SRX2036303	1338265.0	1336807.0	3321132.0	8989.0	7358820.0	11257377.0
SRX2036305	2147157.0	1592902.0	3767079.0	10957.0	8801230.0	13776755.0
SRX2036307	727617.0	1695512.0	4277935.0	12159.0	9697796.0	15050985.0
SRX2037533	907149.0	1293138.0	5504166.0	21237.0	5440221.0	23706758.0
SRX2037535	791497.0	1345553.0	5485548.0	22739.0	5722119.0	25160133.0
SRX2037536	3739956.0	1440544.0	4974996.0	29551.0	14750174.0	23693012.0
SRX2037537	5309573.0	1835817.0	6283417.0	35684.0	16467614.0	28541232.0
SRX2037538	1263746.0	1749342.0	8913031.0	31993.0	8485132.0	28637627.0
SRX2037540	1165212.0	1449302.0	7940687.0	24732.0	6807265.0	23197965.0
SRX2037541	1207297.0	1363318.0	8312383.0	24466.0	10283616.0	20885491.0
SRX2037542	1453378.0	1508913.0	9248715.0	28179.0	12155635.0	23800911.0
SRX2037691	3049651.0	1079188.0	3978940.0	9968.0	11483508.0	13932915.0
SRX2037693	8784548.0	845578.0	3538876.0	9022.0	9307020.0	11328818.0
SRX2037695	3699776.0	957204.0	3796317.0	9635.0	8867002.0	11864526.0
SRX2037697	3894799.0	971741.0	4036323.0	10256.0	9278222.0	12549639.0
SRX2037699	2057954.0	1069415.0	3454892.0	8089.0	12245204.0	13047820.0
SRX2037713	2452686.0	1055101.0	4113664.0	8412.0	13775338.0	11819217.0
SRX2037715	3769418.0	968214.0	4235033.0	9932.0	13431060.0	12073895.0
SRX2037717	5761615.0	669414.0	2932579.0	7370.0	7713832.0	8959822.0
SRX2116174	2189144.0	87110.0	288200.0	1069.0	3250662.0	1453203.0
SRX2116175	2243059.0	77629.0	288999.0	1020.0	3851506.0	1337137.0
SRX2116176	2000754.0	168803.0	232905.0	1795.0	1810742.0	2719141.0
SRX21659709	3637729.0	402722.0	1065479.0	6979.0	4069058.0	11283339.0
SRX21659710	2654110.0	487409.0	984666.0	8326.0	4651446.0	13611687.0
SRX21659711	8685666.0	947885.0	2406796.0	17393.0	9562520.0	28554388.0
SRX22720559	412148.0	1454869.0	1934733.0	21789.0	6396036.0	26062205.0
SRX22720560	440628.0	1428434.0	1909429.0	22510.0	6257946.0	26165129.0
SRX22720561	211313.0	1366649.0	2394858.0	19066.0	5963654.0	26241630.0
SRX22720562	345390.0	1321235.0	2668455.0	20062.0	6112056.0	25602824.0
SRX22720563	292737.0	1359053.0	2317028.0	19565.0	6257016.0	25835067.0
SRX22720564	347571.0	1384331.0	2126231.0	19182.0	6073072.0	26340033.0
SRX22720565	466316.0	1300704.0	2183693.0	21272.0	6398086.0	25733613.0
SRX22720566	381931.0	1323465.0	2148664.0	21856.0	6836080.0	25515170.0
SRX22720567	351070.0	1327387.0	2111677.0	20416.0	6062450.0	26173812.0
SRX22720568	363004.0	1350469.0	2163214.0	19747.0	6113690.0	26062976.0
SRX22720569	681638.0	1293320.0	2234947.0	21765.0	6253634.0	25693434.0
SRX22720570	341382.0	1293960.0	2325758.0	21502.0	6273310.0	25979656.0
SRX22720571	152897.0	1577717.0	2103696.0	20735.0	5940614.0	26471545.0
SRX22720572	111597.0	1480218.0	3054043.0	19708.0	5772394.0	25691774.0
SRX22720574	290308.0	1436532.0	1909897.0	24158.0	6813982.0	25687523.0
SRX22720575	337661.0	1423473.0	1820734.0	23340.0	6747748.0	25673750.0
SRX22720576	260309.0	1528871.0	1920870.0	21475.0	5999718.0	26357333.0
SRX22720577	590735.0	1432091.0	1834400.0	23165.0	6090000.0	26196677.0
SRX22720578	311494.0	1479818.0	1787164.0	24276.0	6075912.0	26390002.0
SRX22720579	220937.0	1514527.0	1925331.0	22752.0	6174296.0	26330731.0
SRX3316529	94846.0	2738414.0	6025845.0	29911.0	15104922.0	44381376.0
SRX3316530	106042.0	2372902.0	2963286.0	35414.0	7730120.0	41326448.0
SRX3316531	86571.0	2408979.0	3410417.0	33137.0	9080390.0	39750330.0
SRX3316532	81828.0	2536593.0	3581287.0	29286.0	10329852.0	45994388.0
SRX3316533	61301.0	2366585.0	4207901.0	33247.0	11613888.0	43733826.0
SRX3316534	58032.0	2086315.0	3373921.0	25939.0	10252232.0	37644333.0
SRX3316535	51407.0	2461841.0	3269505.0	28095.0	9408758.0	40973942.0
SRX3316536	697021.0	1787084.0	6941182.0	22731.0	14525730.0	30203030.0
SRX3316537	37681.0	2243094.0	4283916.0	21216.0	11346090.0	37299183.0
SRX3316538	80779.0	2328657.0	3021044.0	29094.0	8993862.0	39195926.0
SRX3316539	62893.0	2123117.0	2846696.0	23518.0	7939208.0	36346478.0
SRX3316540	62841.0	2409109.0	3464457.0	27694.0	9823940.0	43163193.0
SRX3316541	86015.0	2860146.0	3788851.0	25854.0	10465166.0	43157758.0
SRX3316542	72106.0	2510055.0	3234967.0	25215.0	8460014.0	39664007.0
SRX3316543	95362.0	2742117.0	3329582.0	37661.0	8910404.0	45144632.0
SRX3316544	67892.0	2148428.0	2901172.0	26747.0	7644886.0	34914301.0
SRX3316545	171815.0	1924107.0	2576394.0	26074.0	7770036.0	33816184.0
SRX3316546	146804.0	2282425.0	3116410.0	35395.0	8335472.0	41202916.0
SRX3316547	203380.0	1689570.0	2294486.0	21354.0	7422634.0	31730134.0
SRX3316548	139286.0	1914216.0	2265202.0	19050.0	7631844.0	35183738.0
SRX3316549	78713.0	1957383.0	2422919.0	21977.0	6855944.0	34424290.0
SRX3316550	90634.0	2350040.0	3353345.0	27858.0	8338162.0	40981507.0
SRX3316551	457439.0	1745626.0	4039953.0	28555.0	11474716.0	40802971.0
SRX3316552	74969.0	2458772.0	3281863.0	18918.0	9390972.0	38167856.0
SRX3316553	82980.0	2273934.0	2802892.0	22856.0	8721358.0	35887326.0
SRX3316554	57948.0	2243945.0	3575130.0	18196.0	10037708.0	35344919.0
SRX3316555	78583.0	1835170.0	3254113.0	21906.0	8621116.0	31257708.0
SRX3316556	34370.0	2277100.0	3053621.0	19263.0	8466872.0	33952048.0
SRX3316557	88281.0	2321725.0	3120468.0	29532.0	8420422.0	38716846.0
SRX3316558	233552.0	1889701.0	2713698.0	24202.0	6966468.0	32969729.0
SRX3316559	463784.0	2386847.0	3117058.0	25579.0	8872364.0	36766454.0
SRX3316560	863945.0	1767232.0	3261942.0	19709.0	9989128.0	36317260.0
SRX3316561	171014.0	2098527.0	3603264.0	26842.0	10781934.0	37018715.0
SRX3316625	39154.0	2200453.0	2532562.0	17708.0	8559196.0	36628345.0
SRX3316626	51573.0	2063477.0	2887088.0	24244.0	8650942.0	35097950.0
SRX3316627	26976.0	2190196.0	2591369.0	16902.0	9185788.0	36669609.0
SRX3316628	81567.0	2293170.0	3106156.0	27301.0	8431172.0	36705828.0
SRX3316629	65643.0	2008272.0	2654928.0	25366.0	7498818.0	34663769.0
SRX3316630	81636.0	2864933.0	3623412.0	30748.0	9505904.0	44342107.0
SRX3316631	84514.0	2617405.0	3229811.0	28880.0	8474766.0	41807012.0
SRX3316632	123932.0	1926769.0	2337588.0	17234.0	7964680.0	34960365.0
SRX3316633	68579.0	1946979.0	2765161.0	23971.0	8220102.0	34347448.0
SRX3316634	32988.0	2404518.0	3220191.0	24429.0	8177560.0	35507288.0
SRX3316735	2318941.0	2395137.0	3193287.0	26107.0	4483486.0	44908158.0
SRX3316736	157823.0	3058286.0	3933726.0	34098.0	2836790.0	52566123.0
SRX3316737	211515.0	3149693.0	4383759.0	37051.0	3640098.0	53863784.0
SRX3316738	199547.0	2952650.0	4415072.0	34306.0	2299748.0	49393823.0
SRX3316739	46940.0	2385949.0	3160025.0	25175.0	2835120.0	42489359.0
SRX3316740	32920.0	1233357.0	2517826.0	10238.0	5830498.0	29936115.0
SRX3316741	4966929.0	3532936.0	5416172.0	36784.0	3378878.0	58910013.0
SRX3316742	51518.0	2960820.0	3798742.0	31859.0	2352680.0	49494017.0
SRX3316743	49127.0	2879455.0	3946294.0	31861.0	2916312.0	48679121.0
SRX3316744	23863.0	407594.0	1137282.0	3936.0	3217006.0	10950399.0
SRX3316745	131988.0	1049724.0	3865417.0	10728.0	8051150.0	32824631.0
SRX3316746	116502.0	1038454.0	3157156.0	10219.0	8795930.0	31041713.0
SRX3316747	144040.0	2070015.0	3006636.0	21798.0	5060180.0	43813645.0
SRX3316748	57862.0	2659520.0	3628611.0	29300.0	2388802.0	44333035.0
SRX3316749	69322.0	1940091.0	2748806.0	18793.0	4946582.0	40405294.0
SRX3316750	54197.0	2680327.0	3567031.0	29477.0	2832684.0	45705528.0
SRX3316751	61020.0	2213982.0	3103934.0	26149.0	2960884.0	35270257.0
SRX3316752	31063.0	1795328.0	2489634.0	20653.0	1965346.0	29040226.0
SRX3316753	49987.0	2280823.0	3073199.0	27727.0	2665832.0	37334090.0
SRX3316754	84003.0	2026718.0	2882219.0	24500.0	2118206.0	33394258.0
SRX3316755	32318.0	2492426.0	3534035.0	29848.0	3328504.0	42626213.0
SRX3316756	33698.0	1937121.0	2768286.0	23225.0	2130156.0	31632348.0
SRX3316757	46032.0	2087161.0	3018672.0	24460.0	2299484.0	33930035.0
SRX3316758	30334.0	2547360.0	3752249.0	29514.0	2869378.0	43236309.0
SRX3411505	9436150.0	35119.0	65080.0	187.0	5732424.0	359070.0
SRX3411506	4998977.0	29534.0	64809.0	106.0	4308938.0	362364.0
SRX3411507	6109343.0	30830.0	35937.0	82.0	5278520.0	388814.0
SRX3411508	6095507.0	21989.0	33138.0	110.0	3346980.0	240758.0
SRX3411509	6348286.0	21657.0	29796.0	182.0	4127690.0	260021.0
SRX3411510	3390863.0	17927.0	25628.0	74.0	7397988.0	217064.0
SRX3411511	5779977.0	19649.0	32282.0	93.0	7140442.0	227889.0
SRX3411512	3965957.0	13437.0	20785.0	63.0	4184014.0	158342.0
SRX3411513	4732571.0	23980.0	28848.0	104.0	5450754.0	306221.0
SRX3411514	302330.0	31414.0	390706.0	1097.0	7992566.0	240785.0
SRX3411515	258848.0	18925.0	247437.0	532.0	7601590.0	114204.0
SRX3411516	447519.0	25683.0	306935.0	525.0	10447430.0	182140.0
SRX3411517	1301363.0	23263.0	71067.0	344.0	9341702.0	194485.0
SRX3411518	150859.0	51534.0	73501.0	1024.0	5441820.0	310932.0
SRX3411519	209350.0	26751.0	38739.0	556.0	6068606.0	149196.0
SRX3411520	1540907.0	15260.0	82166.0	62.0	5129486.0	141283.0
SRX3411521	680796.0	17144.0	419858.0	1329.0	9153570.0	221063.0
SRX3411522	323960.0	65896.0	50306.0	300.0	7369072.0	274370.0
SRX3411523	431120.0	36752.0	33793.0	660.0	8319948.0	221373.0
SRX3411524	3743384.0	22049.0	38358.0	123.0	8433120.0	213700.0
SRX3411525	459422.0	10932.0	213863.0	115.0	7948162.0	55222.0
SRX3541437	3218126.0	1113618.0	1772179.0	14395.0	53426380.0	21136986.0
SRX3541438	1090464.0	2372520.0	3854377.0	33893.0	14253680.0	42858466.0
SRX3541439	2684080.0	1602235.0	2379184.0	22184.0	28064578.0	30685843.0
SRX3541440	1179755.0	1991978.0	3090022.0	30537.0	15643888.0	39277104.0
SRX3541441	1636294.0	485444.0	826913.0	6742.0	50544802.0	9040965.0
SRX3541442	1525833.0	1953403.0	4295413.0	21889.0	24187276.0	37980736.0
SRX3541443	1663722.0	299246.0	776276.0	3309.0	47905510.0	6091651.0
SRX3541444	1604534.0	350933.0	808074.0	4239.0	47190996.0	7090198.0
SRX3541445	2899951.0	986185.0	2067721.0	11212.0	40579074.0	19135775.0
SRX3541446	1825074.0	887078.0	1948634.0	10083.0	52537688.0	15923483.0
SRX3541447	1063841.0	288967.0	600992.0	2986.0	53985510.0	5165632.0
SRX3541448	1270580.0	1125301.0	2520729.0	11348.0	28811522.0	19999434.0
SRX3541449	2071414.0	257117.0	1220702.0	3597.0	63573930.0	5751444.0
SRX3541450	4001805.0	304916.0	1930755.0	4534.0	47072182.0	7499522.0
SRX3541451	2496252.0	1150526.0	6260309.0	15353.0	27215512.0	25870456.0
SRX3541452	1058861.0	130425.0	612952.0	1703.0	40141610.0	2807813.0
SRX3541453	621262.0	54285.0	301876.0	890.0	45381126.0	1277407.0
SRX5252024	108465.0	572897.0	3934609.0	6752.0	2032255.0	7043174.0
SRX5252025	29172.0	663923.0	1227578.0	9995.0	2037427.0	8055171.0
SRX5252026	19869.0	467614.0	880492.0	7907.0	1822136.0	5818814.0
SRX5252027	30797.0	469091.0	3209258.0	5454.0	1728960.0	5895531.0
SRX5252028	57532.0	626163.0	3835162.0	7801.0	2251009.0	8284452.0
SRX5252029	92263.0	543026.0	909851.0	8234.0	1640725.0	6757966.0
SRX5252030	30106.0	600507.0	1074207.0	9797.0	1985111.0	7697478.0
SRX5252031	34230.0	449202.0	1826897.0	4793.0	1242705.0	6271547.0
SRX5252032	49122.0	576669.0	3658182.0	7150.0	2091227.0	7312905.0
SRX5252033	49543.0	656592.0	3867450.0	7742.0	2215514.0	8929696.0
SRX5252034	40546.0	437219.0	2657025.0	5141.0	1822320.0	5757083.0
SRX5252035	30349.0	510195.0	2673058.0	5964.0	1459394.0	7487167.0
SRX5252036	23409.0	593244.0	1050940.0	9635.0	2037647.0	7349785.0
SRX5252037	40347.0	557535.0	952221.0	8832.0	1788300.0	7072025.0
SRX5252038	21100.0	354993.0	2127930.0	4615.0	1748655.0	4869654.0
SRX5252039	26806.0	407203.0	709559.0	6679.0	1445597.0	4997220.0
SRX5252040	226377.0	670964.0	3179282.0	8313.0	2158756.0	8978731.0
SRX5252041	22351.0	508063.0	929377.0	8783.0	1819760.0	6371824.0
SRX5252042	26322.0	555242.0	1005912.0	8981.0	1793230.0	7096919.0
SRX5252043	19022.0	481123.0	831165.0	7711.0	2219358.0	6141230.0
SRX5252044	33836.0	516146.0	913939.0	8482.0	1786298.0	6462679.0
SRX5252045	29244.0	695331.0	1234076.0	10812.0	2257047.0	8520539.0
SRX5252046	18087.0	440678.0	817888.0	7460.0	1568553.0	5444355.0
SRX5252047	16539.0	358750.0	674722.0	5705.0	1593430.0	4512910.0
SRX5252048	29385.0	541074.0	992711.0	8855.0	1873836.0	6682434.0
SRX5252049	34721.0	610860.0	1120010.0	10544.0	2381467.0	7908434.0
SRX5252050	29299.0	497990.0	935355.0	8684.0	1938113.0	6227653.0
SRX5252051	22509.0	407589.0	776500.0	6776.0	1951058.0	5104723.0
SRX5252052	31223.0	594657.0	1015345.0	9427.0	2183374.0	7285948.0
SRX5252053	51340.0	678541.0	4168476.0	7976.0	2347248.0	8131219.0
SRX5252054	67681.0	480536.0	3189739.0	5446.0	1836369.0	5646410.0
SRX5252055	26446.0	635122.0	3745712.0	6894.0	2131525.0	6985394.0
SRX5252056	45012.0	684586.0	4084488.0	7890.0	2229898.0	8712858.0
SRX5252057	47967.0	632534.0	3715689.0	7071.0	2010341.0	7655133.0
SRX5252058	45487.0	828549.0	2787185.0	8833.0	1910753.0	10215224.0
SRX5252059	61251.0	673175.0	2561587.0	8692.0	1667316.0	10491842.0
SRX5252060	35496.0	590830.0	1114594.0	9548.0	1985289.0	7196101.0
SRX5252061	70479.0	574156.0	3380262.0	6734.0	1994461.0	7275733.0
SRX5329169	1608303.0	351782.0	809967.0	4246.0	47466770.0	7107496.0
SRX5329170	1182473.0	1989993.0	3100271.0	29583.0	15877736.0	39382350.0
SRX5329171	1250581.0	2229760.0	3680239.0	28648.0	18360860.0	41046308.0
SRX5329172	1530293.0	1947737.0	4316063.0	22144.0	24555416.0	38100819.0
SRX5329173	1064961.0	286785.0	602771.0	3002.0	54399840.0	5176169.0
SRX5329174	136797.0	2675844.0	4259036.0	36439.0	14043764.0	50091984.0
SRX5329175	2691782.0	1601398.0	2388692.0	21858.0	28515402.0	30787698.0
SRX5329176	1782459.0	454528.0	888901.0	4884.0	55735798.0	8699820.0
SRX5329177	1093116.0	2370756.0	3866378.0	33273.0	14824370.0	42976271.0
SRX5329178	1668321.0	298490.0	779784.0	3406.0	48360956.0	6110855.0
SRX5329179	1640299.0	484874.0	829751.0	6539.0	50849520.0	9066243.0
SRX5329180	1830567.0	881173.0	1958877.0	10109.0	53018906.0	15980708.0
SRX5329181	2499577.0	1140451.0	6276273.0	15433.0	27494822.0	25916874.0
SRX5329182	485284.0	1827598.0	3970922.0	22242.0	12699108.0	36050094.0
SRX5329183	2076524.0	1669257.0	6397536.0	21496.0	29828770.0	36199175.0
SRX5329184	3225853.0	1111444.0	1778426.0	14176.0	53827174.0	21196701.0
SRX5329185	1060454.0	129306.0	614717.0	1775.0	40387700.0	2812914.0
SRX5329186	622252.0	54387.0	302289.0	886.0	45720048.0	1279518.0
SRX5329187	1272084.0	1116022.0	2529816.0	11408.0	29232252.0	20040704.0
SRX5329188	2906753.0	983175.0	2076681.0	11315.0	40995206.0	19188484.0
SRX5329189	4009898.0	303338.0	1935873.0	4611.0	47494178.0	7516850.0
SRX5329190	2077601.0	255447.0	1225772.0	3702.0	64267806.0	5770112.0
SRX5329191	1862541.0	386323.0	944646.0	4371.0	63923986.0	7635415.0
SRX5329192	2831699.0	576760.0	1497566.0	6258.0	51067226.0	10822695.0
SRX5329193	1766714.0	1067404.0	1959202.0	11904.0	44597022.0	20996874.0
SRX5329194	2212341.0	884814.0	1399179.0	12188.0	51959752.0	16337026.0
SRX6700162	364072.0	3663591.0	4272922.0	39070.0	13678674.0	52184599.0
SRX6700163	135416.0	3590346.0	4851903.0	39908.0	10499632.0	48756491.0
SRX6700164	652374.0	4143440.0	4944050.0	41934.0	14901300.0	58112740.0
SRX6700165	155234.0	3829965.0	7105467.0	41853.0	15713944.0	57730023.0
SRX6700166	618138.0	3314929.0	4943946.0	29933.0	15583154.0	48477080.0
SRX6700168	336073.0	3517904.0	5160083.0	35630.0	17277220.0	53108238.0
SRX6700169	641917.0	2976123.0	4491511.0	28761.0	15928708.0	46105542.0
SRX6700170	268754.0	3483178.0	5677496.0	35798.0	17806616.0	54692068.0
SRX6700171	739033.0	2493842.0	10731845.0	38353.0	22923484.0	51603529.0
SRX6700172	346154.0	2465973.0	9759519.0	37440.0	21330950.0	46392352.0
SRX6700173	567478.0	2021417.0	9159050.0	29918.0	19162180.0	39013031.0
SRX6700174	710017.0	4308291.0	5035834.0	47202.0	13957030.0	57747666.0
SRX6700175	521631.0	3681637.0	4146769.0	39756.0	13379984.0	51140955.0
SRX6700176	232652.0	4706182.0	5267055.0	46682.0	14836428.0	57255439.0
SRX6700177	158649.0	2917680.0	3767556.0	26593.0	11553726.0	40026646.0
SRX6700178	174641.0	2744072.0	3247839.0	27153.0	12039322.0	40154049.0
SRX6700179	5601878.0	3091128.0	3787494.0	27700.0	22196876.0	45809060.0
SRX6700180	11428987.0	2740964.0	3716932.0	25769.0	33165352.0	44906058.0
SRX6700181	319040.0	2965205.0	3949124.0	27376.0	14373718.0	45833931.0
SRX6700182	8288847.0	2764601.0	3993475.0	25018.0	25916474.0	46756099.0
SRX6700183	671978.0	1545262.0	8480834.0	25778.0	15676516.0	33800418.0
SRX6700184	1905874.0	2149678.0	9724872.0	33471.0	22333012.0	43854935.0
SRX6700185	1379494.0	1906317.0	9761484.0	33312.0	20066944.0	44011663.0
SRX6922015	8109.0	781153.0	901327.0	11147.0	6218892.0	10984520.0
SRX6922016	4028.0	446228.0	443513.0	6716.0	3807690.0	6924001.0
SRX6922017	4920.0	893286.0	973349.0	13541.0	6535748.0	13025066.0
SRX6922018	5386.0	686265.0	766677.0	10250.0	4795218.0	9928194.0
SRX6922019	6610.0	1102556.0	1278526.0	6383.0	10455174.0	16126245.0
SRX6922020	4789.0	661059.0	845324.0	4323.0	6768886.0	9434133.0
SRX6922021	6839.0	823323.0	1044162.0	5634.0	8278956.0	11751830.0
SRX6922023	6257.0	740726.0	790736.0	11569.0	5103038.0	11095144.0
SRX6922024	8026.0	838237.0	926741.0	12169.0	5329480.0	12019051.0
SRX6922025	8073.0	830338.0	912223.0	12106.0	5434356.0	11628328.0
SRX6922026	11429.0	996067.0	1146179.0	16195.0	7405560.0	14279106.0
SRX6922027	10156.0	989198.0	1159258.0	16543.0	7366102.0	14393437.0
SRX6922028	6430.0	834383.0	933924.0	13350.0	6132998.0	11986053.0
SRX6922029	9428.0	809226.0	903539.0	11720.0	5562602.0	11548679.0
SRX7101023	2457427.0	3298921.0	3712837.0	45937.0	14472706.0	52639174.0
SRX7101024	740800.0	3279375.0	3788189.0	45638.0	10226780.0	52224154.0
SRX7101025	901182.0	3352267.0	3819639.0	46586.0	10850696.0	53252398.0
SRX7101026	996347.0	2660790.0	3826258.0	24696.0	9275310.0	46950643.0
SRX7101027	908164.0	2934347.0	4957603.0	26649.0	10301462.0	52618439.0
SRX7101028	618458.0	2950412.0	5239152.0	28950.0	10929120.0	56687452.0
SRX7101029	384620.0	3568864.0	4765906.0	48010.0	13933516.0	58954986.0
SRX7101030	360753.0	3184444.0	3906357.0	38831.0	12694846.0	52151891.0
SRX7101031	389201.0	3075270.0	3930752.0	38806.0	12506144.0	49943723.0
SRX7101032	562426.0	3127005.0	7192365.0	25133.0	13819648.0	51700585.0
SRX7101033	321305.0	3538474.0	5402264.0	24286.0	12777508.0	53530591.0
SRX7101034	2335828.0	3501578.0	5586282.0	25136.0	14951508.0	53826752.0
SRX7101035	540106.0	2292230.0	9748793.0	17780.0	22890832.0	32797369.0
SRX7101036	561071.0	1982529.0	33088703.0	24650.0	15742573.0	27750160.0
SRX7101037	82854.0	1618968.0	28603384.0	22453.0	16248168.0	24710403.0
SRX7101038	173518.0	2013879.0	34224602.0	26946.0	14141944.0	29229613.0
SRX7101039	193247.0	1912168.0	34279110.0	18588.0	14931815.0	29578800.0
SRX7101040	205012.0	2043957.0	36084128.0	20347.0	13687642.0	30938653.0
SRX7101041	857895.0	1553257.0	28842923.0	15370.0	13879616.0	24469584.0
SRX7551986	7682.0	563237.0	732980.0	10399.0	3613416.0	8577378.0
SRX7551987	12743.0	553746.0	599122.0	10114.0	3504804.0	8154493.0
SRX7551988	62612.0	364774.0	457850.0	5887.0	2234594.0	5396285.0
SRX7551989	38472.0	500389.0	643873.0	8235.0	3113650.0	7279359.0
SRX7551990	30874.0	498254.0	692380.0	8644.0	3106252.0	7719546.0
SRX7551991	12163.0	465443.0	547365.0	7586.0	2807912.0	6697263.0
SRX8694706	34284.0	200635.0	328616.0	3030.0	2037978.0	5055347.0
SRX8694707	31659.0	227435.0	358974.0	3824.0	2354854.0	5804780.0
SRX8694708	54952.0	241770.0	375569.0	3785.0	2319912.0	5758866.0
SRX8694709	65722.0	228625.0	351232.0	3458.0	2144496.0	5692153.0
SRX8694710	69498.0	374238.0	422801.0	4926.0	2312574.0	7446611.0
SRX8694711	111554.0	287823.0	345514.0	4014.0	1771976.0	5814727.0
SRX8694712	36939.0	339209.0	336029.0	5706.0	2330996.0	6863765.0
SRX8694713	42151.0	244275.0	277604.0	4942.0	1725270.0	5442764.0
SRX8694714	37213.0	282162.0	311275.0	4945.0	1898346.0	5828925.0
SRX8694715	59169.0	324628.0	401296.0	4883.0	2077810.0	5996598.0
SRX8694716	166327.0	301242.0	367432.0	4359.0	1811328.0	5607580.0
SRX8694717	93500.0	367193.0	459725.0	5509.0	2181786.0	6804833.0
SRX8694718	40697.0	243824.0	292524.0	4777.0	2097080.0	5835552.0
SRX8694719	385463.0	293346.0	357676.0	4488.0	1775518.0	5475037.0
SRX8694720	71940.0	252307.0	265891.0	4368.0	1558832.0	5343582.0
SRX8694721	51199.0	311558.0	354760.0	3631.0	1951554.0	5676466.0
SRX8694722	47917.0	330360.0	360072.0	4144.0	2088470.0	6565647.0
SRX8694723	21165.0	240013.0	287850.0	5000.0	1999138.0	6055292.0
SRX8694724	43183.0	249547.0	291922.0	4408.0	2070002.0	5775528.0
SRX8694725	103199.0	250398.0	283418.0	4553.0	2073124.0	6056696.0
SRX8694726	50939.0	265710.0	300927.0	5563.0	2395196.0	7422001.0
SRX8694727	47851.0	270335.0	355383.0	6115.0	2475872.0	7650592.0
